  
  
1.039 2.137 58
1.045 2.149 146
1.045 2.164 235
1.045 2.149 324
1.044 2.149 413
1.045 2.149 502
1.045 2.149 591
1.045 2.149 680
1.045 2.164 769
1.045 2.149 858
1.045 2.164 947
1.045 2.164 1036
1.044 2.149 1125
1.045 2.149 1214
1.045 2.164 1303
1.045 2.146 1392
1.045 2.149 1481
1.045 2.149 1570
1.045 2.164 1659
1.044 2.149 1748
1.045 2.146 1837
1.045 2.146 1926
1.045 2.146 2015
1.045 2.164 2104
1.044 2.149 2193
1.044 2.149 2282
1.045 2.149 2371
1.045 2.152 2460
1.045 2.149 2549
1.044 2.143 2638
1.045 2.149 2727
1.045 2.152 2816
1.045 2.149 2905
1.045 2.149 2994
1.045 2.149 3083
1.044 2.149 3172
1.045 2.149 3261
1.045 2.146 3350
1.044 2.149 3439
1.045 2.146 3528
1.044 2.149 3617
1.045 2.146 3706
1.045 2.140 3795
1.044 2.149 3884
1.045 2.140 3973
1.045 2.149 4062
1.045 2.146 4151
1.044 2.149 4240
1.045 2.146 4329
1.045 2.149 4418
1.045 2.137 4507
1.045 2.140 4596
1.044 2.137 4685
1.044 2.137 4774
1.045 2.137 4863
1.045 2.140 4952
1.045 2.137 5041
1.044 2.149 5130
1.045 2.140 5219
1.044 2.149 5308
1.045 2.140 5397
1.045 2.137 5486
1.045 2.137 5575
1.044 2.137 5664
1.045 2.146 5753
1.045 2.140 5842
1.045 2.149 5931
1.045 2.137 6020
1.044 2.137 6109
1.045 2.123 6198
1.045 2.140 6287
1.044 2.137 6376
1.045 2.140 6465
1.045 2.137 6554
1.045 2.137 6643
1.045 2.140 6732
1.045 2.137 6821
1.045 2.137 6910
1.044 2.126 6999
1.043 2.126 7088
1.043 2.137 7177
1.045 2.126 7266
1.044 2.137 7355
1.045 2.137 7444
1.045 2.137 7533
1.045 2.137 7622
1.045 2.140 7711
1.045 2.140 7800
1.045 2.140 7889
1.044 2.137 7978
1.044 2.126 8067
1.045 2.140 8156
1.044 2.126 8245
1.044 2.137 8334
1.045 2.123 8423
1.045 2.140 8512
1.044 2.126 8601
1.045 2.123 8690
1.045 2.137 8779
1.045 2.123 8868
1.045 2.140 8957
1.045 2.123 9046
1.044 2.126 9135
1.045 2.137 9224
1.045 2.123 9313
1.044 2.126 9402
1.044 2.126 9491
1.044 2.126 9580
1.044 2.126 9669
1.044 2.137 9758
1.045 2.126 9847
1.044 2.126 9936
1.045 2.126 10025
1.045 2.126 10114
1.044 2.126 10203
1.044 2.126 10292
1.044 2.126 10381
1.045 2.123 10470
1.044 2.126 10559
1.045 2.123 10648
1.045 2.123 10737
1.045 2.123 10826
1.045 2.123 10915
1.044 2.126 11004
1.045 2.126 11093
1.044 2.126 11182
1.044 2.126 11271
1.044 2.126 11360
1.044 2.126 11449
1.045 2.126 11538
1.045 2.117 11627
1.044 2.126 11716
1.045 2.117 11805
1.044 2.126 11894
1.044 2.126 11983
1.044 2.126 12072
1.044 2.126 12161
1.045 2.123 12250
1.044 2.126 12339
1.044 2.126 12428
1.045 2.117 12517
1.044 2.114 12606
1.045 2.117 12695
1.044 2.126 12784
1.045 2.126 12873
1.044 2.126 12962
1.045 2.123 13051
1.045 2.123 13140
1.044 2.114 13229
1.045 2.123 13318
1.044 2.126 13407
1.044 2.126 13496
1.044 2.126 13585
1.044 2.114 13674
1.044 2.126 13763
1.045 2.123 13852
1.045 2.123 13941
1.044 2.114 14030
1.044 2.114 14119
1.045 2.126 14208
1.044 2.114 14297
1.045 2.126 14386
1.045 2.117 14475
1.045 2.126 14564
1.044 2.114 14653
1.045 2.126 14742
1.044 2.126 14831
1.045 2.126 14920
1.045 2.117 15009
1.044 2.114 15098
1.045 2.117 15187
1.045 2.114 15276
1.045 2.117 15365
1.044 2.114 15454
1.044 2.114 15543
1.044 2.114 15632
1.045 2.117 15721
1.045 2.117 15810
1.045 2.117 15899
1.044 2.114 15988
1.045 2.117 16077
1.045 2.126 16166
1.045 2.114 16255
1.045 2.126 16344
1.045 2.120 16433
1.045 2.117 16522
1.043 2.102 16611
1.043 2.102 16700
1.044 2.102 16789
1.045 2.117 16878
1.044 2.114 16967
1.045 2.117 17056
1.044 2.114 17145
1.044 2.114 17234
1.045 2.114 17323
1.045 2.117 17412
1.045 2.102 17501
1.045 2.102 17590
1.045 2.117 17679
1.043 2.102 17768
1.044 2.102 17857
1.044 2.102 17946
1.044 2.102 18035
1.044 2.102 18124
1.044 2.114 18213
1.045 2.117 18302
1.044 2.102 18391
1.044 2.102 18480
1.045 2.117 18569
1.044 2.102 18658
1.044 2.114 18747
1.044 2.102 18836
1.045 2.117 18925
1.044 2.102 19014
1.044 2.102 19103
1.044 2.102 19192
1.045 2.117 19281
1.045 2.117 19370
1.044 2.102 19459
1.045 2.102 19548
1.044 2.102 19637
1.045 2.114 19726
1.045 2.102 19815
1.045 2.117 19904
1.045 2.102 19993
