  
0.000 0.000 1
0.004 -0.000 52
0.004 -0.000 104
0.004 -0.000 156
0.005 -0.000 208
0.002 0.011 260
0.004 -0.000 312
0.004 -0.000 364
0.004 -0.000 416
0.004 -0.000 468
0.004 -0.000 520
0.004 -0.000 572
0.004 -0.000 624
0.004 -0.000 676
0.004 -0.000 728
0.004 -0.000 780
0.004 -0.000 832
0.004 -0.000 884
0.004 -0.000 936
0.004 -0.000 988
0.004 -0.000 1040
0.004 -0.000 1092
0.004 -0.000 1144
0.004 -0.000 1196
0.004 -0.000 1248
0.004 -0.000 1300
0.005 -0.000 1352
0.004 -0.000 1404
0.004 -0.000 1456
0.004 -0.000 1508
0.004 -0.000 1560
0.004 -0.000 1612
0.004 -0.000 1664
0.004 -0.000 1716
0.004 -0.000 1768
0.004 -0.000 1820
0.004 -0.000 1872
0.004 -0.000 1924
0.004 -0.000 1976
0.005 -0.000 2028
0.004 -0.000 2080
0.004 -0.000 2132
0.005 -0.000 2184
0.002 -0.018 2236
0.002 0.011 2288
0.004 0.017 2340
0.006 0.005 2392
0.005 -0.000 2444
0.006 0.005 2496
0.004 -0.000 2548
0.005 -0.000 2600
0.006 0.008 2652
0.006 0.005 2704
0.008 0.023 2756
0.006 0.005 2808
0.004 -0.000 2860
0.008 0.023 2912
0.009 0.023 2964
0.006 0.005 3016
0.005 -0.000 3068
0.007 0.011 3120
0.007 0.017 3172
0.007 0.008 3224
0.005 0.005 3276
0.006 0.005 3328
0.006 0.008 3380
0.007 0.008 3432
0.009 0.029 3484
0.006 0.008 3536
0.005 0.023 3588
0.006 0.035 3640
0.007 0.011 3692
0.006 0.005 3744
0.006 0.005 3796
0.005 -0.000 3848
0.006 0.005 3900
0.004 -0.000 3952
0.004 -0.000 4004
0.004 -0.000 4056
0.004 -0.000 4108
0.004 -0.006 4160
0.004 -0.000 4212
0.004 -0.000 4264
0.004 -0.000 4316
0.004 -0.000 4368
0.004 -0.000 4420
0.004 -0.000 4472
0.004 -0.000 4524
0.003 -0.000 4576
0.004 -0.000 4628
0.003 -0.006 4680
0.004 -0.000 4732
0.004 -0.000 4784
0.004 -0.000 4836
0.004 -0.000 4888
0.005 -0.000 4940
0.007 0.017 4992
0.007 0.017 5044
0.006 0.011 5096
0.005 0.005 5148
0.006 0.005 5200
0.006 0.005 5252
0.006 0.005 5304
0.007 0.008 5356
0.005 0.005 5408
0.008 0.017 5460
0.006 0.005 5512
0.006 0.005 5564
0.005 -0.000 5616
0.005 -0.000 5668
0.004 -0.006 5720
0.004 -0.000 5772
0.005 0.005 5824
0.006 0.005 5876
0.008 0.017 5928
0.006 0.023 5980
0.008 0.017 6032
0.006 0.008 6084
0.006 0.005 6136
0.007 0.017 6188
0.006 0.011 6240
0.007 0.017 6292
0.008 0.023 6344
0.002 0.011 6396
0.008 0.017 6448
0.005 0.023 6500
0.006 0.005 6552
0.008 0.017 6604
0.005 -0.000 6656
0.006 0.005 6708
0.007 0.008 6760
0.007 0.017 6812
0.007 0.017 6864
0.006 0.005 6916
0.007 0.017 6968
0.004 -0.000 7020
0.004 -0.000 7072
0.006 0.008 7124
0.007 0.017 7176
0.007 0.005 7228
0.002 0.011 7280
0.008 0.023 7332
0.008 0.023 7384
0.004 0.017 7436
0.008 0.023 7488
0.006 0.035 7540
0.007 0.011 7592
0.007 0.017 7644
0.005 -0.000 7696
0.005 -0.000 7748
0.004 -0.000 7800
0.005 -0.000 7852
0.005 -0.000 7904
0.004 -0.000 7956
0.005 -0.000 8008
0.004 -0.000 8060
0.004 -0.000 8112
0.005 -0.000 8164
0.005 -0.000 8216
0.006 0.005 8268
0.004 -0.000 8320
0.009 0.023 8372
0.009 0.023 8424
0.008 0.023 8476
0.008 0.023 8528
0.007 0.035 8580
0.008 0.023 8632
0.008 0.023 8684
0.006 0.035 8736
0.006 0.035 8788
0.004 0.017 8840
0.007 0.008 8892
0.007 0.017 8944
0.008 0.023 8996
0.006 0.005 9048
0.008 0.023 9100
0.005 0.023 9152
0.007 0.017 9204
0.008 0.023 9256
0.009 0.023 9308
0.009 0.029 9360
0.010 0.029 9412
0.006 0.008 9464
0.004 0.023 9516
0.006 0.005 9568
0.005 -0.000 9620
0.005 -0.000 9672
0.005 -0.000 9724
0.005 -0.000 9776
0.004 -0.000 9828
0.005 -0.000 9880
0.004 -0.006 9932
0.005 -0.000 9984
0.007 0.008 10036
0.007 0.008 10088
0.009 0.029 10140
0.008 0.017 10192
0.006 0.008 10244
0.004 0.017 10296
0.002 0.011 10348
0.002 0.011 10400
0.005 -0.000 10452
0.007 0.008 10504
0.006 0.035 10556
0.007 0.008 10608
0.005 0.005 10660
0.005 -0.000 10712
0.004 -0.000 10764
0.002 0.011 10816
0.004 0.017 10868
0.006 0.035 10920
0.005 -0.000 10972
0.005 0.005 11024
0.006 0.035 11076
0.005 -0.000 11128
0.006 0.008 11180
0.006 0.005 11232
0.006 0.005 11284
0.004 -0.000 11336
0.002 0.011 11388
0.002 0.011 11440
0.005 -0.000 11492
0.006 0.005 11544
0.007 0.005 11596
0.005 -0.000 11648
0.004 -0.000 11700
0.004 -0.000 11752
0.004 -0.006 11804
0.004 -0.000 11856
0.002 0.011 11908
0.002 0.011 11960
0.004 -0.000 12012
0.004 -0.000 12064
0.004 -0.000 12116
0.002 0.011 12168
0.002 0.011 12220
0.004 -0.000 12272
0.004 -0.000 12324
0.002 0.011 12376
0.002 0.011 12428
0.002 0.011 12480
0.004 -0.006 12532
0.004 -0.000 12584
0.002 0.011 12636
0.002 0.011 12688
0.002 0.011 12740
0.004 -0.000 12792
0.004 -0.000 12844
0.002 0.011 12896
0.004 -0.000 12948
0.004 -0.000 13000
0.004 -0.000 13052
0.004 -0.000 13104
0.002 0.011 13156
0.004 -0.000 13208
0.004 -0.006 13260
0.004 -0.000 13312
0.004 -0.000 13364
0.002 0.011 13416
0.004 -0.000 13468
0.004 -0.000 13520
0.006 0.008 13572
0.006 0.005 13624
0.004 -0.000 13676
0.002 0.011 13728
0.002 0.011 13780
  
