  
-0.005 0.288 57
0.910 0.078 107
0.910 0.066 157
0.910 0.055 207
0.917 0.055 257
0.911 0.031 307
0.913 0.031 357
0.913 0.008 407
0.910 -0.001 457
0.911 -0.004 507
0.911 -0.015 557
0.910 -0.033 607
0.910 -0.039 657
0.910 -0.050 707
0.910 -0.062 757
0.910 -0.074 807
0.908 -0.082 857
0.909 -0.085 907
0.908 -0.085 957
0.908 -0.100 1007
0.914 -0.085 1057
0.923 -0.062 1107
0.940 -0.027 1157
0.957 0.008 1207
0.978 0.078 1257
-0.861 0.125 1307
-0.933 0.125 1357
-0.920 0.113 1407
-0.749 0.113 1457
-0.569 0.087 1507
-0.485 0.101 1557
-0.333 0.090 1607
-0.200 0.084 1657
-0.074 0.078 1707
-0.019 0.078 1757
0.088 0.078 1807
0.204 0.087 1857
0.225 0.084 1907
0.326 0.084 1957
0.404 0.084 2007
0.429 0.084 2057
0.493 0.078 2107
0.577 0.081 2157
0.627 0.084 2207
0.637 0.101 2257
0.682 0.087 2307
0.753 0.113 2357
0.741 0.107 2407
0.788 0.125 2457
0.868 0.148 2507
0.814 0.125 2557
0.974 0.171 2607
0.902 0.148 2657
0.989 0.171 2707
0.908 0.148 2757
1.046 0.195 2807
1.008 0.177 2857
1.046 0.195 2907
1.046 0.195 2957
1.046 0.200 3007
1.046 0.200 3057
1.046 0.206 3107
1.045 0.206 3157
1.046 0.218 3207
1.045 0.206 3257
1.046 0.218 3307
1.044 0.218 3357
1.044 0.218 3407
1.046 0.218 3457
1.046 0.218 3507
1.046 0.224 3557
1.045 0.218 3607
1.045 0.221 3657
1.046 0.230 3707
1.045 0.224 3757
1.046 0.241 3807
1.044 0.241 3857
1.044 0.241 3907
1.044 0.227 3957
1.044 0.241 4007
1.046 0.244 4057
1.046 0.241 4107
1.044 0.253 4157
1.044 0.241 4207
1.045 0.241 4257
1.045 0.253 4307
1.044 0.265 4357
1.045 0.253 4407
1.044 0.265 4457
1.046 0.265 4507
1.044 0.265 4557
1.045 0.265 4607
1.044 0.270 4657
1.045 0.265 4707
1.045 0.268 4757
1.044 0.288 4807
1.045 0.268 4857
1.044 0.288 4907
1.046 0.288 4957
1.046 0.288 5007
1.046 0.300 5057
1.045 0.288 5107
1.044 0.288 5157
1.044 0.294 5207
1.044 0.288 5257
1.044 0.300 5307
1.044 0.300 5357
1.045 0.300 5407
1.044 0.311 5457
1.044 0.311 5507
1.044 0.311 5557
1.044 0.311 5607
1.044 0.311 5657
1.044 0.323 5707
1.045 0.314 5757
1.045 0.314 5807
1.046 0.320 5857
1.045 0.320 5907
1.046 0.335 5957
1.046 0.335 6007
1.044 0.326 6057
1.042 0.323 6107
1.043 0.317 6157
1.044 0.340 6207
1.044 0.340 6257
1.042 0.335 6307
1.044 0.335 6357
1.049 0.358 6407
1.048 0.381 6457
1.046 0.370 6507
1.044 0.358 6557
1.044 0.358 6607
1.044 0.358 6657
1.044 0.364 6707
1.045 0.358 6757
1.044 0.370 6807
1.045 0.361 6857
1.044 0.370 6907
1.044 0.381 6957
1.044 0.381 7007
1.045 0.370 7057
1.045 0.381 7107
1.044 0.381 7157
1.046 0.387 7207
1.044 0.387 7257
1.044 0.393 7307
1.046 0.405 7357
1.045 0.393 7407
1.044 0.405 7457
1.044 0.405 7507
1.045 0.396 7557
1.045 0.405 7607
1.044 0.405 7657
1.045 0.405 7707
1.045 0.408 7757
1.044 0.416 7807
1.045 0.408 7857
1.044 0.428 7907
1.044 0.428 7957
1.044 0.428 8007
1.044 0.428 8057
1.044 0.428 8107
1.045 0.422 8157
1.044 0.434 8207
1.044 0.434 8257
1.044 0.440 8307
1.044 0.440 8357
1.046 0.451 8407
1.045 0.440 8457
1.045 0.440 8507
1.045 0.443 8557
1.044 0.451 8607
1.044 0.451 8657
1.044 0.457 8707
1.044 0.457 8757
1.045 0.454 8807
1.044 0.454 8857
1.045 0.454 8907
1.044 0.463 8957
1.046 0.475 9007
1.046 0.460 9057
1.046 0.486 9107
1.044 0.486 9157
1.043 0.460 9207
1.043 0.460 9257
1.046 0.480 9307
1.044 0.486 9357
1.044 0.486 9407
1.044 0.498 9457
1.046 0.498 9507
1.046 0.504 9557
1.047 0.504 9607
1.044 0.510 9657
1.044 0.510 9707
1.042 0.480 9757
1.044 0.498 9807
1.045 0.504 9857
1.044 0.521 9907
1.044 0.521 9957
1.045 0.513 10007
1.046 0.521 10057
1.046 0.521 10107
1.045 0.521 10157
1.046 0.521 10207
1.044 0.527 10257
1.045 0.533 10307
1.046 0.533 10357
1.046 0.545 10407
1.045 0.536 10457
1.046 0.545 10507
1.045 0.536 10557
1.044 0.545 10607
1.044 0.550 10657
1.045 0.545 10707
1.046 0.550 10757
1.046 0.553 10807
1.046 0.553 10857
1.044 0.568 10907
1.045 0.556 10957
1.044 0.568 11007
1.044 0.568 11057
1.045 0.568 11107
1.045 0.568 11157
1.045 0.580 11207
1.044 0.574 11257
1.044 0.580 11307
1.045 0.580 11357
1.045 0.580 11407
1.044 0.591 11457
1.046 0.591 11507
1.046 0.591 11557
1.044 0.591 11607
1.046 0.591 11657
1.044 0.603 11707
1.045 0.594 11757
1.046 0.600 11807
1.045 0.600 11857
1.046 0.615 11907
1.044 0.615 11957
1.046 0.615 12007
1.044 0.615 12057
1.046 0.615 12107
1.044 0.620 12157
1.046 0.626 12207
1.046 0.626 12257
1.045 0.626 12307
1.045 0.626 12357
1.045 0.626 12407
1.045 0.626 12457
1.046 0.638 12507
1.046 0.638 12557
1.046 0.638 12607
1.045 0.638 12657
1.045 0.638 12707
1.044 0.644 12757
1.044 0.638 12807
1.045 0.641 12857
1.046 0.661 12907
1.047 0.673 12957
1.044 0.667 13007
1.044 0.661 13057
1.044 0.661 13107
1.044 0.647 13157
1.044 0.661 13207
1.044 0.667 13257
1.044 0.673 13307
1.044 0.685 13357
1.046 0.685 13407
1.046 0.685 13457
1.046 0.685 13507
1.046 0.685 13557
1.046 0.696 13607
1.046 0.688 13657
1.045 0.685 13707
1.045 0.693 13757
1.044 0.708 13807
1.044 0.708 13857
1.044 0.708 13907
1.044 0.693 13957
1.044 0.708 14007
1.044 0.708 14057
1.044 0.708 14107
1.044 0.708 14157
1.044 0.708 14207
1.045 0.708 14257
1.044 0.720 14307
1.045 0.720 14357
1.044 0.731 14407
1.044 0.731 14457
1.045 0.723 14507
1.045 0.725 14557
1.044 0.723 14607
1.045 0.731 14657
1.044 0.743 14707
1.045 0.734 14757
1.044 0.755 14807
1.045 0.737 14857
1.044 0.755 14907
1.044 0.755 14957
1.045 0.746 15007
1.043 0.746 15057
1.044 0.746 15107
1.044 0.746 15157
1.044 0.760 15207
1.044 0.755 15257
1.044 0.766 15307
1.045 0.766 15357
1.045 0.766 15407
1.046 0.778 15457
1.046 0.778 15507
1.046 0.778 15557
1.046 0.781 15607
1.044 0.790 15657
1.044 0.790 15707
1.044 0.790 15757
1.044 0.790 15807
1.044 0.801 15857
1.044 0.801 15907
1.045 0.793 15957
1.044 0.801 16007
1.044 0.801 16057
1.044 0.801 16107
1.045 0.801 16157
1.044 0.807 16207
1.045 0.813 16257
1.045 0.813 16307
1.044 0.825 16357
1.045 0.813 16407
1.046 0.825 16457
1.045 0.816 16507
1.044 0.830 16557
1.045 0.825 16607
1.045 0.828 16657
1.044 0.830 16707
1.045 0.833 16757
1.045 0.833 16807
1.044 0.848 16857
1.044 0.848 16907
1.045 0.833 16957
1.044 0.848 17007
1.044 0.848 17057
1.044 0.848 17107
1.045 0.848 17157
1.044 0.860 17207
1.044 0.860 17257
1.045 0.860 17307
1.044 0.871 17357
1.044 0.860 17407
1.045 0.863 17457
1.045 0.865 17507
1.045 0.871 17557
1.045 0.871 17607
1.044 0.883 17657
1.044 0.883 17707
1.044 0.883 17757
1.044 0.895 17807
1.045 0.880 17857
1.045 0.880 17907
1.044 0.895 17957
1.045 0.886 18007
1.045 0.895 18057
1.046 0.900 18107
1.045 0.906 18157
1.044 0.906 18207
1.045 0.906 18257
1.044 0.906 18307
1.044 0.918 18357
1.044 0.918 18407
1.044 0.909 18457
1.045 0.918 18507
1.045 0.918 18557
1.044 0.924 18607
1.044 0.924 18657
1.044 0.927 18707
1.045 0.927 18757
1.046 0.941 18807
1.044 0.941 18857
1.046 0.941 18907
1.045 0.941 18957
1.044 0.941 19007
1.045 0.941 19057
1.044 0.947 19107
1.044 0.953 19157
1.044 0.965 19207
1.044 0.953 19257
1.044 0.965 19307
1.044 0.965 19357
1.044 0.965 19407
1.044 0.965 19457
1.044 0.965 19507
1.044 0.965 19557
1.044 0.976 19607
1.044 0.988 19657
1.045 0.970 19707
1.045 0.973 19757
1.044 0.988 19807
1.045 0.979 19857
1.045 0.988 19907
1.044 0.988 19957
1.044 0.994 20007
1.044 0.994 20057
1.044 0.994 20107
1.044 1.000 20157
1.044 1.011 20207
1.044 1.011 20257
1.044 1.011 20307
1.044 1.011 20357
1.044 1.011 20407
1.044 1.011 20457
1.044 1.014 20507
1.044 1.017 20557
1.044 1.020 20607
1.044 1.035 20657
1.045 1.020 20707
1.045 1.020 20757
1.045 1.020 20807
1.045 1.020 20857
1.045 1.035 20907
1.044 1.040 20957
1.046 1.040 21007
1.045 1.046 21057
1.044 1.058 21107
1.045 1.046 21157
1.044 1.058 21207
1.045 1.058 21257
1.044 1.058 21307
1.044 1.058 21357
1.044 1.058 21407
1.045 1.058 21457
1.044 1.058 21507
1.044 1.058 21557
1.045 1.067 21607
1.044 1.064 21657
1.043 1.061 21707
1.044 1.070 21757
1.044 1.081 21807
1.044 1.081 21857
1.044 1.081 21907
1.044 1.087 21957
1.044 1.087 22007
1.045 1.093 22057
1.045 1.093 22107
1.044 1.105 22157
1.045 1.096 22207
1.045 1.096 22257
1.044 1.105 22307
1.045 1.105 22357
1.045 1.105 22407
1.044 1.110 22457
1.045 1.113 22507
1.045 1.110 22557
1.044 1.128 22607
1.044 1.128 22657
1.044 1.128 22707
1.045 1.119 22757
1.044 1.128 22807
1.045 1.128 22857
1.044 1.134 22907
1.045 1.140 22957
1.045 1.140 23007
1.044 1.151 23057
1.044 1.151 23107
1.046 1.151 23157
1.044 1.151 23207
1.044 1.151 23257
1.044 1.151 23307
1.044 1.157 23357
1.045 1.154 23407
1.042 1.151 23457
1.045 1.160 23507
1.048 1.175 23557
1.044 1.175 23607
1.044 1.175 23657
1.044 1.175 23707
1.045 1.175 23757
1.044 1.180 23807
1.044 1.180 23857
1.044 1.186 23907
1.044 1.180 23957
1.045 1.186 24007
1.045 1.186 24057
1.044 1.198 24107
1.045 1.198 24157
1.045 1.198 24207
1.044 1.198 24257
1.044 1.198 24307
1.045 1.201 24357
1.045 1.207 24407
1.044 1.221 24457
1.045 1.207 24507
1.044 1.221 24557
1.044 1.221 24607
1.045 1.207 24657
1.044 1.221 24707
1.045 1.221 24757
1.044 1.227 24807
1.045 1.233 24857
1.044 1.245 24907
1.045 1.233 24957
1.046 1.245 25007
1.044 1.245 25057
1.045 1.236 25107
1.044 1.245 25157
1.045 1.245 25207
1.044 1.256 25257
1.044 1.256 25307
1.045 1.253 25357
1.045 1.253 25407
1.046 1.268 25457
1.044 1.268 25507
1.044 1.268 25557
1.046 1.268 25607
1.044 1.268 25657
1.044 1.274 25707
1.044 1.280 25757
1.044 1.291 25807
1.045 1.280 25857
1.044 1.291 25907
1.045 1.280 25957
1.044 1.291 26007
1.045 1.291 26057
1.044 1.291 26107
1.044 1.291 26157
1.044 1.297 26207
1.044 1.297 26257
1.044 1.300 26307
1.045 1.300 26357
1.045 1.306 26407
1.045 1.315 26457
1.044 1.315 26507
1.044 1.315 26557
1.045 1.315 26607
1.044 1.320 26657
1.045 1.326 26707
1.045 1.326 26757
1.044 1.338 26807
1.045 1.326 26857
1.044 1.338 26907
1.044 1.338 26957
1.044 1.338 27007
1.044 1.350 27057
1.045 1.338 27107
1.045 1.341 27157
1.044 1.361 27207
1.043 1.347 27257
1.044 1.361 27307
1.044 1.361 27357
1.046 1.361 27407
1.044 1.361 27457
1.046 1.361 27507
1.044 1.367 27557
1.044 1.367 27607
1.044 1.373 27657
1.044 1.385 27707
1.046 1.385 27757
1.044 1.385 27807
1.044 1.385 27857
1.044 1.385 27907
1.044 1.385 27957
1.044 1.390 28007
1.045 1.388 28057
1.044 1.390 28107
1.045 1.390 28157
1.044 1.396 28207
1.044 1.408 28257
1.044 1.408 28307
1.045 1.393 28357
1.045 1.408 28407
1.045 1.408 28457
1.045 1.420 28507
1.045 1.420 28557
1.044 1.420 28607
1.046 1.431 28657
1.044 1.431 28707
1.044 1.431 28757
1.045 1.423 28807
1.046 1.431 28857
1.044 1.431 28907
1.044 1.443 28957
1.045 1.434 29007
1.045 1.440 29057
1.044 1.455 29107
1.046 1.455 29157
1.044 1.455 29207
1.045 1.446 29257
1.044 1.455 29307
1.045 1.455 29357
1.045 1.458 29407
1.045 1.466 29457
1.046 1.478 29507
1.046 1.478 29557
1.044 1.478 29607
1.046 1.478 29657
1.044 1.478 29707
1.045 1.478 29757
1.044 1.478 29807
1.044 1.484 29857
1.044 1.490 29907
1.044 1.490 29957
1.045 1.487 30007
1.046 1.501 30057
1.044 1.501 30107
1.045 1.493 30157
1.044 1.501 30207
1.045 1.501 30257
1.044 1.507 30307
1.044 1.507 30357
1.044 1.525 30407
1.044 1.525 30457
1.044 1.525 30507
1.045 1.516 30557
1.045 1.516 30607
1.044 1.525 30657
1.044 1.525 30707
1.044 1.525 30757
1.045 1.525 30807
1.044 1.536 30857
1.044 1.548 30907
1.044 1.536 30957
1.044 1.548 31007
1.046 1.548 31057
1.044 1.548 31107
1.044 1.548 31157
1.044 1.548 31207
1.044 1.548 31257
1.046 1.560 31307
1.044 1.560 31357
1.044 1.571 31407
1.045 1.560 31457
1.044 1.571 31507
1.046 1.571 31557
1.044 1.571 31607
1.044 1.571 31657
1.044 1.577 31707
1.044 1.577 31757
1.045 1.577 31807
1.045 1.580 31857
1.045 1.580 31907
1.045 1.580 31957
1.044 1.595 32007
1.045 1.580 32057
1.044 1.595 32107
1.045 1.595 32157
1.044 1.600 32207
1.044 1.606 32257
1.046 1.618 32307
1.044 1.618 32357
1.044 1.618 32407
1.044 1.618 32457
1.045 1.618 32507
1.045 1.618 32557
1.044 1.624 32607
1.046 1.630 32657
1.045 1.621 32707
1.044 1.630 32757
1.045 1.627 32807
1.045 1.633 32857
1.044 1.641 32907
1.045 1.633 32957
1.046 1.641 33007
1.044 1.641 33057
1.044 1.653 33107
1.045 1.653 33157
1.044 1.665 33207
1.044 1.665 33257
1.044 1.665 33307
1.044 1.665 33357
1.046 1.665 33407
1.044 1.665 33457
1.045 1.668 33507
1.044 1.670 33557
1.045 1.670 33607
1.045 1.673 33657
1.044 1.673 33707
1.045 1.673 33757
1.044 1.688 33807
1.044 1.688 33857
1.044 1.688 33907
1.045 1.688 33957
1.045 1.700 34007
1.044 1.694 34057
1.045 1.700 34107
1.045 1.700 34157
1.044 1.711 34207
1.044 1.711 34257
1.046 1.711 34307
1.044 1.711 34357
1.046 1.717 34407
1.044 1.723 34457
1.045 1.714 34507
1.045 1.720 34557
1.045 1.720 34607
1.046 1.735 34657
1.045 1.726 34707
1.045 1.735 34757
1.044 1.735 34807
1.044 1.735 34857
1.045 1.746 34907
1.045 1.746 34957
1.046 1.758 35007
1.045 1.746 35057
1.045 1.749 35107
1.044 1.758 35157
1.045 1.758 35207
1.045 1.749 35257
1.044 1.764 35307
1.045 1.761 35357
1.044 1.764 35407
1.045 1.767 35457
1.044 1.781 35507
1.045 1.767 35557
1.045 1.767 35607
1.044 1.781 35657
1.044 1.781 35707
1.045 1.781 35757
1.044 1.781 35807
1.044 1.787 35857
1.044 1.793 35907
1.044 1.793 35957
1.044 1.805 36007
1.046 1.805 36057
1.045 1.805 36107
1.044 1.805 36157
1.044 1.805 36207
1.045 1.805 36257
1.044 1.816 36307
1.046 1.816 36357
1.044 1.828 36407
1.044 1.828 36457
1.044 1.828 36507
1.045 1.819 36557
1.045 1.819 36607
1.044 1.828 36657
1.044 1.834 36707
1.045 1.840 36757
1.045 1.840 36807
1.045 1.840 36857
1.045 1.840 36907
1.044 1.851 36957
1.044 1.843 37007
1.044 1.851 37057
1.044 1.851 37107
1.044 1.851 37157
1.044 1.857 37207
1.044 1.875 37257
1.046 1.863 37307
1.044 1.875 37357
1.045 1.863 37407
1.044 1.875 37457
1.044 1.875 37507
1.045 1.875 37557
1.045 1.875 37607
1.044 1.886 37657
1.046 1.898 37707
1.044 1.898 37757
1.044 1.898 37807
1.046 1.898 37857
1.044 1.898 37907
1.046 1.898 37957
1.044 1.898 38007
1.044 1.904 38057
1.045 1.901 38107
1.044 1.910 38157
1.044 1.910 38207
1.044 1.921 38257
1.045 1.913 38307
1.044 1.921 38357
1.046 1.921 38407
1.044 1.921 38457
1.044 1.927 38507
1.044 1.927 38557
1.044 1.927 38607
1.045 1.933 38657
1.044 1.945 38707
1.044 1.945 38757
1.046 1.945 38807
1.045 1.936 38857
1.044 1.945 38907
1.044 1.950 38957
1.044 1.950 39007
1.044 1.950 39057
1.046 1.950 39107
1.044 1.968 39157
1.044 1.968 39207
1.044 1.968 39257
1.045 1.953 39307
1.045 1.953 39357
1.045 1.968 39407
1.043 1.968 39457
1.045 1.980 39507
1.045 1.980 39557
1.044 1.980 39607
1.044 1.991 39657
1.046 1.991 39707
1.046 2.003 39757
1.044 1.991 39807
1.045 1.991 39857
1.044 1.991 39907
1.044 2.003 39957
1.044 2.015 40007
1.044 2.015 40057
1.044 2.015 40107
1.044 2.015 40157
1.045 2.015 40207
1.045 2.006 40257
1.044 2.015 40307
1.044 2.020 40357
1.044 2.026 40407
1.045 2.026 40457
1.044 2.038 40507
1.046 2.038 40557
1.044 2.038 40607
1.046 2.038 40657
1.044 2.038 40707
1.045 2.038 40757
1.044 2.038 40807
1.042 2.026 40857
1.044 2.044 40907
1.046 2.061 40957
1.044 2.061 41007
1.045 2.053 41057
1.044 2.061 41107
1.045 2.061 41157
1.046 2.073 41207
1.044 2.067 41257
1.045 2.073 41307
1.044 2.067 41357
1.044 2.073 41407
1.044 2.085 41457
1.044 2.085 41507
1.046 2.096 41557
1.046 2.108 41607
1.046 2.108 41657
1.044 2.096 41707
1.042 2.085 41757
1.044 2.088 41807
1.044 2.108 41857
1.042 2.096 41907
1.042 2.096 41957
1.044 2.108 42007
1.049 2.120 42057
1.046 2.123 42107
1.044 2.131 42157
1.044 2.120 42207
1.044 2.120 42257
1.044 2.131 42307
1.045 2.120 42357
1.045 2.123 42407
1.045 2.123 42457
1.044 2.131 42507
1.045 2.131 42557
1.044 2.137 42607
1.044 2.137 42657
1.044 2.137 42707
1.045 2.140 42757
1.045 2.140 42807
1.045 2.140 42857
1.044 2.155 42907
1.045 2.140 42957
1.044 2.155 43007
1.045 2.166 43057
1.046 2.160 43107
1.045 2.166 43157
1.044 2.178 43207
1.044 2.178 43257
1.044 2.178 43307
1.045 2.178 43357
1.045 2.178 43407
1.045 2.178 43457
1.045 2.181 43507
1.044 2.190 43557
1.044 2.190 43607
1.045 2.187 43657
1.045 2.187 43707
1.044 2.201 43757
1.046 2.201 43807
1.044 2.201 43857
1.044 2.207 43907
1.046 2.207 43957
1.045 2.213 44007
1.044 2.225 44057
1.044 2.225 44107
1.045 2.213 44157
1.045 2.216 44207
1.045 2.216 44257
1.045 2.225 44307
1.044 2.230 44357
1.044 2.236 44407
1.044 2.230 44457
1.044 2.236 44507
1.044 2.248 44557
1.046 2.248 44607
1.046 2.260 44657
1.046 2.260 44707
1.044 2.248 44757
1.044 2.248 44807
1.044 2.248 44857
1.046 2.254 44907
1.045 2.260 44957
1.044 2.271 45007
1.045 2.260 45057
1.045 2.263 45107
1.045 2.263 45157
1.046 2.295 45207
1.044 2.283 45257
1.042 2.260 45307
1.042 2.260 45357
1.044 2.271 45407
1.044 2.283 45457
1.045 2.286 45507
1.046 2.295 45557
1.046 2.295 45607
1.046 2.300 45657
1.046 2.300 45707
1.046 2.318 45757
1.046 2.318 45807
1.044 2.318 45857
1.046 2.318 45907
1.044 2.318 45957
1.045 2.318 46007
1.046 2.318 46057
1.044 2.324 46107
1.046 2.321 46157
1.045 2.321 46207
1.044 2.324 46257
1.045 2.327 46307
1.044 2.341 46357
1.044 2.341 46407
1.044 2.341 46457
1.045 2.327 46507
1.046 2.347 46557
1.046 2.347 46607
1.045 2.353 46657
1.046 2.353 46707
1.046 2.365 46757
1.046 2.365 46807
1.045 2.365 46857
1.046 2.365 46907
1.046 2.365 46957
1.046 2.365 47007
1.046 2.376 47057
1.046 2.388 47107
1.045 2.368 47157
1.044 2.388 47207
1.046 2.388 47257
1.045 2.379 47307
1.045 2.379 47357
1.046 2.388 47407
1.046 2.388 47457
1.044 2.394 47507
1.045 2.400 47557
1.046 2.411 47607
1.046 2.411 47657
1.046 2.411 47707
1.045 2.403 47757
1.046 2.411 47807
1.044 2.411 47857
1.045 2.411 47907
1.046 2.417 47957
1.046 2.417 48007
1.046 2.420 48057
1.046 2.435 48107
1.046 2.420 48157
1.044 2.435 48207
1.044 2.435 48257
1.044 2.435 48307
1.044 2.435 48357
1.045 2.435 48407
1.046 2.446 48457
1.046 2.458 48507
1.046 2.461 48557
1.046 2.458 48607
1.045 2.446 48657
1.044 2.458 48707
1.044 2.458 48757
1.046 2.458 48807
1.044 2.470 48857
1.044 2.458 48907
1.045 2.461 48957
1.044 2.481 49007
1.044 2.481 49057
1.046 2.481 49107
1.045 2.473 49157
1.043 2.481 49207
1.046 2.481 49257
1.044 2.487 49307
1.046 2.487 49357
1.044 2.493 49407
1.046 2.505 49457
1.044 2.505 49507
1.045 2.496 49557
1.045 2.496 49607
1.045 2.496 49657
1.044 2.505 49707
1.044 2.510 49757
1.046 2.510 49807
1.044 2.510 49857
1.044 2.528 49907
1.044 2.528 49957
1.046 2.528 50007
1.044 2.528 50057
1.044 2.528 50107
1.044 2.528 50157
1.044 2.528 50207
1.045 2.528 50257
1.045 2.540 50307
1.044 2.551 50357
1.045 2.540 50407
1.044 2.551 50457
1.044 2.551 50507
1.046 2.551 50557
1.045 2.551 50607
1.045 2.551 50657
1.044 2.563 50707
1.044 2.575 50757
1.045 2.554 50807
1.045 2.560 50857
1.044 2.575 50907
1.045 2.566 50957
1.046 2.575 51007
1.044 2.575 51057
1.044 2.575 51107
1.044 2.580 51157
1.044 2.586 51207
1.044 2.598 51257
1.044 2.598 51307
1.044 2.598 51357
1.044 2.598 51407
1.044 2.598 51457
1.045 2.598 51507
1.044 2.598 51557
1.045 2.601 51607
1.044 2.601 51657
1.044 2.621 51707
1.044 2.621 51757
1.045 2.610 51807
1.044 2.621 51857
1.045 2.613 51907
1.046 2.621 51957
1.046 2.621 52007
1.046 2.627 52057
1.045 2.633 52107
1.044 2.645 52157
1.044 2.645 52207
1.044 2.645 52257
1.044 2.645 52307
1.044 2.645 52357
1.045 2.645 52407
1.045 2.645 52457
1.045 2.645 52507
1.045 2.648 52557
1.045 2.650 52607
1.046 2.668 52657
1.045 2.653 52707
1.046 2.668 52757
1.045 2.659 52807
1.044 2.668 52857
1.044 2.668 52907
1.045 2.680 52957
1.045 2.680 53007
1.044 2.691 53057
1.044 2.691 53107
1.045 2.680 53157
1.044 2.691 53207
1.044 2.691 53257
1.046 2.697 53307
1.044 2.691 53357
1.044 2.697 53407
1.045 2.694 53457
1.045 2.697 53507
1.045 2.700 53557
1.046 2.715 53607
1.045 2.700 53657
1.044 2.715 53707
1.044 2.715 53757
1.044 2.720 53807
1.044 2.720 53857
1.045 2.726 53907
1.044 2.738 53957
1.045 2.726 54007
1.045 2.726 54057
1.045 2.726 54107
1.045 2.738 54157
1.046 2.738 54207
1.044 2.750 54257
1.046 2.750 54307
1.045 2.741 54357
1.044 2.761 54407
1.044 2.761 54457
1.045 2.761 54507
1.044 2.761 54557
1.045 2.761 54607
1.045 2.761 54657
1.045 2.761 54707
1.045 2.773 54757
1.044 2.773 54807
1.045 2.773 54857
1.046 2.785 54907
1.044 2.785 54957
1.045 2.776 55007
1.044 2.785 55057
1.045 2.785 55107
1.044 2.790 55157
1.045 2.788 55207
1.044 2.790 55257
1.044 2.793 55307
1.045 2.793 55357
1.046 2.808 55407
1.044 2.808 55457
1.044 2.808 55507
1.045 2.808 55557
1.045 2.820 55607
1.044 2.814 55657
1.044 2.831 55707
1.044 2.831 55757
1.044 2.831 55807
1.044 2.831 55857
1.046 2.831 55907
1.046 2.831 55957
1.044 2.831 56007
1.044 2.831 56057
1.044 2.855 56107
1.044 2.843 56157
1.044 2.855 56207
1.044 2.855 56257
1.044 2.855 56307
1.045 2.846 56357
1.046 2.855 56407
1.045 2.855 56457
1.046 2.860 56507
1.045 2.866 56557
1.045 2.866 56607
1.044 2.878 56657
1.044 2.878 56707
1.044 2.878 56757
1.046 2.878 56807
1.044 2.878 56857
1.045 2.878 56907
1.046 2.881 56957
1.044 2.884 57007
1.044 2.884 57057
1.044 2.884 57107
1.045 2.887 57157
1.045 2.887 57207
1.045 2.887 57257
1.045 2.887 57307
1.045 2.901 57357
1.044 2.925 57407
1.045 2.913 57457
1.044 2.925 57507
1.044 2.925 57557
1.045 2.913 57607
1.045 2.916 57657
1.045 2.916 57707
1.044 2.925 57757
1.044 2.925 57807
1.044 2.925 57857
1.045 2.925 57907
1.044 2.936 57957
1.044 2.948 58007
1.045 2.933 58057
1.045 2.939 58107
1.045 2.939 58157
1.045 2.948 58207
1.044 2.948 58257
1.045 2.948 58307
1.045 2.960 58357
1.044 2.971 58407
1.044 2.971 58457
1.044 2.971 58507
1.046 2.971 58557
1.044 2.971 58607
1.044 2.971 58657
1.045 2.971 58707
1.045 2.971 58757
1.046 2.983 58807
1.045 2.980 58857
1.046 2.995 58907
1.045 2.980 58957
1.044 2.995 59007
1.051 3.021 59057
1.045 2.995 59107
1.044 2.995 59157
1.045 3.006 59207
1.045 3.006 59257
1.044 3.018 59307
1.044 3.018 59357
1.044 3.018 59407
1.044 3.018 59457
1.045 3.009 59507
1.046 3.018 59557
1.046 3.018 59607
1.045 3.018 59657
1.044 3.030 59707
1.044 3.030 59757
1.044 3.041 59807
1.044 3.041 59857
1.045 3.033 59907
1.045 3.041 59957
1.045 3.041 60007
1.044 3.041 60057
1.046 3.047 60107
1.045 3.053 60157
1.045 3.053 60207
1.045 3.053 60257
1.045 3.056 60307
1.045 3.053 60357
1.044 3.065 60407
1.045 3.065 60457
1.044 3.065 60507
1.046 3.065 60557
1.044 3.065 60607
1.044 3.070 60657
1.045 3.073 60707
1.044 3.088 60757
1.045 3.073 60807
1.046 3.088 60857
1.044 3.088 60907
1.044 3.088 60957
1.046 3.094 61007
1.046 3.094 61057
1.044 3.111 61107
1.044 3.111 61157
1.044 3.111 61207
1.046 3.111 61257
1.045 3.111 61307
1.045 3.103 61357
1.044 3.111 61407
1.046 3.123 61457
1.046 3.135 61507
1.044 3.135 61557
1.044 3.135 61607
1.045 3.120 61657
1.044 3.135 61707
1.045 3.126 61757
1.044 3.135 61807
1.046 3.135 61857
1.046 3.135 61907
1.045 3.146 61957
1.044 3.158 62007
1.045 3.146 62057
1.044 3.158 62107
1.044 3.158 62157
1.044 3.158 62207
1.044 3.158 62257
1.044 3.164 62307
1.044 3.164 62357
1.046 3.164 62407
1.045 3.167 62457
1.045 3.161 62507
1.045 3.167 62557
1.044 3.167 62607
1.045 3.167 62657
1.044 3.181 62707
1.044 3.181 62757
1.044 3.187 62807
1.044 3.187 62857
1.046 3.205 62907
1.044 3.205 62957
1.044 3.205 63007
1.038 3.158 63057
1.044 3.205 63107
1.046 3.205 63157
1.046 3.205 63207
1.044 3.216 63257
1.045 3.208 63307
1.046 3.228 63357
1.046 3.228 63407
1.046 3.228 63457
1.046 3.228 63507
1.044 3.228 63557
1.044 3.228 63607
1.046 3.234 63657
1.045 3.240 63707
1.044 3.234 63757
1.044 3.234 63807
1.046 3.251 63857
1.044 3.251 63907
1.046 3.251 63957
1.044 3.251 64007
1.046 3.251 64057
1.046 3.251 64107
1.045 3.251 64157
1.045 3.254 64207
1.045 3.254 64257
1.045 3.260 64307
1.044 3.275 64357
1.044 3.275 64407
1.046 3.275 64457
1.046 3.275 64507
1.046 3.275 64557
1.044 3.280 64607
1.045 3.260 64657
1.044 3.298 64707
1.045 3.286 64757
1.046 3.289 64807
1.046 3.298 64857
1.046 3.298 64907
1.046 3.298 64957
1.044 3.298 65007
1.045 3.298 65057
1.045 3.298 65107
1.046 3.301 65157
1.045 3.304 65207
1.045 3.307 65257
1.044 3.321 65307
1.046 3.321 65357
1.045 3.321 65407
1.046 3.321 65457
1.045 3.321 65507
1.045 3.333 65557
1.045 3.333 65607
1.046 3.333 65657
1.044 3.345 65707
1.044 3.345 65757
1.046 3.345 65807
1.046 3.345 65857
1.046 3.345 65907
1.044 3.345 65957
1.044 3.345 66007
1.046 3.368 66057
1.045 3.353 66107
1.044 3.368 66157
1.044 3.368 66207
1.044 3.368 66257
1.046 3.368 66307
1.045 3.368 66357
1.046 3.380 66407
1.046 3.374 66457
1.044 3.380 66507
1.044 3.391 66557
1.044 3.391 66607
1.044 3.391 66657
1.044 3.391 66707
1.044 3.391 66757
1.045 3.391 66807
1.045 3.391 66857
1.045 3.394 66907
1.046 3.415 66957
1.044 3.415 67007
1.045 3.400 67057
1.044 3.415 67107
1.046 3.415 67157
1.045 3.406 67207
1.046 3.415 67257
1.045 3.415 67307
1.044 3.420 67357
1.045 3.426 67407
1.046 3.438 67457
1.044 3.438 67507
1.044 3.438 67557
1.046 3.438 67607
1.046 3.438 67657
1.046 3.438 67707
1.046 3.438 67757
1.046 3.444 67807
1.046 3.444 67857
1.045 3.441 67907
1.044 3.461 67957
1.044 3.461 68007
1.045 3.447 68057
1.046 3.461 68107
1.046 3.461 68157
1.044 3.461 68207
1.044 3.467 68257
1.044 3.467 68307
1.046 3.485 68357
1.045 3.473 68407
1.044 3.485 68457
1.044 3.485 68507
1.045 3.476 68557
1.044 3.485 68607
1.044 3.496 68657
1.045 3.485 68707
1.046 3.496 68757
1.045 3.490 68807
1.044 3.508 68857
1.045 3.493 68907
1.044 3.508 68957
1.044 3.508 69007
1.045 3.508 69057
1.046 3.514 69107
1.045 3.508 69157
1.045 3.520 69207
1.044 3.531 69257
1.044 3.531 69307
1.045 3.520 69357
1.044 3.531 69407
1.045 3.523 69457
1.045 3.531 69507
1.045 3.531 69557
1.046 3.537 69607
1.044 3.537 69657
1.044 3.537 69707
1.046 3.555 69757
1.045 3.546 69807
1.045 3.546 69857
1.046 3.555 69907
1.044 3.555 69957
1.045 3.566 70007
1.045 3.566 70057
1.045 3.566 70107
1.044 3.578 70157
1.046 3.578 70207
1.046 3.578 70257
1.044 3.578 70307
1.044 3.578 70357
1.046 3.578 70407
1.046 3.590 70457
1.046 3.584 70507
1.045 3.578 70557
1.044 3.601 70607
1.046 3.601 70657
1.045 3.590 70707
1.045 3.593 70757
1.044 3.601 70807
1.045 3.601 70857
1.045 3.601 70907
1.045 3.613 70957
1.044 3.607 71007
1.044 3.625 71057
1.044 3.625 71107
1.046 3.625 71157
1.045 3.616 71207
1.044 3.625 71257
1.045 3.625 71307
1.044 3.625 71357
1.044 3.630 71407
1.044 3.630 71457
1.045 3.633 71507
1.046 3.648 71557
1.046 3.648 71607
1.044 3.648 71657
1.044 3.648 71707
1.044 3.648 71757
1.046 3.648 71807
1.044 3.654 71857
1.046 3.660 71907
1.046 3.671 71957
1.044 3.671 72007
1.045 3.660 72057
1.046 3.671 72107
1.044 3.671 72157
1.044 3.671 72207
1.044 3.671 72257
1.044 3.683 72307
1.045 3.674 72357
1.045 3.674 72407
1.045 3.677 72457
1.045 3.674 72507
1.045 3.686 72557
1.044 3.695 72607
1.046 3.695 72657
1.045 3.695 72707
1.044 3.695 72757
1.045 3.706 72807
1.045 3.706 72857
1.044 3.718 72907
1.045 3.706 72957
1.044 3.718 73007
1.044 3.718 73057
1.044 3.718 73107
1.045 3.718 73157
1.046 3.718 73207
1.045 3.718 73257
1.045 3.721 73307
1.046 3.741 73357
1.045 3.727 73407
1.045 3.730 73457
1.045 3.727 73507
1.044 3.741 73557
1.044 3.741 73607
1.045 3.741 73657
1.045 3.753 73707
1.044 3.747 73757
1.044 3.765 73807
1.046 3.765 73857
1.046 3.765 73907
1.044 3.765 73957
1.044 3.765 74007
1.044 3.765 74057
1.046 3.765 74107
1.044 3.765 74157
1.046 3.765 74207
1.046 3.776 74257
1.044 3.776 74307
1.044 3.788 74357
1.045 3.773 74407
1.044 3.788 74457
1.045 3.776 74507
1.046 3.788 74557
1.048 3.811 74607
1.046 3.794 74657
1.045 3.800 74707
1.044 3.788 74757
1.044 3.794 74807
1.045 3.800 74857
1.046 3.811 74907
1.044 3.811 74957
1.045 3.803 75007
1.046 3.817 75057
1.046 3.817 75107
1.045 3.811 75157
1.045 3.811 75207
1.045 3.811 75257
1.045 3.814 75307
1.044 3.835 75357
1.046 3.835 75407
1.044 3.835 75457
1.045 3.820 75507
1.044 3.835 75557
1.044 3.835 75607
1.045 3.820 75657
1.046 3.835 75707
1.044 3.840 75757
1.045 3.846 75807
1.044 3.858 75857
1.045 3.846 75907
1.045 3.846 75957
1.044 3.858 76007
1.044 3.858 76057
1.044 3.858 76107
1.045 3.858 76157
1.045 3.858 76207
1.044 3.870 76257
1.045 3.861 76307
1.044 3.870 76357
1.045 3.861 76407
1.046 3.881 76457
1.046 3.881 76507
1.044 3.881 76557
1.044 3.881 76607
1.044 3.881 76657
1.044 3.881 76707
1.044 3.881 76757
1.044 3.881 76807
1.044 3.881 76857
1.046 3.905 76907
1.044 3.905 76957
1.046 3.905 77007
1.044 3.905 77057
1.044 3.881 77107
1.046 3.905 77157
1.044 3.905 77207
1.044 3.896 77257
1.044 3.905 77307
1.046 3.908 77357
1.048 3.928 77407
1.049 3.940 77457
1.044 3.928 77507
1.044 3.913 77557
1.045 3.913 77607
1.045 3.913 77657
1.045 3.913 77707
1.045 3.928 77757
1.044 3.928 77807
1.044 3.928 77857
1.046 3.934 77907
1.046 3.934 77957
1.044 3.951 78007
1.045 3.940 78057
1.046 3.951 78107
1.044 3.951 78157
1.044 3.951 78207
1.044 3.951 78257
1.045 3.951 78307
1.044 3.951 78357
1.045 3.951 78407
1.044 3.963 78457
1.046 3.975 78507
1.046 3.960 78557
1.045 3.960 78607
1.046 3.975 78657
1.046 3.975 78707
1.045 3.966 78757
1.044 3.975 78807
1.044 3.975 78857
1.044 3.975 78907
1.044 3.980 78957
1.044 3.980 79007
1.046 3.986 79057
1.045 3.986 79107
1.044 3.998 79157
1.044 3.998 79207
1.045 3.989 79257
1.046 3.998 79307
1.044 3.998 79357
1.046 3.998 79407
1.044 3.998 79457
1.045 3.998 79507
1.044 3.998 79557
1.044 4.004 79607
1.044 4.021 79657
1.044 4.021 79707
1.045 4.001 79757
1.045 4.007 79807
1.045 4.007 79857
1.044 4.021 79907
1.045 4.007 79957
1.045 4.007 80007
1.046 4.007 80057
1.045 4.033 80107
1.046 4.027 80157
1.046 4.045 80207
1.045 4.033 80257
1.045 4.033 80307
1.044 4.027 80357
1.046 4.045 80407
1.046 4.045 80457
1.048 4.056 80507
1.046 4.056 80557
1.043 4.033 80607
1.044 4.045 80657
1.046 4.045 80707
1.045 4.048 80757
1.046 4.048 80807
1.046 4.059 80857
1.046 4.068 80907
1.045 4.053 80957
1.046 4.068 81007
1.046 4.068 81057
1.046 4.068 81107
1.045 4.068 81157
1.046 4.068 81207
1.046 4.068 81257
1.044 4.068 81307
1.045 4.080 81357
1.044 4.074 81407
1.044 4.091 81457
1.044 4.074 81507
1.045 4.080 81557
1.044 4.091 81607
1.045 4.080 81657
1.045 4.080 81707
1.046 4.091 81757
1.046 4.091 81807
1.046 4.091 81857
1.046 4.103 81907
1.044 4.103 81957
1.046 4.115 82007
1.046 4.115 82057
1.046 4.115 82107
1.046 4.115 82157
1.045 4.100 82207
1.046 4.115 82257
1.046 4.115 82307
1.046 4.115 82357
1.046 4.126 82407
1.046 4.115 82457
1.046 4.120 82507
1.045 4.126 82557
1.046 4.138 82607
1.046 4.138 82657
1.046 4.138 82707
1.046 4.138 82757
1.046 4.126 82807
1.046 4.138 82857
1.046 4.138 82907
1.046 4.138 82957
1.046 4.138 83007
1.046 4.138 83057
1.046 4.150 83107
1.046 4.138 83157
1.046 4.161 83207
1.045 4.141 83257
1.046 4.161 83307
1.046 4.161 83357
1.046 4.161 83407
1.046 4.161 83457
1.046 4.161 83507
1.046 4.161 83557
1.044 4.161 83607
1.045 4.147 83657
1.044 4.161 83707
1.046 4.161 83757
1.048 4.185 83807
1.047 4.185 83857
1.046 4.185 83907
1.045 4.173 83957
1.045 4.173 84007
1.044 4.185 84057
1.046 4.185 84107
1.045 4.173 84157
1.046 4.185 84207
1.046 4.185 84257
1.046 4.185 84307
1.046 4.185 84357
1.046 4.185 84407
1.046 4.185 84457
1.044 4.185 84507
1.044 4.190 84557
1.046 4.190 84607
1.046 4.188 84657
1.046 4.208 84707
1.045 4.190 84757
1.046 4.208 84807
1.046 4.208 84857
1.046 4.208 84907
1.046 4.208 84957
1.046 4.208 85007
1.045 4.193 85057
1.046 4.208 85107
1.045 4.193 85157
1.046 4.231 85207
1.046 4.214 85257
1.044 4.231 85307
1.045 4.220 85357
1.046 4.231 85407
1.045 4.220 85457
1.046 4.231 85507
1.045 4.220 85557
1.044 4.231 85607
1.046 4.231 85657
1.046 4.231 85707
1.045 4.231 85757
1.046 4.243 85807
1.044 4.243 85857
1.046 4.243 85907
1.046 4.255 85957
1.044 4.243 86007
1.046 4.255 86057
1.046 4.255 86107
1.046 4.255 86157
1.046 4.240 86207
1.046 4.255 86257
1.046 4.255 86307
1.046 4.255 86357
1.046 4.255 86407
1.046 4.255 86457
1.046 4.255 86507
1.044 4.255 86557
1.046 4.278 86607
1.044 4.260 86657
1.046 4.266 86707
1.046 4.278 86757
1.045 4.266 86807
1.046 4.278 86857
1.045 4.266 86907
1.046 4.278 86957
1.046 4.278 87007
1.044 4.278 87057
1.044 4.278 87107
1.046 4.278 87157
1.046 4.284 87207
1.046 4.284 87257
1.046 4.281 87307
1.045 4.284 87357
1.045 4.284 87407
1.046 4.287 87457
1.046 4.287 87507
1.044 4.284 87557
1.046 4.287 87607
1.046 4.301 87657
1.044 4.301 87707
1.044 4.301 87757
1.046 4.301 87807
1.045 4.301 87857
1.044 4.301 87907
1.046 4.313 87957
1.046 4.307 88007
1.046 4.307 88057
1.046 4.325 88107
1.045 4.313 88157
1.045 4.313 88207
1.046 4.325 88257
1.046 4.325 88307
1.046 4.325 88357
1.046 4.325 88407
1.046 4.325 88457
1.046 4.325 88507
1.046 4.325 88557
1.046 4.325 88607
1.045 4.325 88657
1.045 4.325 88707
1.046 4.336 88757
1.046 4.348 88807
1.046 4.348 88857
1.046 4.348 88907
1.046 4.348 88957
1.046 4.348 89007
1.044 4.348 89057
1.045 4.336 89107
1.046 4.348 89157
1.046 4.348 89207
1.045 4.348 89257
1.045 4.348 89307
1.046 4.348 89357
1.046 4.348 89407
1.046 4.348 89457
1.046 4.354 89507
1.045 4.360 89557
1.046 4.371 89607
1.046 4.371 89657
1.044 4.371 89707
1.046 4.371 89757
1.046 4.371 89807
1.046 4.371 89857
1.046 4.371 89907
1.045 4.371 89957
1.046 4.371 90007
1.046 4.371 90057
1.046 4.371 90107
1.046 4.371 90157
1.046 4.371 90207
1.046 4.377 90257
1.044 4.371 90307
1.044 4.371 90357
1.044 4.377 90407
1.045 4.374 90457
1.045 4.374 90507
1.046 4.395 90557
1.045 4.380 90607
1.046 4.395 90657
1.046 4.395 90707
1.045 4.380 90757
1.046 4.395 90807
1.044 4.395 90857
1.046 4.380 90907
1.046 4.395 90957
1.046 4.395 91007
1.046 4.400 91057
1.046 4.400 91107
1.045 4.406 91157
1.046 4.418 91207
1.046 4.418 91257
1.046 4.418 91307
1.046 4.418 91357
1.044 4.418 91407
1.046 4.418 91457
1.046 4.418 91507
1.045 4.409 91557
1.044 4.418 91607
1.045 4.406 91657
1.046 4.418 91707
1.046 4.418 91757
1.044 4.430 91807
1.046 4.430 91857
1.045 4.421 91907
1.046 4.421 91957
1.046 4.421 92007
1.046 4.421 92057
1.046 4.441 92107
1.044 4.441 92157
1.046 4.441 92207
1.046 4.441 92257
1.045 4.427 92307
1.046 4.441 92357
1.046 4.441 92407
1.046 4.441 92457
1.046 4.441 92507
1.046 4.441 92557
1.046 4.447 92607
1.046 4.441 92657
1.046 4.447 92707
1.046 4.447 92757
1.046 4.465 92807
1.046 4.465 92857
1.046 4.465 92907
1.045 4.453 92957
1.046 4.465 93007
1.046 4.465 93057
1.046 4.465 93107
1.045 4.465 93157
1.046 4.465 93207
1.045 4.465 93257
1.046 4.465 93307
1.045 4.465 93357
1.046 4.465 93407
1.045 4.465 93457
1.046 4.476 93507
1.045 4.468 93557
1.046 4.488 93607
1.046 4.488 93657
1.046 4.488 93707
1.046 4.488 93757
1.046 4.488 93807
1.045 4.473 93857
1.044 4.488 93907
1.046 4.479 93957
1.046 4.488 94007
1.044 4.488 94057
1.045 4.488 94107
1.045 4.488 94157
1.046 4.488 94207
1.045 4.500 94257
1.046 4.488 94307
1.049 4.526 94357
1.046 4.494 94407
1.045 4.500 94457
1.046 4.500 94507
1.046 4.511 94557
1.045 4.500 94607
1.046 4.511 94657
1.046 4.511 94707
1.046 4.511 94757
1.045 4.500 94807
1.046 4.511 94857
1.046 4.511 94907
1.046 4.511 94957
1.046 4.511 95007
1.046 4.511 95057
1.045 4.511 95107
1.045 4.511 95157
1.046 4.511 95207
1.044 4.523 95257
1.044 4.523 95307
1.046 4.535 95357
1.046 4.535 95407
1.046 4.535 95457
1.044 4.535 95507
1.046 4.535 95557
1.046 4.535 95607
1.044 4.535 95657
1.046 4.535 95707
1.046 4.535 95757
1.046 4.535 95807
1.044 4.535 95857
1.046 4.535 95907
1.046 4.535 95957
1.046 4.535 96007
1.046 4.535 96057
1.046 4.546 96107
1.045 4.546 96157
1.046 4.558 96207
1.044 4.540 96257
1.046 4.558 96307
1.044 4.558 96357
1.046 4.558 96407
1.046 4.558 96457
1.046 4.558 96507
1.046 4.558 96557
1.046 4.558 96607
1.044 4.558 96657
1.046 4.558 96707
1.046 4.558 96757
1.044 4.558 96807
1.046 4.558 96857
1.046 4.558 96907
1.046 4.558 96957
1.046 4.564 97007
1.044 4.558 97057
1.046 4.564 97107
1.046 4.564 97157
1.046 4.564 97207
1.046 4.564 97257
1.044 4.581 97307
1.045 4.567 97357
1.046 4.561 97407
1.046 4.581 97457
1.045 4.567 97507
1.044 4.581 97557
1.044 4.581 97607
1.046 4.581 97657
1.046 4.581 97707
1.046 4.567 97757
1.046 4.587 97807
1.046 4.581 97857
1.046 4.581 97907
1.044 4.581 97957
1.042 4.567 98007
1.045 4.593 98057
1.046 4.605 98107
1.046 4.605 98157
1.044 4.605 98207
1.046 4.605 98257
1.045 4.593 98307
1.046 4.605 98357
1.045 4.593 98407
1.046 4.605 98457
1.046 4.605 98507
1.045 4.605 98557
1.046 4.605 98607
1.046 4.605 98657
1.046 4.605 98707
1.046 4.605 98757
1.046 4.616 98807
1.046 4.628 98857
1.046 4.628 98907
1.046 4.616 98957
1.046 4.628 99007
1.046 4.628 99057
1.046 4.628 99107
1.046 4.628 99157
1.046 4.628 99207
1.046 4.628 99257
1.046 4.628 99307
1.046 4.628 99357
1.046 4.628 99407
1.046 4.628 99457
1.046 4.628 99507
1.046 4.628 99557
1.046 4.619 99607
1.046 4.628 99657
1.046 4.628 99707
1.045 4.628 99757
1.046 4.628 99807
1.046 4.628 99857
1.046 4.628 99907
1.046 4.634 99957
1.046 4.640 100007
1.046 4.640 100057
1.046 4.651 100107
1.046 4.651 100157
1.046 4.651 100207
1.046 4.651 100257
1.046 4.651 100307
1.045 4.640 100357
1.044 4.651 100407
1.046 4.651 100457
1.045 4.643 100507
1.046 4.651 100557
1.046 4.651 100607
1.046 4.651 100657
1.046 4.651 100707
1.046 4.651 100757
1.046 4.651 100807
1.046 4.651 100857
1.046 4.657 100907
1.046 4.657 100957
1.046 4.657 101007
1.046 4.657 101057
1.046 4.657 101107
1.046 4.657 101157
1.046 4.657 101207
1.046 4.657 101257
1.044 4.660 101307
1.046 4.660 101357
1.046 4.660 101407
1.046 4.675 101457
1.046 4.660 101507
1.046 4.675 101557
1.044 4.675 101607
1.046 4.675 101657
1.046 4.675 101707
1.046 4.675 101757
1.046 4.680 101807
1.046 4.675 101857
1.046 4.680 101907
1.045 4.686 101957
1.046 4.680 102007
1.046 4.680 102057
1.046 4.680 102107
1.045 4.686 102157
1.046 4.698 102207
1.045 4.686 102257
1.045 4.686 102307
1.046 4.698 102357
1.046 4.698 102407
1.046 4.698 102457
1.046 4.698 102507
1.046 4.698 102557
1.046 4.698 102607
1.046 4.698 102657
1.045 4.698 102707
1.044 4.698 102757
1.046 4.698 102807
1.046 4.698 102857
1.046 4.698 102907
1.046 4.710 102957
1.046 4.698 103007
1.046 4.710 103057
1.046 4.721 103107
1.044 4.721 103157
1.044 4.721 103207
1.044 4.721 103257
1.045 4.701 103307
1.042 4.701 103357
1.044 4.721 103407
1.042 4.721 103457
1.042 4.721 103507
1.042 4.721 103557
1.039 4.721 103607
1.039 4.721 103657
1.037 4.721 103707
1.037 4.721 103757
1.037 4.721 103807
1.035 4.721 103857
1.035 4.721 103907
1.033 4.721 103957
1.033 4.721 104007
1.033 4.721 104057
1.031 4.727 104107
1.029 4.727 104157
1.029 4.745 104207
1.029 4.727 104257
1.027 4.745 104307
1.027 4.745 104357
1.025 4.745 104407
1.025 4.745 104457
1.025 4.745 104507
1.023 4.745 104557
1.023 4.745 104607
1.021 4.745 104657
1.020 4.745 104707
1.018 4.745 104757
1.018 4.745 104807
1.017 4.745 104857
1.016 4.745 104907
1.016 4.745 104957
1.015 4.745 105007
1.015 4.745 105057
1.013 4.745 105107
1.013 4.748 105157
1.010 4.750 105207
1.012 4.750 105257
1.010 4.750 105307
1.008 4.750 105357
1.008 4.750 105407
1.008 4.750 105457
1.006 4.750 105507
1.004 4.750 105557
1.004 4.768 105607
1.004 4.768 105657
1.002 4.768 105707
1.001 4.768 105757
1.001 4.768 105807
0.999 4.768 105857
0.999 4.768 105907
0.998 4.753 105957
0.997 4.768 106007
0.997 4.753 106057
0.996 4.753 106107
0.995 4.753 106157
0.994 4.753 106207
0.993 4.768 106257
0.991 4.774 106307
0.991 4.774 106357
0.989 4.774 106407
0.988 4.780 106457
0.987 4.780 106507
0.987 4.791 106557
0.985 4.780 106607
0.984 4.791 106657
0.982 4.780 106707
0.981 4.791 106757
0.978 4.780 106807
0.970 4.791 106857
0.879 4.791 106907
0.699 4.800 106957
0.525 4.838 107007
0.453 4.838 107057
0.297 4.850 107107
0.159 4.861 107157
0.098 4.826 107207
-0.029 4.850 107257
-0.133 4.861 107308
-0.238 4.873 107359
-0.243 4.873 107410
-0.336 4.885 107461
-0.429 4.908 107512
-0.436 4.908 107563
-0.520 4.908 107614
-0.576 4.931 107665
-0.658 4.937 107716
-0.683 4.937 107767
-0.709 4.937 107818
-0.796 4.940 107869
-0.748 4.955 107920
-0.925 5.025 107971
-0.897 4.990 108022
-0.927 5.007 108073
-0.929 5.001 108124
-0.931 5.001 108175
-0.930 5.001 108226
-0.931 5.001 108277
-0.932 5.001 108328
-0.931 5.001 108379
-0.931 5.001 108430
-0.931 5.001 108481
-0.931 5.001 108532
-0.931 5.001 108583
-0.931 4.978 108634
-0.930 4.978 108685
-0.929 4.978 108736
-0.931 4.978 108787
-0.932 4.990 108838
-0.930 4.978 108889
-0.932 4.978 108940
-0.935 4.978 108991
0.918 4.707 109042
1.008 4.698 109092
1.010 4.698 109142
0.982 4.698 109192
1.011 4.686 109242
1.001 4.675 109292
0.951 4.698 109342
1.010 4.675 109392
0.989 4.675 109442
0.987 4.675 109492
0.989 4.675 109542
0.990 4.660 109592
0.987 4.657 109642
0.987 4.675 109692
0.989 4.657 109742
0.987 4.657 109792
0.987 4.657 109842
0.988 4.654 109892
0.987 4.651 109942
0.989 4.651 109992
0.989 4.651 110042
0.987 4.651 110092
0.987 4.651 110142
0.987 4.634 110192
0.987 4.628 110242
0.982 4.628 110292
0.987 4.628 110342
0.987 4.628 110392
0.989 4.628 110442
0.984 4.628 110492
0.989 4.628 110542
0.987 4.628 110592
0.982 4.616 110642
0.989 4.628 110692
0.978 4.605 110742
0.986 4.605 110792
0.980 4.605 110842
0.987 4.596 110892
0.976 4.605 110942
0.983 4.605 110992
0.980 4.587 111042
0.979 4.581 111092
0.982 4.581 111142
0.979 4.567 111192
0.978 4.581 111242
0.982 4.581 111292
0.982 4.581 111342
0.978 4.581 111392
0.978 4.564 111442
0.982 4.581 111492
0.979 4.558 111542
0.978 4.558 111592
0.984 4.558 111642
0.980 4.558 111692
0.981 4.558 111742
0.982 4.558 111792
0.982 4.558 111842
0.978 4.558 111892
0.980 4.558 111942
0.982 4.540 111992
0.982 4.540 112042
0.978 4.535 112092
0.984 4.535 112142
0.981 4.535 112192
0.982 4.535 112242
0.984 4.535 112292
0.985 4.535 112342
0.981 4.535 112392
0.982 4.523 112442
0.982 4.511 112492
0.984 4.511 112542
0.979 4.511 112592
0.980 4.511 112642
0.982 4.511 112692
0.982 4.511 112742
0.989 4.535 112792
0.976 4.511 112842
0.982 4.494 112892
0.978 4.488 112942
0.985 4.500 112992
0.973 4.473 113042
0.978 4.488 113092
0.976 4.488 113142
0.974 4.476 113192
0.981 4.488 113242
0.977 4.468 113292
0.978 4.465 113342
0.974 4.465 113392
0.978 4.465 113442
0.976 4.465 113492
0.976 4.465 113542
0.978 4.465 113592
0.978 4.465 113642
0.976 4.447 113692
0.976 4.441 113742
0.978 4.453 113792
0.978 4.441 113842
0.974 4.441 113892
0.981 4.441 113942
0.977 4.441 113992
0.978 4.441 114042
0.980 4.441 114092
0.981 4.441 114142
0.977 4.418 114192
0.978 4.418 114242
0.981 4.430 114292
0.980 4.418 114342
0.978 4.418 114392
0.982 4.418 114442
0.978 4.418 114492
0.980 4.418 114542
0.982 4.418 114592
0.981 4.406 114642
0.978 4.400 114692
0.976 4.395 114742
0.982 4.395 114792
0.973 4.380 114842
0.978 4.395 114892
0.974 4.377 114942
0.982 4.395 114992
0.977 4.380 115042
0.978 4.374 115092
0.974 4.371 115142
0.973 4.371 115192
0.976 4.363 115242
0.974 4.371 115292
0.974 4.363 115342
0.977 4.371 115392
0.976 4.371 115442
0.973 4.354 115492
0.978 4.348 115542
0.974 4.348 115592
0.976 4.348 115642
0.973 4.348 115692
0.976 4.348 115742
0.974 4.348 115792
0.977 4.348 115842
0.981 4.360 115892
0.978 4.348 115942
0.974 4.325 115992
0.976 4.307 116042
0.976 4.307 116092
0.976 4.325 116142
0.974 4.325 116192
0.981 4.325 116242
0.978 4.325 116292
0.978 4.325 116342
0.980 4.325 116392
0.980 4.325 116442
0.977 4.307 116492
0.982 4.325 116542
0.980 4.307 116592
0.980 4.301 116642
0.978 4.301 116692
0.976 4.287 116742
0.979 4.301 116792
0.974 4.284 116842
0.982 4.287 116892
0.973 4.278 116942
0.979 4.281 116992
0.974 4.278 117042
0.980 4.278 117092
0.972 4.278 117142
0.974 4.278 117192
0.974 4.278 117242
0.971 4.255 117292
0.976 4.255 117342
0.974 4.255 117392
0.974 4.255 117442
0.970 4.255 117492
0.976 4.255 117542
0.974 4.255 117592
0.974 4.255 117642
0.976 4.255 117692
0.974 4.243 117742
0.974 4.231 117792
0.978 4.255 117842
0.976 4.231 117892
0.976 4.231 117942
0.974 4.231 117992
0.978 4.220 118042
0.974 4.231 118092
0.975 4.220 118142
0.978 4.231 118192
0.978 4.231 118242
0.974 4.220 118292
0.980 4.208 118342
0.977 4.208 118392
0.978 4.208 118442
0.974 4.193 118492
0.981 4.208 118542
0.977 4.193 118592
0.978 4.190 118642
0.980 4.190 118692
0.976 4.185 118742
0.978 4.190 118792
0.976 4.185 118842
0.981 4.185 118892
0.970 4.167 118942
0.976 4.185 118992
0.970 4.161 119042
0.978 4.167 119092
0.976 4.161 119142
0.978 4.185 119192
0.974 4.185 119242
0.974 4.173 119292
0.974 4.161 119342
0.970 4.150 119392
0.970 4.150 119442
0.974 4.150 119492
0.974 4.150 119542
0.970 4.138 119592
0.976 4.138 119642
0.974 4.138 119692
0.974 4.138 119742
0.970 4.138 119792
0.976 4.138 119842
0.974 4.120 119892
0.974 4.115 119942
0.976 4.120 119992
0.976 4.115 120042
0.973 4.115 120092
0.978 4.115 120142
0.974 4.115 120192
0.976 4.115 120242
0.973 4.115 120292
0.978 4.115 120342
0.974 4.115 120392
0.976 4.103 120442
0.978 4.115 120492
0.978 4.097 120542
0.976 4.091 120592
0.980 4.091 120642
0.977 4.083 120692
0.978 4.091 120742
0.977 4.080 120792
0.974 4.091 120842
0.980 4.091 120892
0.974 4.068 120942
0.981 4.091 120992
0.970 4.068 121042
0.978 4.068 121092
0.974 4.068 121142
0.976 4.068 121192
0.970 4.056 121242
0.974 4.056 121292
0.973 4.045 121342
0.970 4.045 121392
0.974 4.045 121442
0.972 4.045 121492
0.973 4.045 121542
0.974 4.045 121592
0.974 4.033 121642
0.970 4.027 121692
0.972 4.021 121742
0.974 4.027 121792
0.974 4.033 121842
0.970 4.021 121892
0.976 4.021 121942
0.974 4.021 121992
0.974 4.021 122042
0.976 4.021 122092
0.976 4.007 122142
0.973 4.001 122192
0.974 3.998 122242
0.974 3.998 122292
0.976 3.998 122342
0.973 3.989 122392
0.979 3.998 122442
0.976 3.998 122492
0.977 3.998 122542
0.978 3.989 122592
0.978 3.998 122642
0.976 3.998 122692
0.975 3.986 122742
0.978 3.980 122792
0.971 3.966 122842
0.976 3.975 122892
0.971 3.960 122942
0.977 3.966 122992
0.968 3.951 123042
0.974 3.975 123092
0.970 3.951 123142
0.975 3.951 123192
0.973 3.951 123242
0.973 3.943 123292
0.970 3.951 123342
0.973 3.951 123392
0.973 3.940 123442
0.970 3.928 123492
0.969 3.928 123542
0.970 3.928 123592
0.973 3.928 123642
0.968 3.913 123692
0.974 3.928 123742
0.972 3.913 123792
0.972 3.913 123842
0.974 3.913 123892
0.974 3.910 123942
0.972 3.905 123992
0.973 3.905 124042
0.974 3.905 124092
0.974 3.905 124142
0.972 3.905 124192
0.976 3.905 124242
0.974 3.905 124292
0.974 3.905 124342
0.977 3.893 124392
0.976 3.905 124442
0.974 3.881 124492
0.973 3.881 124542
0.975 3.893 124592
0.976 3.881 124642
0.973 3.873 124692
0.978 3.881 124742
0.975 3.870 124792
0.974 3.881 124842
0.978 3.881 124892
0.970 3.858 124942
0.974 3.870 124992
0.972 3.858 125042
0.978 3.858 125092
0.968 3.858 125142
0.976 3.858 125192
0.970 3.846 125242
0.972 3.835 125292
0.974 3.846 125342
0.972 3.835 125392
0.970 3.835 125442
0.966 3.820 125492
0.973 3.835 125542
0.968 3.835 125592
0.969 3.814 125642
0.973 3.835 125692
0.974 3.817 125742
0.968 3.811 125792
0.972 3.811 125842
0.973 3.811 125892
0.973 3.811 125942
0.969 3.800 125992
0.974 3.811 126042
0.973 3.800 126092
0.973 3.800 126142
0.974 3.811 126192
0.976 3.811 126242
0.973 3.800 126292
0.974 3.794 126342
0.974 3.800 126392
0.975 3.788 126442
0.972 3.788 126492
0.977 3.788 126542
0.974 3.788 126592
0.974 3.773 126642
0.978 3.788 126692
0.977 3.768 126742
0.974 3.768 126792
0.974 3.765 126842
0.976 3.765 126892
0.969 3.753 126942
0.974 3.765 126992
0.968 3.741 127042
0.976 3.765 127092
0.971 3.741 127142
0.978 3.753 127192
0.968 3.733 127242
0.972 3.741 127292
0.972 3.741 127342
0.970 3.741 127392
0.968 3.730 127442
0.972 3.741 127492
0.970 3.730 127542
0.968 3.718 127592
0.974 3.730 127642
0.970 3.718 127692
0.970 3.718 127742
0.968 3.718 127792
0.973 3.709 127842
0.970 3.718 127892
0.972 3.700 127942
0.974 3.718 127992
0.974 3.706 128042
0.969 3.695 128092
0.976 3.700 128142
0.971 3.695 128192
0.973 3.695 128242
0.970 3.695 128292
0.974 3.695 128342
0.973 3.680 128392
0.973 3.695 128442
0.973 3.671 128492
0.974 3.674 128542
0.972 3.671 128592
0.978 3.683 128642
0.973 3.671 128692
0.974 3.663 128742
0.973 3.660 128792
0.977 3.663 128842
0.973 3.660 128892
0.973 3.660 128942
0.977 3.671 128992
0.967 3.633 129042
0.974 3.633 129092
0.970 3.648 129142
0.976 3.648 129192
0.966 3.630 129242
0.973 3.633 129292
0.968 3.625 129342
0.970 3.630 129392
0.970 3.625 129442
0.968 3.625 129492
0.968 3.616 129542
0.965 3.625 129592
0.973 3.613 129642
0.968 3.607 129692
0.970 3.625 129742
0.970 3.613 129792
0.972 3.607 129842
0.968 3.601 129892
0.974 3.607 129942
0.970 3.601 129992
0.970 3.601 130042
0.968 3.601 130092
0.973 3.593 130142
0.969 3.581 130192
0.970 3.581 130242
0.974 3.601 130292
0.973 3.581 130342
0.970 3.578 130392
0.976 3.578 130442
0.974 3.578 130492
0.974 3.578 130542
0.970 3.560 130592
0.975 3.566 130642
0.973 3.566 130692
0.973 3.566 130742
0.975 3.566 130792
0.975 3.566 130842
0.973 3.555 130892
0.974 3.555 130942
0.976 3.555 130992
0.966 3.537 131042
0.974 3.537 131092
0.968 3.531 131142
0.976 3.537 131192
0.972 3.531 131242
0.979 3.534 131292
0.967 3.520 131342
0.973 3.523 131392
0.970 3.531 131442
0.968 3.531 131492
0.968 3.508 131542
0.970 3.508 131592
0.970 3.508 131642
0.968 3.508 131692
0.973 3.508 131742
0.968 3.508 131792
0.969 3.493 131842
0.966 3.493 131892
0.974 3.508 131942
0.969 3.488 131992
0.970 3.485 132042
0.970 3.485 132092
0.973 3.488 132142
0.970 3.485 132192
0.974 3.485 132242
0.972 3.485 132292
0.971 3.473 132342
0.970 3.485 132392
0.974 3.485 132442
0.972 3.467 132492
0.973 3.473 132542
0.973 3.473 132592
0.974 3.447 132642
0.970 3.447 132692
0.975 3.447 132742
0.974 3.461 132792
0.973 3.447 132842
0.970 3.441 132892
0.974 3.441 132942
0.973 3.441 132992
0.970 3.438 133042
0.975 3.441 133092
0.968 3.438 133142
0.974 3.444 133192
0.970 3.438 133242
0.977 3.438 133292
0.966 3.426 133342
0.973 3.438 133392
0.969 3.426 133442
0.968 3.415 133492
0.973 3.415 133542
0.968 3.415 133592
0.968 3.400 133642
0.970 3.415 133692
0.965 3.380 133742
0.965 3.391 133792
0.968 3.391 133842
0.970 3.391 133892
0.970 3.391 133942
0.968 3.391 133992
0.974 3.391 134042
0.970 3.391 134092
0.970 3.391 134142
0.974 3.391 134192
0.974 3.391 134242
0.970 3.391 134292
0.970 3.368 134342
0.974 3.391 134392
0.974 3.368 134442
0.970 3.368 134492
0.976 3.368 134542
0.973 3.359 134592
0.973 3.356 134642
0.974 3.368 134692
0.974 3.368 134742
0.972 3.356 134792
0.973 3.345 134842
0.974 3.345 134892
0.974 3.345 134942
0.972 3.345 134992
0.972 3.345 135042
0.973 3.333 135092
0.965 3.321 135142
0.973 3.333 135192
0.968 3.321 135242
0.974 3.327 135292
0.970 3.321 135342
0.975 3.321 135392
0.970 3.321 135442
0.974 3.321 135492
0.974 3.321 135542
0.970 3.304 135592
0.969 3.298 135642
0.973 3.310 135692
0.972 3.298 135742
0.968 3.298 135792
0.974 3.298 135842
0.969 3.289 135892
0.972 3.298 135942
0.973 3.298 135992
0.973 3.298 136042
0.969 3.286 136092
0.970 3.275 136142
0.974 3.280 136192
0.973 3.260 136242
0.970 3.260 136292
0.975 3.286 136342
0.973 3.275 136392
0.973 3.275 136442
0.973 3.260 136492
0.974 3.275 136542
0.973 3.254 136592
0.973 3.251 136642
0.974 3.251 136692
0.973 3.243 136742
0.970 3.251 136792
0.976 3.251 136842
0.974 3.251 136892
0.974 3.243 136942
0.976 3.251 136992
0.972 3.234 137042
0.974 3.234 137092
0.969 3.228 137142
0.976 3.240 137192
0.966 3.228 137242
0.974 3.228 137292
0.968 3.228 137342
0.974 3.228 137392
0.969 3.208 137442
0.970 3.205 137492
0.968 3.205 137542
0.965 3.193 137592
0.970 3.205 137642
0.968 3.205 137692
0.968 3.205 137742
0.970 3.205 137792
0.970 3.193 137842
0.968 3.187 137892
0.968 3.193 137942
0.970 3.181 137992
0.970 3.193 138042
0.967 3.181 138092
0.974 3.181 138142
0.970 3.181 138192
0.970 3.167 138242
0.973 3.167 138292
0.973 3.164 138342
0.969 3.161 138392
0.969 3.149 138442
0.972 3.158 138492
0.973 3.158 138542
0.970 3.158 138592
0.974 3.158 138642
0.970 3.146 138692
0.973 3.146 138742
0.974 3.140 138792
0.976 3.158 138842
0.973 3.140 138892
0.973 3.135 138942
0.974 3.135 138992
0.973 3.135 139042
0.974 3.135 139092
0.969 3.120 139142
0.974 3.120 139192
0.970 3.114 139242
0.976 3.135 139292
0.965 3.111 139342
0.974 3.117 139392
0.970 3.111 139442
0.973 3.111 139492
0.966 3.100 139542
0.972 3.111 139592
0.968 3.100 139642
0.965 3.088 139692
0.973 3.100 139742
0.968 3.073 139792
0.968 3.088 139842
0.965 3.073 139892
0.973 3.088 139942
0.968 3.088 139992
0.970 3.070 140042
0.972 3.070 140092
0.972 3.070 140142
0.968 3.065 140192
0.973 3.068 140242
0.970 3.065 140292
0.970 3.065 140342
0.968 3.065 140392
0.974 3.065 140442
0.970 3.065 140492
0.972 3.065 140542
0.973 3.053 140592
0.974 3.065 140642
0.970 3.041 140692
0.975 3.053 140742
0.973 3.041 140792
0.974 3.041 140842
0.971 3.027 140892
0.975 3.041 140942
0.973 3.027 140992
0.974 3.041 141042
0.974 3.027 141092
0.970 3.018 141142
0.974 3.018 141192
0.968 3.009 141242
0.974 3.018 141292
0.964 3.006 141342
0.974 3.018 141392
0.968 3.000 141442
0.973 3.006 141492
0.970 2.995 141542
0.970 2.995 141592
0.968 2.995 141642
0.964 2.980 141692
0.970 2.983 141742
0.968 2.995 141792
0.968 2.983 141842
0.970 2.974 141892
0.970 2.983 141942
0.966 2.971 141992
0.973 2.974 142042
0.970 2.971 142092
0.970 2.971 142142
0.966 2.960 142192
0.974 2.971 142242
0.970 2.971 142292
0.970 2.960 142342
0.973 2.960 142392
0.973 2.960 142442
0.970 2.948 142492
0.974 2.954 142542
0.972 2.948 142592
0.973 2.948 142642
0.969 2.933 142692
0.978 2.948 142742
0.974 2.948 142792
0.973 2.933 142842
0.976 2.930 142892
0.975 2.928 142942
0.973 2.925 142992
0.978 2.928 143042
0.975 2.925 143092
0.972 2.925 143142
0.974 2.925 143192
0.970 2.913 143242
0.974 2.925 143292
0.970 2.907 143342
0.977 2.913 143392
0.966 2.887 143442
0.974 2.901 143492
0.969 2.887 143542
0.970 2.901 143592
0.968 2.884 143642
0.969 2.881 143692
0.970 2.884 143742
0.965 2.878 143792
0.972 2.878 143842
0.968 2.878 143892
0.970 2.878 143942
0.965 2.860 143992
0.972 2.878 144042
0.968 2.860 144092
0.968 2.860 144142
0.970 2.866 144192
0.970 2.855 144242
0.968 2.855 144292
0.974 2.866 144342
0.970 2.855 144392
0.971 2.846 144442
0.968 2.837 144492
0.973 2.846 144542
0.972 2.843 144592
0.973 2.834 144642
0.974 2.843 144692
0.974 2.831 144742
0.970 2.831 144792
0.975 2.831 144842
0.973 2.831 144892
0.973 2.823 144942
0.970 2.831 144992
0.976 2.831 145042
0.973 2.820 145092
0.974 2.814 145142
0.974 2.814 145192
0.967 2.793 145242
0.973 2.808 145292
0.970 2.793 145342
0.974 2.808 145392
0.965 2.785 145442
0.974 2.790 145492
0.968 2.785 145542
0.969 2.785 145592
0.970 2.785 145642
0.969 2.776 145692
0.966 2.773 145742
0.970 2.785 145792
0.970 2.785 145842
0.968 2.785 145892
0.968 2.785 145942
0.969 2.753 145992
0.970 2.761 146042
0.965 2.761 146092
0.973 2.761 146142
0.970 2.761 146192
0.970 2.761 146242
0.974 2.761 146292
0.973 2.747 146342
0.970 2.738 146392
0.970 2.738 146442
0.973 2.741 146492
0.972 2.738 146542
0.970 2.738 146592
0.974 2.738 146642
0.970 2.726 146692
0.973 2.729 146742
0.974 2.738 146792
0.974 2.726 146842
0.970 2.700 146892
0.973 2.700 146942
0.974 2.715 146992
0.974 2.715 147042
0.972 2.715 147092
0.977 2.700 147142
0.973 2.700 147192
0.967 2.694 147242
0.974 2.726 147292
0.967 2.691 147342
0.974 2.694 147392
0.970 2.691 147442
0.976 2.691 147492
0.965 2.680 147542
0.974 2.691 147592
0.970 2.691 147642
0.969 2.680 147692
0.968 2.691 147742
0.970 2.691 147792
0.968 2.668 147842
0.964 2.656 147892
0.971 2.653 147942
0.968 2.668 147992
0.966 2.645 148042
0.969 2.645 148092
0.972 2.656 148142
0.970 2.668 148192
0.970 2.668 148242
0.971 2.648 148292
0.973 2.645 148342
0.968 2.645 148392
0.973 2.645 148442
0.970 2.633 148492
0.970 2.633 148542
0.973 2.633 148592
0.974 2.627 148642
0.970 2.621 148692
0.970 2.621 148742
0.974 2.621 148792
0.973 2.621 148842
0.970 2.610 148892
0.975 2.613 148942
0.973 2.610 148992
0.973 2.607 149042
0.974 2.607 149092
0.975 2.607 149142
0.973 2.598 149192
0.970 2.598 149242
0.974 2.598 149292
0.968 2.586 149342
0.973 2.589 149392
0.968 2.580 149442
0.974 2.586 149492
0.970 2.580 149542
0.977 2.586 149592
0.966 2.566 149642
0.968 2.575 149692
0.970 2.575 149742
0.968 2.575 149792
0.968 2.563 149842
0.969 2.560 149892
0.970 2.563 149942
0.968 2.551 149992
0.973 2.563 150042
0.974 2.551 150092
0.974 2.551 150142
0.970 2.551 150192
0.976 2.551 150242
0.973 2.540 150292
0.973 2.540 150342
0.974 2.551 150392
0.974 2.540 150442
0.970 2.528 150492
0.972 2.528 150542
0.974 2.528 150592
0.974 2.528 150642
0.970 2.528 150692
0.976 2.528 150742
0.973 2.513 150792
0.973 2.513 150842
0.974 2.528 150892
0.974 2.505 150942
0.972 2.505 150992
0.974 2.505 151042
0.974 2.505 151092
0.974 2.505 151142
0.974 2.505 151192
0.978 2.505 151242
0.975 2.505 151292
0.974 2.505 151342
0.976 2.505 151392
0.964 2.458 151442
0.973 2.458 151492
0.968 2.470 151542
0.975 2.473 151592
0.966 2.464 151642
0.970 2.467 151692
0.969 2.461 151742
0.968 2.470 151792
0.974 2.470 151842
0.970 2.458 151892
0.970 2.458 151942
0.966 2.458 151992
0.973 2.458 152042
0.968 2.446 152092
0.970 2.446 152142
0.972 2.458 152192
0.972 2.446 152242
0.968 2.435 152292
0.974 2.440 152342
0.972 2.435 152392
0.972 2.435 152442
0.969 2.420 152492
0.974 2.435 152542
0.970 2.420 152592
0.973 2.417 152642
0.974 2.417 152692
0.973 2.414 152742
0.972 2.411 152792
0.976 2.411 152842
0.973 2.411 152892
0.974 2.411 152942
0.972 2.411 152992
0.976 2.411 153042
0.974 2.411 153092
0.974 2.411 153142
0.976 2.411 153192
0.976 2.394 153242
0.974 2.388 153292
0.972 2.388 153342
0.976 2.388 153392
0.968 2.388 153442
0.974 2.388 153492
0.970 2.376 153542
0.976 2.388 153592
0.972 2.365 153642
0.976 2.376 153692
0.968 2.365 153742
0.968 2.365 153792
0.972 2.365 153842
0.968 2.353 153892
0.968 2.347 153942
0.970 2.347 153992
0.970 2.347 154042
0.968 2.341 154092
0.974 2.347 154142
0.970 2.341 154192
0.972 2.341 154242
0.968 2.341 154292
0.974 2.341 154342
0.970 2.324 154392
0.970 2.318 154442
0.972 2.318 154492
0.974 2.324 154542
0.973 2.324 154592
0.978 2.341 154642
0.972 2.318 154692
0.973 2.318 154742
0.970 2.306 154792
0.974 2.318 154842
0.972 2.300 154892
0.973 2.295 154942
0.973 2.306 154992
0.974 2.300 155042
0.973 2.295 155092
0.978 2.295 155142
0.974 2.295 155192
0.974 2.295 155242
0.972 2.283 155292
0.974 2.283 155342
0.974 2.283 155392
0.970 2.271 155442
0.976 2.283 155492
0.968 2.271 155542
0.974 2.271 155592
0.969 2.260 155642
0.976 2.271 155692
0.968 2.248 155742
0.972 2.248 155792
0.970 2.248 155842
0.968 2.248 155892
0.972 2.248 155942
0.968 2.248 155992
0.968 2.236 156042
0.972 2.248 156092
0.973 2.248 156142
0.968 2.225 156192
0.970 2.225 156242
0.970 2.225 156292
0.971 2.216 156342
0.968 2.216 156392
0.974 2.225 156442
0.972 2.225 156492
0.971 2.213 156542
0.968 2.213 156592
0.974 2.225 156642
0.972 2.201 156692
0.973 2.201 156742
0.974 2.201 156792
0.974 2.201 156842
0.970 2.193 156892
0.977 2.201 156942
0.974 2.201 156992
0.974 2.201 157042
0.972 2.190 157092
0.976 2.190 157142
0.974 2.184 157192
0.974 2.178 157242
0.976 2.178 157292
0.974 2.178 157342
0.974 2.178 157392
0.974 2.178 157442
0.978 2.178 157492
0.970 2.155 157542
0.976 2.166 157592
0.970 2.155 157642
0.977 2.160 157692
0.974 2.155 157742
0.973 2.140 157792
0.970 2.137 157842
0.974 2.155 157892
0.972 2.137 157942
0.968 2.131 157992
0.968 2.131 158042
0.971 2.131 158092
0.973 2.131 158142
0.968 2.120 158192
0.974 2.131 158242
0.970 2.131 158292
0.972 2.131 158342
0.974 2.131 158392
0.974 2.120 158442
0.970 2.108 158492
0.971 2.108 158542
0.974 2.108 158592
0.974 2.108 158642
0.970 2.108 158692
0.975 2.108 158742
0.974 2.108 158792
0.973 2.090 158842
0.974 2.096 158892
0.974 2.096 158942
0.973 2.085 158992
0.974 2.085 159042
0.974 2.085 159092
0.976 2.085 159142
0.973 2.085 159192
0.978 2.085 159242
0.976 2.085 159292
0.976 2.085 159342
0.974 2.067 159392
0.973 2.061 159442
0.976 2.061 159492
0.970 2.061 159542
0.977 2.061 159592
0.967 2.038 159642
0.976 2.061 159692
0.970 2.044 159742
0.974 2.044 159792
0.968 2.038 159842
0.972 2.038 159892
0.970 2.038 159942
0.967 2.026 159992
0.974 2.038 160042
0.969 2.026 160092
0.970 2.026 160142
0.970 2.015 160192
0.973 2.026 160242
0.969 2.015 160292
0.970 2.015 160342
0.973 2.015 160392
0.973 2.015 160442
0.969 2.000 160492
0.974 2.015 160542
0.972 2.003 160592
0.973 1.994 160642
0.974 1.991 160692
0.974 1.997 160742
0.972 1.991 160792
0.973 1.983 160842
0.974 1.991 160892
0.974 1.991 160942
0.972 1.980 160992
0.977 1.991 161042
0.974 1.991 161092
0.974 1.980 161142
0.977 1.980 161192
0.977 1.968 161242
0.974 1.968 161292
0.973 1.953 161342
0.976 1.968 161392
0.973 1.950 161442
0.974 1.968 161492
0.972 1.945 161542
0.976 1.968 161592
0.972 1.945 161642
0.978 1.948 161692
0.969 1.933 161742
0.976 1.945 161792
0.971 1.933 161842
0.972 1.933 161892
0.968 1.921 161942
0.973 1.933 161992
0.972 1.921 162042
0.968 1.921 162092
0.974 1.921 162142
0.970 1.921 162192
0.970 1.921 162242
0.968 1.910 162292
0.973 1.907 162342
0.970 1.898 162392
0.972 1.898 162442
0.974 1.898 162492
0.973 1.898 162542
0.970 1.889 162592
0.970 1.886 162642
0.974 1.898 162692
0.973 1.886 162742
0.972 1.898 162792
0.976 1.898 162842
0.974 1.880 162892
0.974 1.880 162942
0.976 1.880 162992
0.975 1.875 163042
0.974 1.875 163092
0.973 1.863 163142
0.976 1.875 163192
0.976 1.875 163242
0.974 1.863 163292
0.978 1.863 163342
0.976 1.863 163392
0.974 1.851 163442
0.978 1.863 163492
0.970 1.840 163542
0.974 1.843 163592
0.972 1.840 163642
0.978 1.840 163692
0.968 1.828 163742
0.976 1.840 163792
0.972 1.828 163842
0.974 1.828 163892
0.973 1.819 163942
0.972 1.828 163992
0.970 1.808 164042
0.968 1.805 164092
0.974 1.828 164142
0.970 1.805 164192
0.970 1.805 164242
0.973 1.805 164292
0.973 1.805 164342
0.970 1.805 164392
0.975 1.805 164442
0.973 1.805 164492
0.973 1.793 164542
0.970 1.781 164592
0.976 1.793 164642
0.973 1.787 164692
0.976 1.787 164742
0.977 1.793 164792
0.977 1.781 164842
0.974 1.767 164892
0.979 1.787 164942
0.977 1.767 164992
0.976 1.781 165042
0.974 1.764 165092
0.978 1.767 165142
0.976 1.764 165192
0.976 1.764 165242
0.978 1.764 165292
0.977 1.758 165342
0.974 1.749 165392
0.975 1.746 165442
0.978 1.746 165492
0.971 1.735 165542
0.974 1.740 165592
0.972 1.735 165642
0.978 1.740 165692
0.974 1.735 165742
0.979 1.735 165792
0.970 1.723 165842
0.974 1.717 165892
0.974 1.717 165942
0.973 1.717 165992
0.970 1.711 166042
0.973 1.711 166092
0.973 1.711 166142
0.968 1.711 166192
0.973 1.703 166242
0.970 1.700 166292
0.973 1.700 166342
0.968 1.688 166392
0.974 1.694 166442
0.970 1.688 166492
0.973 1.688 166542
0.974 1.688 166592
0.974 1.688 166642
0.972 1.673 166692
0.977 1.679 166742
0.974 1.673 166792
0.974 1.673 166842
0.972 1.665 166892
0.976 1.673 166942
0.974 1.670 166992
0.974 1.665 167042
0.976 1.665 167092
0.977 1.665 167142
0.974 1.665 167192
0.979 1.665 167242
0.975 1.653 167292
0.974 1.653 167342
0.974 1.647 167392
0.978 1.653 167442
0.976 1.641 167492
0.973 1.641 167542
0.978 1.641 167592
0.969 1.621 167642
0.975 1.633 167692
0.972 1.630 167742
0.978 1.627 167792
0.968 1.618 167842
0.976 1.630 167892
0.972 1.618 167942
0.972 1.618 167992
0.974 1.618 168042
0.971 1.606 168092
0.972 1.600 168142
0.973 1.606 168192
0.974 1.600 168242
0.970 1.595 168292
0.970 1.595 168342
0.974 1.595 168392
0.973 1.580 168442
0.970 1.574 168492
0.976 1.595 168542
0.973 1.580 168592
0.973 1.577 168642
0.970 1.571 168692
0.975 1.574 168742
0.974 1.571 168792
0.973 1.571 168842
0.974 1.563 168892
0.976 1.571 168942
0.974 1.571 168992
0.978 1.571 169042
0.974 1.571 169092
0.974 1.560 169142
0.973 1.548 169192
0.978 1.560 169242
0.976 1.548 169292
0.975 1.548 169342
0.978 1.548 169392
0.978 1.548 169442
0.974 1.548 169492
0.978 1.539 169542
0.977 1.528 169592
0.970 1.525 169642
0.976 1.525 169692
0.970 1.513 169742
0.978 1.530 169792
0.974 1.525 169842
0.978 1.525 169892
0.969 1.501 169942
0.973 1.513 169992
0.973 1.501 170042
0.972 1.501 170092
0.970 1.501 170142
0.974 1.501 170192
0.973 1.493 170242
0.970 1.490 170292
0.974 1.490 170342
0.973 1.484 170392
0.973 1.490 170442
0.974 1.490 170492
0.974 1.481 170542
0.973 1.478 170592
0.973 1.478 170642
0.974 1.478 170692
0.974 1.466 170742
0.973 1.460 170792
0.978 1.478 170842
0.974 1.466 170892
0.974 1.466 170942
0.976 1.466 170992
0.977 1.466 171042
0.973 1.446 171092
0.974 1.455 171142
0.977 1.455 171192
0.976 1.446 171242
0.974 1.455 171292
0.978 1.446 171342
0.976 1.437 171392
0.975 1.434 171442
0.974 1.431 171492
0.978 1.443 171542
0.977 1.431 171592
0.974 1.431 171642
0.978 1.431 171692
0.969 1.408 171742
0.976 1.420 171792
0.970 1.393 171842
0.978 1.420 171892
0.970 1.396 171942
0.976 1.408 171992
0.972 1.408 172042
0.974 1.408 172092
0.977 1.408 172142
0.974 1.408 172192
0.973 1.388 172242
0.976 1.390 172292
0.974 1.385 172342
0.973 1.385 172392
0.973 1.385 172442
0.974 1.376 172492
0.974 1.385 172542
0.973 1.373 172592
0.977 1.373 172642
0.974 1.367 172692
0.973 1.361 172742
0.975 1.373 172792
0.977 1.373 172842
0.974 1.361 172892
0.974 1.353 172942
0.975 1.353 172992
0.975 1.353 173042
0.974 1.350 173092
0.978 1.361 173142
0.976 1.350 173192
0.977 1.341 173242
0.978 1.344 173292
0.978 1.338 173342
0.974 1.329 173392
0.975 1.329 173442
0.978 1.329 173492
0.978 1.329 173542
0.974 1.326 173592
0.976 1.326 173642
0.978 1.326 173692
0.974 1.315 173742
0.981 1.326 173792
0.970 1.300 173842
0.976 1.315 173892
0.974 1.300 173942
0.980 1.315 173992
0.970 1.291 174042
0.974 1.297 174092
0.974 1.291 174142
0.970 1.283 174192
0.974 1.291 174242
0.973 1.291 174292
0.973 1.280 174342
0.970 1.274 174392
0.974 1.280 174442
0.973 1.274 174492
0.973 1.268 174542
0.973 1.280 174592
0.974 1.268 174642
0.971 1.253 174692
0.973 1.253 174742
0.974 1.256 174792
0.974 1.268 174842
0.973 1.248 174892
0.976 1.268 174942
0.974 1.256 174992
0.974 1.245 175042
0.976 1.245 175092
0.976 1.245 175142
0.974 1.245 175192
0.974 1.233 175242
0.977 1.236 175292
0.977 1.236 175342
0.974 1.233 175392
0.979 1.233 175442
0.976 1.227 175492
0.977 1.233 175542
0.979 1.233 175592
0.977 1.207 175642
0.975 1.207 175692
0.973 1.204 175742
0.979 1.207 175792
0.969 1.189 175842
0.976 1.204 175892
0.970 1.189 175942
0.978 1.204 175992
0.974 1.198 176042
0.974 1.189 176092
0.970 1.186 176142
0.970 1.175 176192
0.974 1.180 176242
0.972 1.175 176292
0.970 1.175 176342
0.974 1.175 176392
0.974 1.175 176442
0.970 1.163 176492
0.976 1.175 176542
0.973 1.163 176592
0.973 1.160 176642
0.970 1.151 176692
0.976 1.163 176742
0.973 1.151 176792
0.974 1.151 176842
0.974 1.151 176892
0.976 1.151 176942
0.973 1.151 176992
0.978 1.151 177042
0.974 1.151 177092
0.975 1.140 177142
0.973 1.128 177192
0.978 1.140 177242
0.974 1.131 177292
0.974 1.128 177342
0.977 1.140 177392
0.978 1.128 177442
0.974 1.128 177492
0.975 1.113 177542
0.977 1.116 177592
0.978 1.116 177642
0.976 1.116 177692
0.974 1.110 177742
0.978 1.116 177792
0.973 1.096 177842
0.979 1.116 177892
0.970 1.081 177942
0.977 1.099 177992
0.974 1.087 178042
0.978 1.105 178092
0.970 1.081 178142
0.974 1.081 178192
0.973 1.081 178242
0.970 1.081 178292
0.974 1.073 178342
0.972 1.070 178392
0.973 1.061 178442
0.970 1.058 178492
0.974 1.067 178542
0.973 1.058 178592
0.973 1.049 178642
0.974 1.058 178692
0.974 1.058 178742
0.972 1.058 178792
0.977 1.058 178842
0.974 1.046 178892
0.974 1.058 178942
0.971 1.035 178992
0.977 1.046 179042
0.974 1.035 179092
0.974 1.035 179142
0.976 1.035 179192
0.976 1.035 179242
0.973 1.020 179292
0.978 1.035 179342
0.976 1.020 179392
0.978 1.020 179442
0.974 1.014 179492
0.979 1.020 179542
0.977 1.017 179592
0.977 1.011 179642
0.979 1.014 179692
0.976 1.011 179742
0.976 1.003 179792
0.973 1.000 179842
0.978 1.011 179892
0.970 0.988 179942
0.976 1.000 179992
0.972 0.988 180042
0.978 1.000 180092
0.974 0.988 180142
0.974 0.988 180192
0.972 0.976 180242
0.973 0.970 180292
0.974 0.976 180342
0.970 0.965 180392
0.970 0.965 180442
0.974 0.965 180492
0.973 0.956 180542
0.970 0.965 180592
0.976 0.965 180642
0.974 0.965 180692
0.974 0.953 180742
0.969 0.941 180792
0.974 0.953 180842
0.973 0.941 180892
0.974 0.941 180942
0.974 0.941 180992
0.974 0.933 181042
0.973 0.927 181092
0.979 0.941 181142
0.976 0.941 181192
0.976 0.941 181242
0.974 0.924 181292
0.978 0.927 181342
0.974 0.918 181392
0.975 0.918 181442
0.978 0.924 181492
0.979 0.921 181542
0.976 0.918 181592
0.979 0.918 181642
0.977 0.906 181692
0.975 0.906 181742
0.974 0.900 181792
0.973 0.886 181842
0.977 0.906 181892
0.974 0.895 181942
0.978 0.900 181992
0.970 0.877 182042
0.977 0.886 182092
0.972 0.877 182142
0.976 0.895 182192
0.967 0.860 182242
0.973 0.871 182292
0.973 0.860 182342
0.970 0.860 182392
0.974 0.871 182442
0.972 0.860 182492
0.973 0.860 182542
0.974 0.860 182592
0.973 0.860 182642
0.970 0.848 182692
0.972 0.848 182742
0.973 0.848 182792
0.974 0.848 182842
0.970 0.836 182892
0.977 0.833 182942
0.974 0.848 182992
0.976 0.848 183042
0.977 0.833 183092
0.976 0.836 183142
0.972 0.825 183192
0.974 0.813 183242
0.976 0.825 183292
0.974 0.813 183342
0.973 0.813 183392
0.978 0.825 183442
0.978 0.825 183492
0.977 0.830 183542
0.978 0.830 183592
0.978 0.813 183642
0.974 0.801 183692
0.975 0.801 183742
0.978 0.807 183792
0.972 0.801 183842
0.974 0.787 183892
0.970 0.781 183942
0.978 0.801 183992
0.968 0.778 184042
0.976 0.790 184092
0.970 0.778 184142
0.974 0.778 184192
0.974 0.778 184242
0.973 0.778 184292
0.970 0.766 184342
0.973 0.766 184392
0.973 0.755 184442
0.970 0.755 184492
0.970 0.746 184542
0.973 0.755 184592
0.974 0.755 184642
0.969 0.737 184692
0.976 0.755 184742
0.972 0.743 184792
0.973 0.743 184842
0.974 0.755 184892
0.975 0.740 184942
0.973 0.731 184992
0.973 0.731 185042
0.974 0.731 185092
0.974 0.731 185142
0.973 0.720 185192
0.977 0.731 185242
0.974 0.731 185292
0.974 0.720 185342
0.976 0.731 185392
0.977 0.720 185442
0.974 0.714 185492
0.974 0.708 185542
0.976 0.720 185592
0.977 0.708 185642
0.973 0.696 185692
0.978 0.714 185742
0.975 0.696 185792
0.973 0.688 185842
0.978 0.699 185892
0.970 0.685 185942
0.975 0.688 185992
0.974 0.685 186042
0.978 0.696 186092
0.970 0.685 186142
0.975 0.685 186192
0.970 0.647 186242
0.970 0.647 186292
0.974 0.661 186342
0.972 0.661 186392
0.970 0.661 186442
0.968 0.644 186492
0.974 0.661 186542
0.974 0.661 186592
0.973 0.647 186642
0.974 0.650 186692
0.970 0.638 186742
0.973 0.638 186792
0.974 0.638 186842
0.974 0.638 186892
0.976 0.644 186942
0.973 0.629 186992
0.978 0.641 187042
0.974 0.632 187092
0.975 0.638 187142
0.977 0.638 187192
0.977 0.638 187242
0.974 0.626 187292
0.974 0.620 187342
0.976 0.638 187392
0.977 0.626 187442
0.973 0.615 187492
0.978 0.626 187542
0.976 0.615 187592
0.977 0.606 187642
0.978 0.615 187692
0.978 0.615 187742
0.975 0.600 187792
0.976 0.597 187842
0.978 0.615 187892
0.970 0.591 187942
0.974 0.591 187992
0.972 0.580 188042
0.977 0.591 188092
0.974 0.580 188142
0.980 0.594 188192
0.972 0.568 188242
0.971 0.568 188292
0.974 0.574 188342
0.974 0.568 188392
0.972 0.568 188442
0.974 0.568 188492
0.974 0.568 188542
0.970 0.556 188592
0.976 0.568 188642
0.972 0.550 188692
0.973 0.545 188742
0.970 0.533 188792
0.974 0.545 188842
0.972 0.533 188892
0.974 0.533 188942
0.974 0.545 188992
0.974 0.533 189042
0.970 0.521 189092
0.977 0.533 189142
0.974 0.527 189192
0.974 0.521 189242
0.972 0.521 189292
0.976 0.533 189342
0.973 0.513 189392
0.974 0.513 189442
0.976 0.527 189492
0.977 0.521 189542
0.973 0.507 189592
0.978 0.521 189642
0.976 0.510 189692
0.975 0.498 189742
0.973 0.486 189792
0.978 0.521 189842
0.978 0.510 189892
0.976 0.510 189942
0.978 0.521 189992
0.969 0.460 190042
0.974 0.486 190092
0.972 0.475 190142
0.977 0.486 190192
0.968 0.457 190242
0.974 0.460 190292
0.970 0.457 190342
0.970 0.457 190392
0.974 0.475 190442
0.970 0.451 190492
0.970 0.451 190542
0.968 0.440 190592
0.973 0.451 190642
0.970 0.440 190692
0.970 0.440 190742
0.974 0.451 190792
0.974 0.451 190842
0.970 0.434 190892
0.974 0.451 190942
0.972 0.434 190992
0.973 0.428 191042
0.970 0.428 191092
0.974 0.434 191142
0.973 0.419 191192
0.974 0.428 191242
0.974 0.428 191292
0.974 0.419 191342
0.973 0.416 191392
0.978 0.428 191442
0.974 0.416 191492
0.976 0.416 191542
0.972 0.405 191592
0.977 0.413 191642
0.974 0.405 191692
0.974 0.405 191742
0.976 0.410 191792
0.975 0.396 191842
0.974 0.393 191892
0.973 0.393 191942
0.976 0.405 191992
0.968 0.370 192042
0.974 0.387 192092
0.970 0.370 192142
0.976 0.384 192192
0.972 0.381 192242
0.978 0.393 192292
0.969 0.358 192342
0.974 0.370 192392
0.972 0.358 192442
0.969 0.346 192492
0.968 0.346 192542
0.970 0.346 192592
0.972 0.346 192642
0.968 0.335 192692
0.973 0.346 192742
0.970 0.340 192792
0.972 0.340 192842
0.968 0.335 192892
0.974 0.346 192942
0.970 0.326 192992
0.972 0.335 193042
0.974 0.335 193092
0.973 0.329 193142
0.970 0.320 193192
0.976 0.335 193242
0.974 0.335 193292
0.974 0.335 193342
0.970 0.311 193392
0.976 0.335 193442
0.974 0.323 193492
0.973 0.311 193542
0.974 0.305 193592
0.974 0.305 193642
0.971 0.300 193692
0.976 0.311 193742
0.974 0.300 193792
0.974 0.294 193842
0.972 0.288 193892
0.975 0.300 193942
0.974 0.288 193992
0.973 0.288 194042
0.977 0.300 194092
0.972 0.273 194142
0.977 0.288 194192
0.973 0.270 194242
0.979 0.300 194292
0.969 0.256 194342
0.973 0.268 194392
0.970 0.265 194442
0.970 0.265 194492
0.974 0.265 194542
0.970 0.253 194592
0.972 0.253 194642
0.973 0.253 194692
0.973 0.253 194742
0.969 0.241 194792
0.970 0.235 194842
0.973 0.241 194892
0.973 0.241 194942
0.970 0.230 194992
0.976 0.247 195042
0.972 0.241 195092
0.974 0.241 195142
0.974 0.241 195192
0.974 0.227 195242
0.970 0.218 195292
0.973 0.218 195342
0.974 0.224 195392
0.974 0.224 195442
0.973 0.206 195492
0.976 0.230 195542
0.974 0.218 195592
0.974 0.209 195642
0.975 0.218 195692
0.976 0.218 195742
0.974 0.200 195792
0.974 0.206 195842
0.974 0.206 195892
0.975 0.206 195942
0.973 0.195 195992
0.973 0.186 196042
0.975 0.195 196092
0.967 0.163 196142
0.973 0.180 196192
0.968 0.171 196242
0.976 0.195 196292
0.972 0.171 196342
0.976 0.195 196392
0.968 0.160 196442
0.973 0.171 196492
0.972 0.160 196542
0.968 0.148 196592
0.969 0.148 196642
0.970 0.154 196692
0.970 0.148 196742
0.968 0.136 196792
0.974 0.154 196842
0.969 0.133 196892
0.970 0.133 196942
0.974 0.148 196992
0.974 0.148 197042
0.970 0.130 197092
0.970 0.130 197142
0.974 0.136 197192
0.973 0.125 197242
0.969 0.113 197292
0.974 0.128 197342
0.973 0.125 197392
0.973 0.125 197442
0.974 0.125 197492
0.974 0.125 197542
0.973 0.125 197592
0.973 0.113 197642
0.974 0.125 197692
0.976 0.116 197742
0.974 0.113 197792
0.978 0.125 197842
0.974 0.113 197892
0.974 0.113 197942
0.975 0.113 197992
0.972 0.101 198042
0.974 0.101 198092
0.969 0.078 198142
0.975 0.087 198192
0.968 0.066 198242
0.973 0.078 198292
0.969 0.066 198342
0.976 0.090 198392
0.973 0.078 198442
0.973 0.066 198492
0.968 0.060 198542
0.968 0.055 198592
0.973 0.055 198642
0.968 0.055 198692
0.970 0.055 198742
0.972 0.055 198792
0.971 0.049 198842
0.968 0.043 198892
0.968 0.043 198942
0.970 0.037 198992
0.970 0.043 199042
0.968 0.031 199092
0.973 0.031 199142
0.969 0.023 199192
0.970 0.020 199242
0.974 0.031 199292
0.974 0.031 199342
0.969 0.020 199392
0.972 0.031 199442
0.973 0.023 199492
0.974 0.031 199542
0.970 0.014 199592
0.976 0.031 199642
0.973 0.020 199692
0.973 0.011 199742
0.974 0.020 199792
0.975 0.020 199842
0.974 0.008 199892
0.973 -0.001 199942
0.974 0.008 199992
0.977 0.020 200042
0.986 0.066 200092
-0.932 0.060 200142
-0.932 0.060 200193
-0.705 0.043 200244
-0.672 0.055 200295
-0.465 0.037 200346
-0.456 0.031 200397
-0.276 0.031 200448
-0.232 0.031 200499
-0.042 0.020 200550
-0.016 0.020 200601
0.095 0.014 200652
0.176 0.031 200702
0.278 0.031 200752
0.269 0.031 200802
0.360 0.020 200852
0.415 0.031 200902
0.426 0.031 200952
0.476 0.023 201002
0.551 0.031 201052
0.521 0.031 201102
0.595 0.043 201152
0.626 0.040 201202
0.693 0.055 201252
0.648 0.055 201302
0.714 0.060 201352
0.733 0.066 201402
0.724 0.066 201452
0.744 0.066 201502
0.800 0.078 201552
0.815 0.081 201602
0.800 0.081 201652
0.870 0.087 201702
0.866 0.087 201752
0.925 0.113 201802
0.862 0.101 201852
0.936 0.125 201902
0.853 0.107 201952
1.002 0.139 202002
0.908 0.125 202052
0.984 0.148 202102
0.978 0.139 202152
1.037 0.171 202202
1.005 0.160 202252
1.018 0.171 202302
1.046 0.163 202352
0.995 0.160 202402
1.044 0.171 202452
1.045 0.171 202502
1.046 0.177 202552
1.019 0.174 202602
1.046 0.180 202652
1.045 0.180 202702
1.042 0.180 202752
1.042 0.195 202802
1.046 0.186 202852
1.016 0.180 202902
1.045 0.195 202952
1.045 0.206 203002
1.046 0.200 203052
1.033 0.200 203102
1.044 0.206 203152
1.046 0.218 203202
1.046 0.218 203252
1.045 0.206 203302
1.046 0.209 203352
1.019 0.206 203402
1.045 0.218 203452
1.046 0.221 203502
1.045 0.218 203552
1.029 0.218 203602
1.044 0.230 203652
1.045 0.227 203702
1.046 0.241 203752
1.046 0.241 203802
1.045 0.233 203852
1.044 0.230 203902
1.044 0.241 203952
1.046 0.247 204002
1.045 0.241 204052
1.046 0.253 204102
1.044 0.253 204152
1.045 0.253 204202
1.046 0.265 204252
1.045 0.253 204302
1.046 0.265 204352
1.045 0.265 204402
1.046 0.265 204452
1.046 0.265 204502
1.046 0.270 204552
1.045 0.268 204602
1.046 0.276 204652
1.046 0.273 204702
1.045 0.273 204752
1.045 0.273 204802
1.046 0.288 204852
1.046 0.288 204902
1.045 0.273 204952
1.044 0.288 205002
1.046 0.294 205052
1.045 0.300 205102
1.046 0.300 205152
1.046 0.300 205202
1.045 0.300 205252
1.046 0.311 205302
1.046 0.311 205352
1.046 0.303 205402
1.045 0.305 205452
1.046 0.311 205502
1.046 0.311 205552
1.045 0.311 205602
1.045 0.314 205652
1.046 0.323 205702
1.045 0.320 205752
1.046 0.335 205802
1.045 0.320 205852
1.045 0.320 205902
1.046 0.335 205952
1.045 0.329 206002
1.045 0.335 206052
1.046 0.340 206102
1.046 0.340 206152
1.046 0.346 206202
1.045 0.346 206252
1.046 0.358 206302
1.046 0.358 206352
1.045 0.349 206402
1.045 0.349 206452
1.046 0.358 206502
1.046 0.358 206552
1.046 0.364 206602
1.045 0.358 206652
1.046 0.370 206702
1.046 0.370 206752
1.044 0.381 206802
1.044 0.381 206852
1.045 0.370 206902
1.044 0.381 206952
1.045 0.381 207002
1.044 0.381 207052
1.045 0.384 207102
1.046 0.387 207152
1.045 0.393 207202
1.046 0.393 207252
1.044 0.405 207302
1.046 0.405 207352
1.046 0.405 207402
1.044 0.405 207452
1.046 0.405 207502
1.046 0.405 207552
1.045 0.405 207602
1.045 0.408 207652
1.044 0.416 207702
1.046 0.416 207752
1.046 0.428 207802
1.046 0.428 207852
1.046 0.428 207902
1.046 0.428 207952
1.046 0.428 208002
1.046 0.428 208052
1.045 0.428 208102
1.045 0.440 208152
1.045 0.440 208202
1.044 0.440 208252
1.046 0.451 208302
1.045 0.440 208352
1.046 0.451 208402
1.045 0.443 208452
1.046 0.451 208502
1.044 0.451 208552
1.046 0.457 208602
1.046 0.457 208652
1.044 0.457 208702
1.046 0.475 208752
1.046 0.475 208802
1.046 0.460 208852
1.045 0.460 208902
1.046 0.475 208952
1.046 0.475 209002
1.044 0.475 209052
1.046 0.480 209102
1.045 0.475 209152
1.046 0.486 209202
1.046 0.486 209252
1.044 0.486 209302
1.046 0.498 209352
1.045 0.489 209402
1.046 0.498 209452
1.045 0.498 209502
1.046 0.498 209552
1.045 0.498 209602
1.046 0.510 209652
1.045 0.501 209702
1.044 0.510 209752
1.045 0.507 209802
1.045 0.507 209852
1.046 0.521 209902
1.046 0.521 209952
1.046 0.521 210002
1.044 0.521 210052
1.045 0.521 210102
1.045 0.533 210152
1.046 0.533 210202
1.046 0.533 210252
1.044 0.545 210302
1.046 0.536 210352
1.046 0.545 210402
1.044 0.545 210452
1.046 0.545 210502
1.045 0.545 210552
1.046 0.550 210602
1.046 0.550 210652
1.046 0.548 210702
1.046 0.568 210752
1.044 0.568 210802
1.046 0.556 210852
1.046 0.568 210902
1.046 0.568 210952
1.044 0.568 211002
1.046 0.574 211052
1.046 0.574 211102
1.046 0.574 211152
1.045 0.580 211202
1.046 0.591 211252
1.046 0.591 211302
1.045 0.580 211352
1.046 0.591 211402
1.045 0.583 211452
1.045 0.591 211502
1.046 0.597 211552
1.046 0.597 211602
1.045 0.594 211652
1.045 0.600 211702
1.045 0.600 211752
1.046 0.600 211802
1.046 0.606 211852
1.044 0.615 211902
1.046 0.615 211952
1.046 0.615 212002
1.046 0.620 212052
1.044 0.620 212102
1.045 0.626 212152
1.046 0.620 212202
1.046 0.626 212252
1.046 0.638 212302
1.046 0.638 212352
1.046 0.638 212402
1.046 0.638 212452
1.046 0.638 212502
1.046 0.644 212552
1.045 0.641 212602
1.044 0.644 212652
1.045 0.641 212702
1.045 0.647 212752
1.046 0.661 212802
1.046 0.661 212852
1.044 0.661 212902
1.046 0.661 212952
1.046 0.661 213002
1.044 0.667 213052
1.046 0.667 213102
1.045 0.661 213152
1.046 0.673 213202
1.046 0.673 213252
1.045 0.673 213302
1.046 0.685 213352
1.044 0.685 213402
1.044 0.685 213452
1.044 0.685 213502
1.046 0.685 213552
1.046 0.685 213602
1.045 0.688 213652
1.045 0.690 213702
1.045 0.693 213752
1.045 0.696 213802
1.045 0.693 213852
1.044 0.708 213902
1.045 0.708 213952
1.044 0.708 214002
1.046 0.708 214052
1.044 0.714 214102
1.046 0.720 214152
1.046 0.720 214202
1.045 0.720 214252
1.044 0.731 214302
1.046 0.731 214352
1.044 0.731 214402
1.045 0.723 214452
1.046 0.731 214502
1.046 0.731 214552
1.046 0.743 214602
1.044 0.737 214652
1.045 0.737 214702
1.046 0.755 214752
1.045 0.743 214802
1.046 0.755 214852
1.044 0.755 214902
1.045 0.746 214952
1.046 0.755 215002
1.044 0.760 215052
1.044 0.760 215102
1.045 0.766 215152
1.045 0.766 215202
1.045 0.766 215252
1.044 0.778 215302
1.046 0.778 215352
1.044 0.778 215402
1.046 0.778 215452
1.045 0.778 215502
1.044 0.778 215552
1.045 0.781 215602
1.046 0.787 215652
1.045 0.787 215702
1.044 0.801 215752
1.045 0.793 215802
1.046 0.790 215852
1.046 0.795 215902
1.045 0.793 215952
1.045 0.801 216002
1.044 0.807 216052
1.044 0.807 216102
1.045 0.813 216152
1.044 0.813 216202
1.045 0.813 216252
1.044 0.825 216302
1.043 0.813 216352
1.046 0.830 216402
1.046 0.830 216452
1.046 0.830 216502
1.044 0.830 216552
1.045 0.825 216602
1.045 0.828 216652
1.045 0.830 216702
1.044 0.848 216752
1.046 0.848 216802
1.046 0.848 216852
1.045 0.848 216902
1.045 0.848 216952
1.046 0.854 217002
1.044 0.854 217052
1.045 0.860 217102
1.044 0.871 217152
1.046 0.871 217202
1.045 0.860 217252
1.046 0.871 217302
1.045 0.863 217352
1.045 0.865 217402
1.046 0.877 217452
1.045 0.874 217502
1.044 0.871 217552
1.045 0.871 217602
1.044 0.883 217652
1.044 0.895 217702
1.044 0.895 217752
1.045 0.886 217802
1.045 0.886 217852
1.045 0.895 217902
1.044 0.895 217952
1.046 0.906 218002
1.045 0.906 218052
1.045 0.906 218102
1.045 0.906 218152
1.044 0.918 218202
1.046 0.918 218252
1.046 0.918 218302
1.046 0.924 218352
1.046 0.924 218402
1.046 0.924 218452
1.044 0.918 218502
1.045 0.918 218552
1.045 0.921 218602
1.044 0.924 218652
1.044 0.924 218702
1.046 0.941 218752
1.049 0.953 218802
1.046 0.941 218852
1.046 0.944 218902
1.046 0.947 218952
1.045 0.953 219002
1.045 0.953 219052
1.045 0.953 219102
1.046 0.965 219152
1.044 0.965 219202
1.045 0.953 219252
1.045 0.965 219302
1.046 0.965 219352
1.044 0.965 219402
1.044 0.976 219452
1.044 0.976 219502
1.046 0.988 219552
1.044 0.988 219602
1.044 0.988 219652
1.045 0.979 219702
1.044 0.988 219752
1.045 0.988 219802
1.045 0.988 219852
1.044 0.994 219902
1.044 0.994 219952
1.044 1.000 220002
1.045 1.000 220052
1.046 1.011 220102
1.046 1.011 220152
1.044 1.011 220202
1.045 1.003 220252
1.046 1.011 220302
1.045 1.011 220352
1.045 1.014 220402
1.045 1.014 220452
1.044 1.035 220502
1.045 1.020 220552
1.045 1.020 220602
1.044 1.035 220652
1.044 1.035 220702
1.045 1.035 220752
1.045 1.035 220802
1.044 1.040 220852
1.044 1.040 220902
1.045 1.046 220952
1.046 1.058 221002
1.046 1.058 221052
1.045 1.046 221102
1.044 1.058 221152
1.045 1.049 221202
1.044 1.058 221252
1.044 1.058 221302
1.046 1.070 221352
1.046 1.081 221402
1.046 1.073 221452
1.044 1.070 221502
1.044 1.070 221552
1.044 1.061 221602
1.046 1.081 221652
1.045 1.073 221702
1.045 1.081 221752
1.045 1.081 221802
1.046 1.093 221852
1.047 1.105 221902
1.046 1.105 221952
1.042 1.093 222002
1.042 1.081 222052
1.042 1.081 222102
1.045 1.093 222152
1.044 1.105 222202
1.044 1.105 222252
1.046 1.116 222302
1.045 1.108 222352
1.045 1.113 222402
1.046 1.128 222452
1.046 1.128 222502
1.046 1.128 222552
1.045 1.128 222602
1.046 1.128 222652
1.045 1.131 222702
1.046 1.134 222752
1.046 1.140 222802
1.044 1.140 222852
1.046 1.140 222902
1.046 1.151 222952
1.046 1.143 223002
1.046 1.151 223052
1.046 1.151 223102
1.046 1.157 223152
1.045 1.151 223202
1.046 1.154 223252
1.046 1.175 223302
1.046 1.175 223352
1.046 1.163 223402
1.046 1.175 223452
1.046 1.175 223502
1.046 1.175 223552
1.045 1.175 223602
1.046 1.175 223652
1.046 1.180 223702
1.046 1.180 223752
1.046 1.186 223802
1.046 1.198 223852
1.045 1.186 223902
1.045 1.189 223952
1.046 1.198 224002
1.046 1.198 224052
1.046 1.201 224102
1.046 1.201 224152
1.045 1.201 224202
1.046 1.204 224252
1.046 1.207 224302
1.046 1.207 224352
1.046 1.221 224402
1.046 1.207 224452
1.046 1.221 224502
1.045 1.221 224552
1.046 1.227 224602
1.045 1.224 224652
1.046 1.233 224702
1.046 1.233 224752
1.045 1.233 224802
1.046 1.245 224852
1.046 1.236 224902
1.046 1.236 224952
1.044 1.245 225002
1.044 1.245 225052
1.044 1.245 225102
1.045 1.248 225152
1.049 1.268 225202
1.048 1.274 225252
1.044 1.268 225302
1.045 1.268 225352
1.046 1.259 225402
1.046 1.268 225452
1.046 1.268 225502
1.044 1.268 225552
1.045 1.280 225602
1.045 1.280 225652
1.046 1.280 225702
1.046 1.291 225752
1.045 1.280 225802
1.045 1.283 225852
1.045 1.283 225902
1.045 1.291 225952
1.045 1.291 226002
1.046 1.291 226052
1.046 1.297 226102
1.044 1.297 226152
1.046 1.300 226202
1.045 1.300 226252
1.046 1.315 226302
1.044 1.315 226352
1.046 1.315 226402
1.045 1.315 226452
1.045 1.326 226502
1.046 1.320 226552
1.044 1.338 226602
1.046 1.326 226652
1.046 1.338 226702
1.045 1.326 226752
1.046 1.338 226802
1.045 1.329 226852
1.044 1.338 226902
1.044 1.350 226952
1.045 1.341 227002
1.046 1.350 227052
1.044 1.361 227102
1.045 1.347 227152
1.044 1.361 227202
1.046 1.361 227252
1.045 1.355 227302
1.045 1.361 227352
1.045 1.361 227402
1.045 1.361 227452
1.046 1.373 227502
1.045 1.373 227552
1.044 1.385 227602
1.045 1.373 227652
1.044 1.385 227702
1.045 1.376 227752
1.045 1.385 227802
1.045 1.385 227852
1.045 1.388 227902
1.044 1.390 227952
1.046 1.390 228002
1.045 1.393 228052
1.045 1.393 228102
1.045 1.393 228152
1.045 1.393 228202
1.045 1.408 228252
1.044 1.414 228302
1.044 1.414 228352
1.044 1.420 228402
1.045 1.420 228452
1.046 1.420 228502
1.046 1.431 228552
1.045 1.423 228602
1.045 1.423 228652
1.045 1.431 228702
1.044 1.431 228752
1.046 1.437 228802
1.045 1.434 228852
1.044 1.443 228902
1.045 1.440 228952
1.045 1.440 229002
1.044 1.455 229052
1.044 1.455 229102
1.045 1.446 229152
1.044 1.455 229202
1.045 1.455 229252
1.045 1.455 229302
1.046 1.466 229352
1.045 1.466 229402
1.045 1.466 229452
1.045 1.466 229502
1.046 1.478 229552
1.044 1.478 229602
1.045 1.478 229652
1.044 1.478 229702
1.044 1.484 229752
1.045 1.481 229802
1.046 1.490 229852
1.046 1.501 229902
1.045 1.487 229952
1.045 1.490 230002
1.044 1.501 230052
1.044 1.501 230102
1.045 1.501 230152
1.044 1.507 230202
1.046 1.507 230252
1.045 1.513 230302
1.046 1.525 230352
1.046 1.525 230402
1.044 1.525 230452
1.044 1.525 230502
1.045 1.525 230552
1.046 1.530 230602
1.044 1.536 230652
1.046 1.536 230702
1.045 1.528 230752
1.045 1.528 230802
1.046 1.548 230852
1.045 1.539 230902
1.046 1.548 230952
1.045 1.548 231002
1.045 1.548 231052
1.045 1.548 231102
1.046 1.554 231152
1.046 1.560 231202
1.045 1.560 231252
1.046 1.571 231302
1.044 1.571 231352
1.045 1.563 231402
1.046 1.571 231452
1.046 1.571 231502
1.045 1.571 231552
1.044 1.577 231602
1.044 1.577 231652
1.045 1.574 231702
1.044 1.595 231752
1.046 1.595 231802
1.044 1.595 231852
1.045 1.580 231902
1.046 1.595 231952
1.045 1.595 232002
1.045 1.595 232052
1.045 1.606 232102
1.045 1.606 232152
1.044 1.606 232202
1.044 1.618 232252
1.046 1.618 232302
1.044 1.618 232352
1.046 1.618 232402
1.046 1.618 232452
1.045 1.618 232502
1.046 1.621 232552
1.045 1.627 232602
1.046 1.641 232652
1.046 1.641 232702
1.046 1.641 232752
1.046 1.641 232802
1.046 1.641 232852
1.046 1.641 232902
1.044 1.647 232952
1.046 1.653 233002
1.046 1.653 233052
1.044 1.653 233102
1.045 1.653 233152
1.044 1.665 233202
1.045 1.656 233252
1.045 1.665 233302
1.046 1.665 233352
1.044 1.665 233402
1.046 1.670 233452
1.044 1.670 233502
1.046 1.673 233552
1.045 1.673 233602
1.046 1.673 233652
1.044 1.688 233702
1.046 1.688 233752
1.045 1.688 233802
1.046 1.694 233852
1.046 1.694 233902
1.045 1.700 233952
1.045 1.700 234002
1.046 1.711 234052
1.044 1.711 234102
1.045 1.700 234152
1.046 1.703 234202
1.044 1.711 234252
1.044 1.717 234302
1.045 1.711 234352
1.046 1.723 234402
1.045 1.717 234452
1.045 1.720 234502
1.044 1.735 234552
1.046 1.735 234602
1.046 1.735 234652
1.046 1.735 234702
1.046 1.735 234752
1.046 1.740 234802
1.046 1.758 234852
1.045 1.746 234902
1.044 1.758 234952
1.046 1.758 235002
1.044 1.758 235052
1.045 1.749 235102
1.046 1.758 235152
1.045 1.758 235202
1.046 1.767 235252
1.046 1.764 235302
1.046 1.764 235352
1.045 1.764 235402
1.043 1.758 235452
1.044 1.781 235502
1.045 1.767 235552
1.045 1.767 235602
1.044 1.781 235652
1.044 1.787 235702
1.045 1.781 235752
1.044 1.793 235802
1.045 1.793 235852
1.045 1.793 235902
1.046 1.805 235952
1.045 1.796 236002
1.046 1.805 236052
1.045 1.805 236102
1.044 1.805 236152
1.045 1.808 236202
1.044 1.816 236252
1.044 1.828 236302
1.044 1.828 236352
1.046 1.819 236402
1.044 1.828 236452
1.045 1.819 236502
1.044 1.828 236552
1.044 1.834 236602
1.044 1.828 236652
1.044 1.834 236702
1.045 1.840 236752
1.046 1.851 236802
1.044 1.851 236852
1.045 1.843 236902
1.044 1.851 236952
1.046 1.851 237002
1.045 1.851 237052
1.044 1.863 237102
1.045 1.854 237152
1.045 1.860 237202
1.045 1.860 237252
1.045 1.863 237302
1.045 1.866 237352
1.045 1.866 237402
1.046 1.875 237452
1.045 1.875 237502
1.045 1.886 237552
1.045 1.886 237602
1.045 1.886 237652
1.045 1.886 237702
1.046 1.898 237752
1.046 1.898 237802
1.044 1.898 237852
1.046 1.898 237902
1.046 1.898 237952
1.045 1.901 238002
1.044 1.910 238052
1.044 1.904 238102
1.046 1.921 238152
1.046 1.907 238202
1.045 1.913 238252
1.044 1.921 238302
1.045 1.921 238352
1.046 1.927 238402
1.046 1.933 238452
1.046 1.933 238502
1.046 1.945 238552
1.045 1.933 238602
1.044 1.945 238652
1.045 1.936 238702
1.046 1.945 238752
1.044 1.945 238802
1.044 1.945 238852
1.045 1.948 238902
1.044 1.945 238952
1.046 1.968 239002
1.046 1.968 239052
1.044 1.968 239102
1.046 1.968 239152
1.046 1.968 239202
1.046 1.968 239252
1.044 1.968 239302
1.045 1.980 239352
1.045 1.980 239402
1.046 1.991 239452
1.044 1.991 239502
1.050 1.994 239552
1.046 1.991 239602
1.044 1.991 239652
1.045 1.991 239702
1.045 1.991 239752
1.045 1.994 239802
1.045 1.994 239852
1.044 2.015 239902
1.045 2.000 239952
1.044 2.015 240002
1.046 2.015 240052
1.046 2.015 240102
1.045 2.015 240152
1.044 2.020 240202
1.044 2.020 240252
1.046 2.038 240302
1.046 2.038 240352
1.044 2.038 240402
1.044 2.038 240452
1.046 2.038 240502
1.046 2.038 240552
1.044 2.038 240602
1.044 2.038 240652
1.046 2.044 240702
1.043 2.041 240752
1.044 2.061 240802
1.044 2.061 240852
1.044 2.061 240902
1.044 2.061 240952
1.045 2.061 241002
1.045 2.061 241052
1.046 2.067 241102
1.044 2.067 241152
1.046 2.085 241202
1.046 2.085 241252
1.046 2.076 241302
1.046 2.085 241352
1.046 2.085 241402
1.046 2.085 241452
1.045 2.085 241502
1.045 2.088 241552
1.044 2.096 241602
1.044 2.096 241652
1.045 2.093 241702
1.046 2.108 241752
1.045 2.099 241802
1.045 2.108 241852
1.044 2.108 241902
1.044 2.108 241952
1.044 2.114 242002
1.046 2.131 242052
1.044 2.114 242102
1.044 2.131 242152
1.044 2.131 242202
1.045 2.120 242252
1.044 2.131 242302
1.045 2.123 242352
1.044 2.131 242402
1.044 2.131 242452
1.046 2.155 242502
1.046 2.140 242552
1.046 2.155 242602
1.046 2.140 242652
1.046 2.160 242702
1.046 2.160 242752
1.046 2.160 242802
1.046 2.155 242852
1.044 2.166 242902
1.045 2.166 242952
1.046 2.178 243002
1.044 2.160 243052
1.044 2.178 243102
1.044 2.166 243152
1.046 2.178 243202
1.046 2.178 243252
1.046 2.178 243302
1.044 2.178 243352
1.046 2.190 243402
1.044 2.190 243452
1.046 2.201 243502
1.044 2.201 243552
1.044 2.201 243602
1.046 2.201 243652
1.046 2.201 243702
1.046 2.207 243752
1.046 2.207 243802
1.046 2.225 243852
1.046 2.225 243902
1.044 2.225 243952
1.046 2.225 244002
1.046 2.225 244052
1.044 2.225 244102
1.045 2.216 244152
1.044 2.225 244202
1.044 2.230 244252
1.044 2.236 244302
1.044 2.236 244352
1.044 2.228 244402
1.044 2.248 244452
1.045 2.236 244502
1.046 2.248 244552
1.044 2.248 244602
1.044 2.248 244652
1.044 2.248 244702
1.044 2.254 244752
1.044 2.254 244802
1.046 2.271 244852
1.044 2.271 244902
1.045 2.260 244952
1.046 2.271 245002
1.046 2.271 245052
1.046 2.271 245102
1.044 2.271 245152
1.044 2.283 245202
1.044 2.295 245252
1.044 2.295 245302
1.044 2.295 245352
1.044 2.295 245402
1.046 2.295 245452
1.046 2.295 245502
1.046 2.295 245552
1.044 2.300 245602
1.046 2.318 245652
1.044 2.318 245702
1.044 2.318 245752
1.045 2.306 245802
1.046 2.318 245852
1.044 2.318 245902
1.044 2.318 245952
1.044 2.318 246002
1.044 2.318 246052
1.044 2.324 246102
1.044 2.324 246152
1.044 2.324 246202
1.045 2.321 246252
1.044 2.341 246302
1.046 2.341 246352
1.046 2.327 246402
1.044 2.341 246452
1.044 2.347 246502
1.045 2.353 246552
1.044 2.353 246602
1.044 2.365 246652
1.044 2.365 246702
1.044 2.365 246752
1.044 2.365 246802
1.043 2.356 246852
1.044 2.365 246902
1.046 2.365 246952
1.046 2.376 247002
1.046 2.388 247052
1.046 2.388 247102
1.044 2.388 247152
1.046 2.388 247202
1.046 2.388 247252
1.044 2.388 247302
1.046 2.394 247352
1.046 2.400 247402
1.046 2.400 247452
1.044 2.411 247502
1.044 2.411 247552
1.044 2.411 247602
1.044 2.411 247652
1.044 2.411 247702
1.044 2.411 247752
1.044 2.403 247802
1.044 2.411 247852
1.045 2.411 247902
1.045 2.411 247952
1.046 2.417 248002
1.044 2.417 248052
1.044 2.435 248102
1.044 2.435 248152
1.044 2.435 248202
1.046 2.435 248252
1.044 2.440 248302
1.045 2.446 248352
1.044 2.458 248402
1.046 2.458 248452
1.044 2.458 248502
1.046 2.458 248552
1.044 2.458 248602
1.046 2.458 248652
1.046 2.458 248702
1.045 2.458 248752
1.044 2.481 248802
1.045 2.461 248852
1.046 2.481 248902
1.045 2.467 248952
1.044 2.481 249002
1.045 2.473 249052
1.046 2.481 249102
1.044 2.481 249152
1.046 2.487 249202
1.046 2.505 249252
1.046 2.505 249302
1.045 2.493 249352
1.046 2.505 249402
1.045 2.496 249452
1.046 2.505 249502
1.044 2.505 249552
1.046 2.510 249602
1.046 2.510 249652
1.046 2.510 249702
1.045 2.510 249752
1.044 2.528 249802
1.044 2.528 249852
1.044 2.528 249902
1.044 2.528 249952
1.046 2.528 250002
1.044 2.528 250052
1.046 2.534 250102
1.045 2.540 250152
1.046 2.551 250202
1.046 2.551 250252
1.044 2.551 250302
1.044 2.551 250352
1.044 2.551 250402
1.046 2.551 250452
1.044 2.551 250502
1.045 2.551 250552
1.046 2.575 250602
1.045 2.557 250652
1.044 2.575 250702
1.046 2.575 250752
1.046 2.575 250802
1.045 2.566 250852
1.046 2.575 250902
1.044 2.575 250952
1.046 2.580 251002
1.045 2.586 251052
1.046 2.598 251102
1.045 2.586 251152
1.046 2.598 251202
1.046 2.598 251252
1.045 2.589 251302
1.046 2.598 251352
1.046 2.598 251402
1.046 2.604 251452
1.045 2.598 251502
1.045 2.601 251552
1.045 2.607 251602
1.044 2.621 251652
1.046 2.613 251702
1.046 2.621 251752
1.046 2.633 251802
1.046 2.645 251852
1.046 2.633 251902
1.044 2.627 251952
1.044 2.645 252002
1.044 2.645 252052
1.046 2.636 252102
1.046 2.645 252152
1.045 2.636 252202
1.045 2.645 252252
1.044 2.645 252302
1.046 2.656 252352
1.045 2.648 252402
1.044 2.668 252452
1.045 2.653 252502
1.046 2.668 252552
1.045 2.659 252602
1.045 2.659 252652
1.046 2.668 252702
1.045 2.668 252752
1.044 2.674 252802
1.044 2.674 252852
1.045 2.680 252902
1.045 2.680 252952
1.045 2.683 253002
1.044 2.691 253052
1.046 2.691 253102
1.044 2.691 253152
1.046 2.691 253202
1.044 2.697 253252
1.046 2.697 253302
1.044 2.697 253352
1.044 2.697 253402
1.044 2.715 253452
1.045 2.700 253502
1.046 2.715 253552
1.046 2.720 253602
1.046 2.738 253652
1.045 2.726 253702
1.044 2.715 253752
1.044 2.715 253802
1.044 2.720 253852
1.046 2.738 253902
1.044 2.726 253952
1.044 2.738 254002
1.046 2.738 254052
1.049 2.753 254102
1.045 2.747 254152
1.045 2.741 254202
1.045 2.744 254252
1.045 2.744 254302
1.046 2.761 254352
1.045 2.750 254402
1.046 2.761 254452
1.044 2.761 254502
1.046 2.767 254552
1.044 2.767 254602
1.046 2.767 254652
1.046 2.773 254702
1.046 2.785 254752
1.046 2.785 254802
1.046 2.785 254852
1.046 2.785 254902
1.045 2.785 254952
1.044 2.785 255002
1.046 2.790 255052
1.046 2.790 255102
1.045 2.790 255152
1.045 2.793 255202
1.046 2.808 255252
1.046 2.808 255302
1.044 2.808 255352
1.045 2.808 255402
1.045 2.820 255452
1.045 2.820 255502
1.046 2.820 255552
1.044 2.831 255602
1.044 2.831 255652
1.044 2.831 255702
1.046 2.831 255752
1.045 2.831 255802
1.046 2.831 255852
1.046 2.831 255902
1.046 2.843 255952
1.046 2.843 256002
1.044 2.855 256052
1.046 2.855 256102
1.046 2.855 256152
1.046 2.855 256202
1.046 2.855 256252
1.046 2.855 256302
1.045 2.855 256352
1.046 2.866 256402
1.044 2.860 256452
1.045 2.866 256502
1.046 2.878 256552
1.046 2.878 256602
1.046 2.878 256652
1.046 2.884 256702
1.045 2.881 256752
1.044 2.878 256802
1.044 2.878 256852
1.044 2.878 256902
1.046 2.884 256952
1.044 2.901 257002
1.044 2.901 257052
1.046 2.901 257102
1.046 2.913 257152
1.046 2.925 257202
1.046 2.925 257252
1.044 2.901 257302
1.044 2.901 257352
1.045 2.887 257402
1.046 2.925 257452
1.046 2.925 257502
1.046 2.925 257552
1.044 2.925 257602
1.046 2.925 257652
1.046 2.936 257702
1.046 2.936 257752
1.045 2.933 257802
1.046 2.948 257852
1.046 2.948 257902
1.046 2.948 257952
1.046 2.948 258002
1.046 2.948 258052
1.046 2.954 258102
1.046 2.954 258152
1.046 2.960 258202
1.046 2.971 258252
1.046 2.960 258302
1.046 2.960 258352
1.045 2.963 258402
1.046 2.971 258452
1.046 2.971 258502
1.046 2.971 258552
1.046 2.971 258602
1.046 2.983 258652
1.046 2.995 258702
1.046 2.995 258752
1.046 2.986 258802
1.046 2.995 258852
1.044 2.995 258902
1.046 2.995 258952
1.046 3.000 259002
1.045 3.006 259052
1.046 3.018 259102
1.044 3.018 259152
1.046 3.018 259202
1.046 3.018 259252
1.046 3.018 259302
1.046 3.018 259352
1.046 3.018 259402
1.046 3.030 259452
1.046 3.030 259502
1.046 3.030 259552
1.045 3.024 259602
1.046 3.041 259652
1.046 3.041 259702
1.046 3.041 259752
1.046 3.041 259802
1.046 3.041 259852
1.046 3.041 259902
1.046 3.047 259952
1.046 3.065 260002
1.046 3.053 260052
1.046 3.065 260102
1.046 3.053 260152
1.046 3.056 260202
1.046 3.056 260252
1.045 3.056 260302
1.044 3.065 260352
1.046 3.065 260402
1.045 3.068 260452
1.049 3.088 260502
1.046 3.094 260552
1.045 3.073 260602
1.046 3.088 260652
1.046 3.088 260702
1.046 3.088 260752
1.045 3.073 260802
1.046 3.094 260852
1.045 3.100 260902
1.045 3.100 260952
1.046 3.111 261002
1.045 3.100 261052
1.046 3.111 261102
1.046 3.111 261152
1.045 3.111 261202
1.046 3.111 261252
1.045 3.111 261302
1.044 3.123 261352
1.044 3.135 261402
1.045 3.114 261452
1.046 3.120 261502
1.045 3.120 261552
1.045 3.126 261602
1.045 3.126 261652
1.045 3.135 261702
1.046 3.135 261752
1.045 3.146 261802
1.046 3.146 261852
1.045 3.146 261902
1.044 3.158 261952
1.045 3.146 262002
1.046 3.158 262052
1.046 3.158 262102
1.046 3.158 262152
1.046 3.164 262202
1.046 3.164 262252
1.046 3.164 262302
1.044 3.164 262352
1.045 3.167 262402
1.045 3.167 262452
1.044 3.181 262502
1.046 3.181 262552
1.046 3.181 262602
1.046 3.181 262652
1.044 3.187 262702
1.045 3.193 262752
1.046 3.205 262802
1.046 3.205 262852
1.046 3.205 262902
1.046 3.205 262952
1.045 3.205 263002
1.045 3.205 263052
1.045 3.205 263102
1.045 3.208 263152
1.046 3.228 263202
