-0.000 2.066 12784
-0.001 2.066 12873
-0.000 2.066 12962
-0.000 2.066 13051
-0.001 2.066 13140
-0.000 2.066 13229
-0.000 2.066 13318
-0.000 2.066 13407
-0.000 2.066 13496
-0.000 2.066 13585
-0.000 2.066 13674
-0.000 2.060 13763
0.001 2.057 13852
0.002 2.057 13941
-0.000 2.066 14030
-0.000 2.054 14119
-0.000 2.066 14208
0.002 2.057 14297
0.002 2.057 14386
-0.000 2.060 14475
-0.000 2.054 14564
-0.000 2.054 14653
0.000 2.060 14742
-0.000 2.066 14831
-0.000 2.054 14920
-0.001 2.054 15009
-0.000 2.060 15098
0.001 2.066 15187
-0.001 2.054 15276
-0.002 2.042 58
-0.001 2.054 146
-0.001 2.066 235
0.001 2.077 324
-0.002 2.066 413
-0.001 2.066 502
-0.001 2.066 591
-0.001 2.066 680
-0.001 2.054 769
-0.001 2.066 858
-0.001 2.066 947
-0.000 2.066 1036
0.001 2.057 1125
0.001 2.057 1214
-0.001 2.054 1303
-0.001 2.054 1392
-0.001 1.949 1481
-0.001 1.984 1570
0.001 1.987 1659
-0.001 1.996 1748
-0.001 1.996 1837
0.001 1.993 1926
0.002 1.993 2015
0.002 1.993 2104
0.001 1.993 2193
0.001 1.987 2282
-0.001 1.996 2371
-0.001 1.996 2460
-0.001 1.996 2549
0.001 1.993 2638
-0.001 1.996 2727
-0.001 1.996 2816
0.001 1.993 2905
-0.001 1.996 2994
-0.001 1.996 3083
-0.001 1.926 3172
-0.001 1.949 3261
-0.001 1.949 3350
-0.001 1.949 3439
0.001 1.952 3528
-0.001 1.949 3617
-0.329 1.459 3706
-0.329 1.296 3795
-0.328 1.156 3884
-0.328 1.016 3973
-0.328 0.876 4062
-0.328 0.736 4151
-0.328 0.619 4240
-0.326 0.491 4329
-0.326 0.362 4418
-0.325 0.222 4507
-0.273 0.152 4596
-0.209 0.129 4685
-0.162 0.106 4774
-0.129 0.094 4863
-0.101 0.085 4952
-0.082 0.079 5041
-0.070 0.077 5130
-0.055 0.074 5219
-0.048 0.071 5308
-0.041 0.071 5397
-0.034 0.074 5486
-0.031 0.071 5575
-0.027 0.059 5664
-0.021 0.062 5753
-0.021 0.071 5842
-0.019 0.071 5931
-0.018 0.065 6020
-0.016 0.071 6109
-0.015 0.071 6198
-0.012 0.074 6287
-0.011 0.074 6376
-0.012 0.071 6465
-0.011 0.071 6554
-0.010 0.071 6643
-0.010 0.077 6732
-0.008 0.082 6821
-0.009 0.077 6910
-0.007 0.074 6999
-0.008 0.082 7088
-0.007 0.082 7177
-0.007 0.082 7266
-0.006 0.082 7355
-0.004 0.079 7444
-0.004 0.079 7533
-0.003 0.097 7622
-0.002 0.097 7711
-0.004 0.082 7800
-0.004 0.094 7889
-0.002 0.097 7978
-0.004 0.094 8067
-0.004 0.094 8156
-0.002 0.097 8245
-0.004 0.094 8334
-0.003 0.100 8423
-0.003 0.100 8512
-0.003 0.100 8601
-0.004 0.100 8690
-0.002 0.106 8779
-0.000 0.103 8868
-0.001 0.103 8957
-0.002 0.106 9046
-0.002 0.106 9135
-0.000 0.103 9224
