  
0.000 0.000 57
0.000 0.000 185
0.000 0.000 313
-0.010 0.064 441
-0.010 0.064 569
0.001 0.069 697
0.001 0.069 825
0.001 0.069 953
0.005 0.075 1081
0.005 0.075 1209
0.005 0.075 1337
0.008 0.075 1465
0.008 0.075 1593
0.008 0.075 1721
0.009 0.087 1849
0.009 0.087 1977
0.008 0.087 2105
0.008 0.087 2233
0.008 0.087 2361
0.009 0.093 2489
0.009 0.093 2617
0.009 0.093 2745
0.010 0.099 2873
0.010 0.099 3001
0.009 0.110 3129
0.009 0.110 3257
0.009 0.110 3385
0.010 0.110 3513
0.010 0.110 3641
0.010 0.110 3769
0.010 0.110 3897
0.010 0.110 4025
0.011 0.122 4153
0.011 0.122 4281
0.011 0.122 4409
0.009 0.134 4537
0.009 0.134 4665
0.009 0.134 4793
0.009 0.134 4921
0.009 0.134 5049
0.010 0.134 5177
0.010 0.134 5305
0.010 0.134 5433
0.009 0.139 5561
0.009 0.139 5689
0.009 0.139 5817
0.009 0.139 5945
0.009 0.139 6073
0.009 0.139 6201
0.011 0.157 6329
0.011 0.157 6457
0.013 0.157 6585
0.013 0.157 6713
0.013 0.157 6841
0.008 0.157 6969
0.008 0.157 7097
0.008 0.157 7225
0.009 0.169 7353
0.009 0.169 7481
0.010 0.180 7609
0.010 0.180 7737
0.010 0.180 7865
0.011 0.166 7993
0.011 0.166 8121
0.011 0.166 8249
0.009 0.180 8377
0.009 0.180 8505
0.009 0.180 8633
0.009 0.180 8761
0.009 0.180 8889
0.010 0.192 9017
0.010 0.192 9145
0.010 0.192 9273
0.009 0.204 9401
0.009 0.204 9529
0.010 0.204 9657
0.010 0.204 9785
0.010 0.204 9913
0.011 0.209 10041
0.011 0.209 10169
0.011 0.209 10297
0.016 0.227 10425
0.016 0.227 10553
0.016 0.227 10681
0.015 0.227 10809
0.015 0.227 10937
0.013 0.250 11065
0.013 0.250 11193
0.013 0.250 11321
0.010 0.233 11449
0.010 0.233 11577
0.010 0.233 11705
0.009 0.239 11833
0.009 0.239 11961
0.010 0.250 12089
0.010 0.250 12217
0.010 0.250 12345
0.013 0.256 12473
0.013 0.256 12601
0.013 0.256 12729
0.013 0.250 12857
0.013 0.250 12985
0.009 0.256 13113
0.009 0.256 13241
0.009 0.256 13369
0.010 0.256 13497
0.010 0.256 13625
0.010 0.256 13753
0.010 0.274 13881
0.010 0.274 14009
0.009 0.274 14137
0.009 0.274 14265
0.009 0.274 14393
0.010 0.274 14521
0.010 0.274 14649
0.010 0.274 14777
0.013 0.285 14905
0.013 0.285 15033
0.013 0.285 15161
0.011 0.297 15289
0.011 0.297 15417
0.010 0.297 15545
0.010 0.297 15673
0.010 0.297 15801
0.011 0.297 15929
0.011 0.297 16057
0.011 0.297 16185
0.013 0.309 16313
0.013 0.309 16441
0.008 0.300 16569
0.008 0.300 16697
0.008 0.300 16825
0.009 0.320 16953
0.009 0.320 17081
0.009 0.320 17209
0.009 0.320 17337
0.009 0.320 17465
0.010 0.326 17593
0.010 0.326 17721
0.010 0.326 17849
0.009 0.332 17977
0.009 0.332 18105
0.009 0.332 18233
0.009 0.344 18361
0.009 0.344 18489
0.010 0.344 18617
0.010 0.344 18745
0.010 0.344 18873
0.010 0.349 19001
0.010 0.349 19129
0.010 0.349 19257
0.008 0.349 19385
0.008 0.349 19513
0.008 0.349 19641
0.009 0.355 19769
0.009 0.355 19897
0.010 0.367 20025
0.010 0.367 20153
0.010 0.367 20281
0.008 0.352 20409
0.008 0.352 20537
0.008 0.352 20665
0.010 0.373 20793
0.010 0.373 20921
0.010 0.390 21049
0.010 0.390 21177
