  
  
  
  
  
  
  
  
0.025 0.475 57
0.917 0.125 107
0.915 0.101 157
0.917 0.084 207
0.917 0.078 257
0.914 0.055 307
0.917 0.055 357
0.914 0.031 407
0.917 0.031 457
0.917 0.008 507
0.917 0.008 557
0.919 -0.015 607
0.917 -0.027 657
0.917 -0.039 707
0.914 -0.050 757
0.914 -0.056 807
0.915 -0.050 857
0.915 -0.062 907
0.926 -0.039 957
0.951 0.014 1007
0.965 0.055 1057
0.984 0.113 1107
0.985 0.160 1157
-0.927 0.154 1207
-0.927 0.154 1257
-0.830 0.148 1307
-0.702 0.130 1357
-0.605 0.128 1407
-0.490 0.130 1457
-0.370 0.125 1507
-0.317 0.116 1557
-0.211 0.125 1607
-0.118 0.113 1657
-0.033 0.107 1707
-0.000 0.101 1757
0.072 0.101 1807
0.154 0.125 1857
0.162 0.113 1907
0.236 0.107 1957
0.286 0.107 2007
0.304 0.125 2057
0.350 0.136 2107
0.409 0.148 2157
0.441 0.125 2207
0.445 0.125 2257
0.474 0.125 2307
0.524 0.125 2357
0.518 0.119 2407
0.546 0.125 2457
0.610 0.130 2507
0.562 0.125 2557
0.683 0.139 2607
0.623 0.130 2657
0.688 0.148 2707
0.626 0.133 2757
0.743 0.154 2807
0.703 0.148 2857
0.741 0.160 2907
0.773 0.171 2957
0.735 0.171 3007
0.775 0.171 3057
0.781 0.171 3107
0.819 0.180 3157
0.769 0.177 3207
0.809 0.195 3257
0.807 0.180 3307
0.790 0.195 3357
0.794 0.195 3407
0.832 0.195 3457
0.779 0.195 3507
0.818 0.200 3557
0.817 0.200 3607
0.851 0.206 3657
0.798 0.206 3707
0.833 0.206 3757
0.831 0.209 3807
0.813 0.206 3857
0.814 0.212 3907
0.848 0.218 3957
0.796 0.209 4007
0.831 0.218 4057
0.829 0.230 4107
0.860 0.241 4157
0.806 0.221 4207
0.834 0.227 4257
0.831 0.227 4307
0.815 0.241 4357
0.813 0.227 4407
0.846 0.241 4457
0.881 0.265 4507
0.824 0.247 4557
0.921 0.259 4607
0.852 0.253 4657
0.907 0.265 4707
0.834 0.253 4757
0.883 0.265 4807
0.832 0.256 4857
0.917 0.288 4907
0.931 0.288 4957
0.889 0.288 5007
0.922 0.273 5057
0.918 0.288 5107
0.898 0.288 5157
0.897 0.288 5207
0.929 0.288 5257
0.871 0.288 5307
0.908 0.288 5357
0.901 0.300 5407
0.934 0.311 5457
0.876 0.300 5507
0.910 0.311 5557
0.904 0.311 5607
0.887 0.311 5657
0.883 0.311 5707
0.915 0.314 5757
0.860 0.311 5807
0.894 0.311 5857
0.891 0.323 5907
0.920 0.323 5957
0.864 0.323 6007
0.897 0.320 6057
0.864 0.335 6107
0.849 0.335 6157
0.850 0.320 6207
0.881 0.329 6257
0.832 0.335 6307
0.866 0.340 6357
0.863 0.335 6407
0.893 0.346 6457
0.896 0.358 6507
0.875 0.346 6557
0.917 0.358 6607
0.851 0.358 6657
0.955 0.381 6707
0.881 0.358 6757
0.935 0.364 6807
0.861 0.358 6857
0.962 0.381 6907
0.923 0.381 6957
0.939 0.381 7007
0.965 0.393 7057
0.910 0.381 7107
0.947 0.393 7157
0.944 0.387 7207
0.923 0.387 7257
0.923 0.393 7307
0.957 0.405 7357
0.948 0.405 7407
0.928 0.393 7457
0.923 0.405 7507
0.956 0.405 7557
0.898 0.393 7607
0.933 0.405 7657
0.927 0.408 7707
0.959 0.428 7757
0.902 0.416 7807
0.934 0.428 7857
0.923 0.428 7907
0.905 0.428 7957
0.904 0.428 8007
0.934 0.428 8057
0.881 0.428 8107
0.914 0.428 8157
0.909 0.428 8207
0.939 0.440 8257
0.884 0.428 8307
0.916 0.440 8357
0.910 0.440 8407
0.891 0.440 8457
0.908 0.451 8507
0.918 0.451 8557
0.953 0.457 8607
0.897 0.451 8657
0.995 0.475 8707
0.921 0.457 8757
0.973 0.460 8807
0.900 0.457 8857
0.947 0.475 8907
0.929 0.460 8957
0.976 0.480 9007
0.949 0.480 9057
0.956 0.486 9107
0.986 0.486 9157
0.981 0.498 9207
0.961 0.498 9257
0.959 0.498 9307
0.991 0.498 9357
0.932 0.489 9407
0.968 0.510 9457
0.961 0.504 9507
0.942 0.504 9557
0.938 0.510 9607
0.970 0.521 9657
0.961 0.521 9707
0.940 0.521 9757
0.936 0.521 9807
0.965 0.513 9857
0.910 0.521 9907
0.944 0.521 9957
0.939 0.521 10007
0.921 0.521 10057
0.918 0.521 10107
0.948 0.533 10157
0.942 0.527 10207
0.923 0.527 10257
0.919 0.533 10307
0.950 0.536 10357
0.897 0.545 10407
0.929 0.545 10457
0.925 0.545 10507
0.953 0.556 10557
0.974 0.556 10607
0.931 0.556 10657
0.973 0.559 10707
0.905 0.556 10757
1.003 0.580 10807
0.927 0.568 10857
0.982 0.574 10907
0.927 0.568 10957
1.006 0.591 11007
0.974 0.574 11057
0.980 0.574 11107
1.006 0.580 11157
0.955 0.580 11207
0.991 0.591 11257
0.984 0.583 11307
0.966 0.591 11357
0.965 0.591 11407
0.997 0.615 11457
0.989 0.615 11507
0.970 0.597 11557
0.961 0.600 11607
0.993 0.615 11657
0.936 0.615 11707
0.970 0.615 11757
0.965 0.615 11807
0.946 0.603 11857
0.942 0.615 11907
0.974 0.626 11957
0.968 0.620 12007
0.948 0.626 12057
0.943 0.620 12107
0.973 0.638 12157
0.919 0.620 12207
0.952 0.626 12257
0.947 0.626 12307
0.928 0.626 12357
0.925 0.638 12407
0.956 0.629 12457
0.948 0.638 12507
0.936 0.661 12557
0.984 0.696 12607
0.955 0.644 12657
0.998 0.647 12707
0.935 0.647 12757
0.982 0.661 12807
0.912 0.647 12857
1.014 0.673 12907
0.940 0.661 12957
0.983 0.685 13007
0.987 0.673 13057
1.010 0.685 13107
0.988 0.673 13157
0.989 0.685 13207
1.020 0.685 13257
0.963 0.685 13307
0.999 0.696 13357
0.966 0.685 13407
0.999 0.708 13457
0.944 0.690 13507
0.978 0.688 13557
0.974 0.696 13607
0.955 0.693 13657
0.954 0.699 13707
0.987 0.708 13757
0.978 0.708 13807
0.963 0.708 13857
0.960 0.708 13907
0.989 0.731 13957
0.936 0.714 14007
0.968 0.731 14057
0.964 0.731 14107
0.945 0.720 14157
0.945 0.720 14207
0.974 0.731 14257
0.968 0.731 14307
0.948 0.731 14357
0.945 0.731 14407
0.974 0.743 14457
0.922 0.731 14507
0.953 0.743 14557
0.957 0.743 14607
0.931 0.740 14657
1.012 0.760 14707
0.955 0.755 14757
1.001 0.766 14807
0.935 0.755 14857
1.032 0.769 14907
0.960 0.766 14957
1.010 0.778 15007
0.991 0.778 15057
0.986 0.769 15107
1.012 0.778 15157
1.015 0.784 15207
1.037 0.790 15257
0.982 0.778 15307
1.016 0.801 15357
1.008 0.790 15407
0.991 0.790 15457
0.988 0.787 15507
1.018 0.801 15557
0.963 0.793 15607
0.998 0.801 15657
0.991 0.801 15707
1.020 0.813 15757
0.965 0.801 15807
0.998 0.813 15857
0.993 0.825 15907
0.974 0.825 15957
0.970 0.825 16007
1.000 0.816 16057
0.948 0.813 16107
0.981 0.825 16157
0.974 0.825 16207
1.001 0.830 16257
0.948 0.830 16307
0.979 0.830 16357
0.974 0.830 16407
0.955 0.848 16457
0.954 0.833 16507
0.982 0.833 16557
0.978 0.833 16607
0.957 0.833 16657
1.025 0.854 16707
0.982 0.860 16757
1.026 0.860 16807
0.960 0.860 16857
1.006 0.871 16907
0.939 0.860 16957
