0.000 0.000 1
0.932 0.685 52
0.932 0.685 104
0.932 0.685 156
0.915 0.603 208
0.918 0.600 260
0.915 0.615 312
0.917 0.615 364
0.923 0.661 416
0.923 0.661 468
0.925 0.685 520
0.924 0.685 572
0.925 0.708 624
0.923 0.696 676
0.924 0.708 728
0.923 0.708 780
0.923 0.708 832
0.925 0.731 884
0.923 0.708 936
0.923 0.708 988
0.925 0.731 1040
0.919 0.708 1092
0.919 0.708 1144
0.922 0.717 1196
0.923 0.743 1248
0.925 0.752 1300
0.925 0.725 1352
0.919 0.731 1404
0.919 0.743 1456
0.923 0.766 1508
0.923 0.778 1560
0.919 0.755 1612
0.919 0.755 1664
0.921 0.766 1716
0.926 0.798 1768
0.923 0.790 1820
0.919 0.778 1872
0.919 0.778 1924
0.919 0.778 1976
0.915 0.766 2028
0.919 0.801 2080
0.923 0.813 2132
0.923 0.825 2184
0.921 0.825 2236
0.923 0.830 2288
0.921 0.825 2340
0.919 0.825 2392
0.919 0.825 2444
0.919 0.825 2496
0.919 0.825 2548
0.919 0.825 2600
0.922 0.819 2652
0.921 0.860 2704
0.921 0.860 2756
0.919 0.848 2808
0.921 0.871 2860
0.922 0.857 2912
0.919 0.857 2964
0.915 0.830 3016
0.913 0.825 3068
0.910 0.810 3120
0.911 0.830 3172
0.917 0.871 3224
0.914 0.845 3276
0.915 0.830 3328
0.914 0.845 3380
0.914 0.857 3432
0.914 0.860 3484
0.914 0.857 3536
0.915 0.854 3588
0.910 0.871 3640
0.915 0.860 3692
0.910 0.871 3744
0.915 0.865 3796
0.910 0.883 3848
0.915 0.877 3900
0.910 0.895 3952
0.910 0.895 4004
0.910 0.895 4056
0.910 0.895 4108
0.910 0.900 4160
0.910 0.906 4212
0.914 0.903 4264
0.910 0.918 4316
0.910 0.918 4368
0.914 0.915 4420
0.910 0.924 4472
0.910 0.924 4524
0.910 0.941 4576
0.915 0.924 4628
0.914 0.938 4680
0.911 0.947 4732
0.910 0.947 4784
0.916 0.938 4836
0.916 0.953 4888
0.910 0.965 4940
0.913 0.965 4992
0.914 0.973 5044
0.914 0.973 5096
0.914 0.985 5148
0.914 0.985 5200
0.915 0.985 5252
0.914 0.994 5304
0.917 0.985 5356
0.915 1.011 5408
0.915 1.011 5460
0.915 1.017 5512
0.915 1.035 5564
0.919 1.017 5616
0.919 1.020 5668
0.918 1.043 5720
0.922 1.040 5772
0.917 1.070 5824
0.919 1.055 5876
0.919 1.070 5928
0.920 1.067 5980
0.919 1.081 6032
0.919 1.081 6084
0.919 1.093 6136
0.919 1.087 6188
0.919 1.090 6240
0.919 1.093 6292
0.917 1.087 6344
0.918 1.078 6396
0.919 1.105 6448
0.919 1.105 6500
0.919 1.110 6552
0.915 1.087 6604
0.915 1.105 6656
0.917 1.110 6708
0.919 1.128 6760
0.919 1.140 6812
0.919 1.125 6864
0.919 1.134 6916
0.917 1.128 6968
0.916 1.119 7020
0.917 1.128 7072
0.917 1.134 7124
0.917 1.140 7176
0.922 1.140 7228
0.917 1.151 7280
0.917 1.151 7332
0.915 1.140 7384
0.917 1.151 7436
0.919 1.163 7488
0.917 1.163 7540
0.917 1.163 7592
0.915 1.163 7644
0.917 1.175 7696
0.917 1.175 7748
0.917 1.175 7800
0.917 1.175 7852
0.917 1.175 7904
0.917 1.180 7956
0.915 1.175 8008
0.915 1.172 8060
0.915 1.175 8112
0.915 1.198 8164
0.917 1.183 8216
0.915 1.198 8268
0.915 1.198 8320
0.917 1.204 8372
0.915 1.198 8424
0.916 1.195 8476
0.915 1.204 8528
0.917 1.207 8580
0.915 1.204 8632
0.918 1.218 8684
0.915 1.207 8736
0.917 1.195 8788
0.918 1.204 8840
0.915 1.221 8892
0.915 1.221 8944
0.915 1.227 8996
0.915 1.221 9048
0.915 1.245 9100
0.915 1.245 9152
0.915 1.245 9204
0.915 1.245 9256
0.915 1.245 9308
0.915 1.256 9360
0.919 1.239 9412
0.915 1.268 9464
0.918 1.265 9516
0.918 1.265 9568
0.918 1.265 9620
0.915 1.268 9672
0.913 1.256 9724
0.914 1.256 9776
0.915 1.242 9828
0.914 1.268 9880
0.915 1.274 9932
0.915 1.291 9984
0.919 1.280 10036
0.917 1.297 10088
0.918 1.300 10140
0.915 1.297 10192
0.917 1.297 10244
0.915 1.297 10296
0.915 1.297 10348
0.914 1.291 10400
0.914 1.291 10452
0.915 1.297 10504
0.915 1.315 10556
0.917 1.326 10608
0.918 1.323 10660
0.915 1.326 10712
0.915 1.326 10764
0.915 1.326 10816
0.915 1.338 10868
0.915 1.338 10920
0.915 1.338 10972
0.915 1.338 11024
0.915 1.338 11076
0.915 1.338 11128
0.915 1.350 11180
0.915 1.350 11232
0.915 1.350 11284
0.915 1.361 11336
0.919 1.350 11388
0.919 1.355 11440
0.917 1.373 11492
0.917 1.385 11544
0.917 1.373 11596
0.915 1.373 11648
0.915 1.361 11700
0.919 1.358 11752
0.915 1.370 11804
0.915 1.361 11856
0.917 1.355 11908
0.915 1.370 11960
0.917 1.358 12012
0.915 1.370 12064
0.915 1.385 12116
0.915 1.385 12168
0.915 1.393 12220
0.915 1.408 12272
0.918 1.405 12324
0.918 1.405 12376
0.920 1.402 12428
0.915 1.420 12480
0.917 1.431 12532
0.917 1.431 12584
0.917 1.431 12636
0.915 1.431 12688
0.917 1.443 12740
0.922 1.425 12792
0.919 1.443 12844
0.917 1.443 12896
0.917 1.443 12948
0.922 1.428 13000
0.917 1.455 13052
0.915 1.443 13104
0.917 1.455 13156
0.920 1.443 13208
0.917 1.455 13260
0.919 1.460 13312
0.915 1.455 13364
0.918 1.463 13416
0.919 1.478 13468
0.918 1.463 13520
0.919 1.490 13572
0.917 1.478 13624
0.917 1.478 13676
0.917 1.478 13728
0.919 1.487 13780
0.917 1.463 13832
0.917 1.478 13884
0.917 1.501 13936
0.919 1.501 13988
0.915 1.478 14040
0.918 1.466 14092
0.915 1.478 14144
0.915 1.484 14196
0.917 1.501 14248
0.917 1.501 14300
0.915 1.490 14352
0.917 1.525 14404
0.919 1.525 14456
0.915 1.501 14508
0.915 1.507 14560
0.923 1.519 14612
0.915 1.507 14664
0.919 1.536 14716
0.915 1.507 14768
0.915 1.513 14820
0.915 1.513 14872
0.915 1.513 14924
0.915 1.525 14976
0.915 1.525 15028
0.915 1.513 15080
0.914 1.513 15132
0.911 1.507 15184
0.913 1.513 15236
0.913 1.525 15288
0.916 1.507 15340
0.915 1.522 15392
0.915 1.536 15444
0.915 1.533 15496
0.915 1.548 15548
0.917 1.522 15600
0.915 1.536 15652
0.915 1.536 15704
0.915 1.533 15756
0.914 1.548 15808
0.917 1.536 15860
0.915 1.548 15912
0.910 1.525 15964
0.910 1.510 16016
0.909 1.522 16068
0.910 1.522 16120
0.913 1.513 16172
0.908 1.525 16224
0.908 1.536 16276
0.908 1.536 16328
0.910 1.548 16380
0.910 1.548 16432
0.915 1.568 16484
0.915 1.577 16536
0.915 1.595 16588
0.915 1.595 16640
0.917 1.568 16692
0.917 1.618 16744
0.919 1.618 16796
0.917 1.618 16848
0.915 1.603 16900
0.915 1.595 16952
0.915 1.606 17004
0.915 1.603 17056
0.915 1.606 17108
0.915 1.603 17160
0.915 1.606 17212
0.915 1.603 17264
0.915 1.603 17316
0.915 1.618 17368
0.915 1.618 17420
0.919 1.612 17472
0.917 1.641 17524
0.915 1.630 17576
0.915 1.641 17628
0.915 1.627 17680
0.918 1.638 17732
0.917 1.665 17784
0.919 1.650 17836
0.915 1.641 17888
0.918 1.650 17940
0.917 1.665 17992
0.915 1.647 18044
0.910 1.641 18096
0.917 1.665 18148
0.917 1.665 18200
0.919 1.659 18252
0.917 1.673 18304
0.915 1.665 18356
0.915 1.665 18408
0.915 1.670 18460
0.917 1.670 18512
0.915 1.670 18564
0.915 1.665 18616
0.915 1.665 18668
0.915 1.665 18720
0.915 1.665 18772
0.915 1.670 18824
0.915 1.670 18876
0.918 1.662 18928
0.915 1.688 18980
0.915 1.688 19032
0.915 1.700 19084
0.915 1.711 19136
0.915 1.688 19188
0.914 1.670 19240
0.914 1.688 19292
0.915 1.688 19344
0.915 1.694 19396
0.915 1.694 19448
0.915 1.700 19500
0.919 1.735 19552
0.919 1.735 19604
0.919 1.740 19656
0.915 1.723 19708
0.915 1.723 19760
0.911 1.694 19812
0.913 1.711 19864
0.915 1.708 19916
0.915 1.735 19968
0.915 1.735 20020
0.915 1.735 20072
0.915 1.735 20124
0.915 1.735 20176
0.915 1.735 20228
0.915 1.735 20280
0.915 1.746 20332
0.915 1.740 20384
0.917 1.743 20436
0.918 1.743 20488
0.915 1.758 20540
0.915 1.758 20592
0.915 1.758 20644
0.915 1.743 20696
0.914 1.758 20748
0.914 1.743 20800
0.915 1.758 20852
0.915 1.755 20904
0.916 1.767 20956
0.917 1.781 21008
0.915 1.781 21060
0.917 1.781 21112
0.915 1.781 21164
0.915 1.767 21216
0.915 1.781 21268
0.910 1.743 21320
0.908 1.735 21372
0.908 1.735 21424
0.910 1.743 21476
0.914 1.729 21528
0.914 1.746 21580
0.910 1.758 21632
0.909 1.743 21684
0.914 1.752 21736
0.917 1.816 21788
0.914 1.767 21840
0.919 1.799 21892
0.915 1.805 21944
0.918 1.802 21996
0.917 1.793 22048
0.915 1.816 22100
0.915 1.805 22152
0.914 1.805 22204
0.914 1.790 22256
0.916 1.787 22308
0.915 1.778 22360
0.916 1.793 22412
0.915 1.828 22464
0.915 1.813 22516
0.915 1.816 22568
0.915 1.828 22620
0.915 1.828 22672
0.915 1.828 22724
0.915 1.825 22776
0.917 1.822 22828
0.915 1.834 22880
0.915 1.840 22932
0.915 1.851 22984
0.915 1.851 23036
0.915 1.851 23088
0.915 1.851 23140
0.915 1.857 23192
0.915 1.840 23244
0.915 1.851 23296
0.915 1.851 23348
0.915 1.863 23400
0.915 1.875 23452
0.917 1.875 23504
0.915 1.851 23556
0.915 1.875 23608
0.916 1.872 23660
0.915 1.875 23712
0.915 1.875 23764
0.915 1.875 23816
0.917 1.848 23868
0.914 1.857 23920
0.913 1.851 23972
0.913 1.863 24024
0.914 1.860 24076
0.914 1.860 24128
0.914 1.872 24180
0.917 1.857 24232
0.915 1.875 24284
0.915 1.872 24336
0.915 1.886 24388
0.915 1.883 24440
0.915 1.898 24492
0.915 1.898 24544
0.915 1.898 24596
0.917 1.921 24648
0.919 1.921 24700
0.914 1.880 24752
0.917 1.907 24804
0.917 1.907 24856
0.915 1.910 24908
0.917 1.921 24960
0.914 1.910 25012
0.915 1.910 25064
0.915 1.898 25116
0.917 1.921 25168
0.915 1.921 25220
0.915 1.921 25272
0.914 1.907 25324
0.915 1.910 25376
0.915 1.910 25428
0.915 1.921 25480
0.915 1.921 25532
0.915 1.918 25584
0.918 1.915 25636
0.919 1.918 25688
0.915 1.945 25740
0.915 1.930 25792
0.910 1.910 25844
0.910 1.895 25896
0.910 1.910 25948
0.911 1.907 26000
0.916 1.910 26052
0.910 1.910 26104
0.910 1.907 26156
0.908 1.898 26208
0.908 1.910 26260
0.908 1.910 26312
0.908 1.910 26364
0.908 1.910 26416
0.908 1.910 26468
0.908 1.910 26520
0.908 1.921 26572
0.907 1.921 26624
0.908 1.921 26676
0.908 1.921 26728
0.908 1.921 26780
0.911 1.910 26832
0.908 1.921 26884
0.908 1.921 26936
0.908 1.927 26988
0.909 1.924 27040
0.908 1.933 27092
0.908 1.933 27144
0.906 1.927 27196
0.907 1.933 27248
0.909 1.930 27300
0.908 1.945 27352
0.908 1.945 27404
0.908 1.945 27456
0.908 1.945 27508
0.908 1.945 27560
0.908 1.950 27612
0.908 1.950 27664
0.913 1.942 27716
0.910 1.968 27768
0.910 1.968 27820
0.914 1.953 27872
0.910 1.965 27924
0.910 1.968 27976
0.913 1.991 28028
0.914 1.988 28080
0.914 2.003 28132
0.914 2.000 28184
0.916 1.988 28236
0.914 2.000 28288
0.916 1.985 28340
0.911 2.003 28392
0.910 2.003 28444
0.911 2.015 28496
0.915 2.003 28548
0.919 2.012 28600
0.914 2.023 28652
0.915 2.009 28704
0.910 2.000 28756
0.911 2.000 28808
0.914 2.003 28860
0.915 2.003 28912
0.910 2.015 28964
0.910 2.020 29016
0.914 2.023 29068
0.914 2.003 29120
0.916 2.020 29172
0.916 2.026 29224
0.914 2.038 29276
0.915 2.038 29328
0.917 2.032 29380
0.915 2.047 29432
0.915 2.061 29484
0.918 2.050 29536
0.913 2.038 29588
0.918 2.050 29640
0.918 2.055 29692
0.917 2.050 29744
0.914 2.026 29796
0.915 2.061 29848
0.918 2.058 29900
0.918 2.082 29952
0.911 2.047 30004
0.916 2.050 30056
0.915 2.085 30108
0.918 2.067 30160
0.918 2.093 30212
0.910 2.047 30264
0.911 2.047 30316
0.915 2.108 30368
0.916 2.055 30420
0.922 2.114 30472
0.917 2.079 30524
0.915 2.085 30576
0.915 2.108 30628
0.915 2.067 30680
0.910 2.061 30732
0.914 2.055 30784
0.914 2.055 30836
0.919 2.096 30888
0.917 2.079 30940
0.910 2.085 30992
0.911 2.050 31044
0.913 2.055 31096
0.914 2.058 31148
0.916 2.082 31200
0.915 2.079 31252
0.919 2.120 31304
0.920 2.120 31356
0.919 2.114 31408
0.915 2.079 31460
0.915 2.105 31512
0.910 2.085 31564
0.910 2.082 31616
0.914 2.079 31668
0.915 2.096 31720
0.910 2.108 31772
0.915 2.096 31824
0.914 2.105 31876
0.911 2.108 31928
0.915 2.102 31980
0.913 2.114 32032
0.915 2.102 32084
0.911 2.114 32136
0.914 2.117 32188
0.911 2.131 32240
0.913 2.131 32292
0.916 2.120 32344
0.915 2.120 32396
0.916 2.120 32448
0.916 2.128 32500
0.914 2.140 32552
0.917 2.125 32604
0.915 2.155 32656
0.918 2.140 32708
0.921 2.166 32760
0.913 2.102 32812
0.911 2.131 32864
0.919 2.155 32916
0.918 2.149 32968
0.919 2.160 33020
0.915 2.178 33072
0.919 2.166 33124
0.920 2.172 33176
0.917 2.201 33228
0.923 2.195 33280
0.916 2.175 33332
0.915 2.190 33384
0.915 2.190 33436
0.915 2.163 33488
0.916 2.152 33540
0.913 2.166 33592
0.915 2.140 33644
0.910 2.155 33696
0.911 2.152 33748
0.915 2.152 33800
0.915 2.152 33852
0.916 2.160 33904
0.914 2.163 33956
0.915 2.166 34008
0.916 2.166 34060
0.914 2.178 34112
0.917 2.172 34164
0.915 2.201 34216
0.919 2.190 34268
0.917 2.198 34320
0.915 2.201 34372
0.918 2.195 34424
0.917 2.190 34476
0.917 2.195 34528
0.918 2.198 34580
0.910 2.190 34632
0.914 2.198 34684
0.915 2.198 34736
0.917 2.195 34788
0.916 2.190 34840
0.913 2.201 34892
0.916 2.190 34944
0.914 2.198 34996
0.913 2.172 35048
0.914 2.190 35100
0.915 2.190 35152
0.914 2.198 35204
0.914 2.210 35256
0.917 2.198 35308
0.917 2.198 35360
0.915 2.225 35412
0.917 2.219 35464
0.915 2.225 35516
0.917 2.213 35568
0.917 2.219 35620
0.915 2.230 35672
0.919 2.230 35724
0.919 2.230 35776
0.918 2.222 35828
0.914 2.190 35880
0.915 2.195 35932
0.922 2.260 35984
0.910 2.225 36036
0.919 2.233 36088
0.918 2.233 36140
0.910 2.225 36192
0.909 2.198 36244
0.911 2.195 36296
0.914 2.207 36348
0.911 2.195 36400
0.910 2.210 36452
0.908 2.225 36504
0.908 2.225 36556
0.910 2.225 36608
0.913 2.213 36660
0.910 2.225 36712
0.910 2.222 36764
0.908 2.225 36816
0.910 2.225 36868
0.914 2.213 36920
0.910 2.225 36972
0.910 2.228 37024
0.910 2.233 37076
0.914 2.219 37128
0.915 2.233 37180
0.918 2.292 37232
0.917 2.260 37284
0.915 2.271 37336
0.917 2.260 37388
0.918 2.265 37440
0.914 2.271 37492
0.916 2.260 37544
0.913 2.271 37596
0.916 2.260 37648
0.916 2.260 37700
0.910 2.248 37752
0.915 2.245 37804
0.910 2.271 37856
0.911 2.271 37908
0.915 2.254 37960
0.914 2.268 38012
0.914 2.260 38064
0.910 2.257 38116
0.915 2.265 38168
0.914 2.260 38220
0.915 2.265 38272
0.915 2.265 38324
0.914 2.280 38376
0.916 2.283 38428
0.916 2.268 38480
0.915 2.295 38532
0.917 2.289 38584
0.917 2.289 38636
0.915 2.295 38688
0.915 2.303 38740
0.919 2.300 38792
0.915 2.318 38844
0.915 2.318 38896
0.915 2.318 38948
0.914 2.268 39000
0.910 2.295 39052
0.915 2.289 39104
0.916 2.321 39156
0.915 2.318 39208
0.917 2.292 39260
0.917 2.312 39312
0.913 2.283 39364
0.914 2.303 39416
0.911 2.318 39468
0.915 2.289 39520
0.910 2.318 39572
0.915 2.306 39624
0.910 2.295 39676
0.914 2.303 39728
0.914 2.318 39780
0.914 2.318 39832
0.910 2.295 39884
0.915 2.318 39936
0.914 2.324 39988
0.917 2.312 40040
0.915 2.324 40092
0.915 2.312 40144
0.911 2.318 40196
0.916 2.315 40248
0.917 2.327 40300
0.917 2.350 40352
0.908 2.306 40404
0.914 2.306 40456
0.913 2.327 40508
0.915 2.365 40560
0.919 2.347 40612
0.918 2.347 40664
0.915 2.353 40716
0.917 2.335 40768
0.917 2.362 40820
0.917 2.347 40872
0.917 2.338 40924
0.919 2.353 40976
0.917 2.353 41028
0.915 2.350 41080
0.915 2.350 41132
0.917 2.338 41184
0.917 2.347 41236
0.915 2.365 41288
0.919 2.359 41340
0.915 2.362 41392
0.919 2.362 41444
0.920 2.376 41496
0.919 2.376 41548
0.918 2.362 41600
0.917 2.359 41652
0.915 2.388 41704
0.915 2.373 41756
0.917 2.376 41808
0.917 2.359 41860
0.917 2.362 41912
0.915 2.388 41964
0.915 2.373 42016
0.919 2.376 42068
0.917 2.362 42120
0.917 2.376 42172
0.918 2.376 42224
0.919 2.382 42276
0.919 2.382 42328
0.917 2.411 42380
0.915 2.411 42432
0.919 2.400 42484
0.914 2.353 42536
0.909 2.327 42588
0.906 2.341 42640
0.910 2.335 42692
0.908 2.338 42744
0.910 2.335 42796
0.910 2.335 42848
0.910 2.338 42900
0.910 2.362 42952
0.917 2.417 43004
0.909 2.350 43056
0.910 2.388 43108
0.913 2.394 43160
0.910 2.373 43212
0.914 2.397 43264
0.914 2.376 43316
0.914 2.376 43368
0.914 2.376 43420
0.910 2.385 43472
0.914 2.376 43524
0.910 2.388 43576
0.910 2.385 43628
0.910 2.385 43680
0.910 2.385 43732
0.913 2.376 43784
0.910 2.388 43836
0.910 2.397 43888
0.914 2.382 43940
0.910 2.400 43992
0.914 2.385 44044
0.914 2.385 44096
0.910 2.411 44148
0.913 2.417 44200
0.915 2.435 44252
0.916 2.408 44304
0.908 2.388 44356
0.915 2.446 44408
0.915 2.408 44460
0.916 2.408 44512
0.913 2.417 44564
0.914 2.435 44616
0.915 2.408 44668
0.915 2.408 44720
0.916 2.417 44772
0.914 2.435 44824
0.914 2.432 44876
0.914 2.432 44928
0.917 2.429 44980
0.913 2.432 45032
0.915 2.423 45084
0.915 2.423 45136
0.915 2.429 45188
0.916 2.429 45240
0.914 2.443 45292
0.913 2.440 45344
0.914 2.443 45396
0.915 2.458 45448
0.911 2.432 45500
0.913 2.408 45552
0.911 2.405 45604
0.911 2.405 45656
0.911 2.408 45708
0.914 2.429 45760
0.916 2.452 45812
0.917 2.470 45864
0.917 2.452 45916
0.911 2.423 45968
0.910 2.443 46020
0.913 2.429 46072
0.913 2.429 46124
0.909 2.432 46176
0.913 2.429 46228
0.911 2.429 46280
0.910 2.443 46332
0.912 2.429 46384
0.913 2.432 46436
0.908 2.458 46488
0.913 2.432 46540
0.910 2.443 46592
0.914 2.446 46644
0.915 2.481 46696
0.913 2.446 46748
0.914 2.452 46800
0.914 2.478 46852
0.917 2.478 46904
0.915 2.505 46956
-0.847 2.470 47009
-0.847 2.452 47061
-0.847 2.452 47113
-0.849 2.443 47165
-0.849 2.455 47217
-0.849 2.443 47269
-0.847 2.429 47321
-0.848 2.417 47373
-0.850 2.420 47425
-0.846 2.417 47477
-0.848 2.400 47529
-0.851 2.397 47581
-0.850 2.397 47633
-0.847 2.382 47685
-0.851 2.373 47737
-0.848 2.362 47789
-0.851 2.362 47841
-0.849 2.359 47893
-0.850 2.335 47945
-0.850 2.335 47997
-0.848 2.335 48049
-0.851 2.350 48101
-0.848 2.335 48153
-0.847 2.335 48205
-0.847 2.335 48257
-0.850 2.338 48309
-0.851 2.327 48361
-0.850 2.292 48413
-0.854 2.292 48465
-0.852 2.283 48517
-0.854 2.280 48569
-0.854 2.280 48621
-0.852 2.265 48673
-0.852 2.260 48725
-0.852 2.254 48777
-0.852 2.245 48829
-0.852 2.242 48881
-0.852 2.233 48933
-0.852 2.233 48985
-0.854 2.245 49037
-0.852 2.222 49089
-0.854 2.233 49141
-0.852 2.219 49193
-0.854 2.222 49245
-0.852 2.213 49297
-0.855 2.210 49349
-0.852 2.198 49401
-0.852 2.195 49453
-0.852 2.195 49505
-0.855 2.198 49557
-0.852 2.190 49609
-0.855 2.187 49661
-0.852 2.175 49713
-0.852 2.172 49765
-0.855 2.175 49817
-0.852 2.166 49869
-0.852 2.166 49921
-0.852 2.160 49973
-0.855 2.163 50025
-0.852 2.152 50077
-0.855 2.163 50129
-0.855 2.152 50181
-0.855 2.152 50233
-0.855 2.152 50285
-0.855 2.146 50337
-0.855 2.140 50389
-0.855 2.140 50441
-0.852 2.125 50493
-0.855 2.117 50545
-0.856 2.117 50597
-0.856 2.117 50649
-0.852 2.105 50701
-0.852 2.102 50753
-0.852 2.102 50805
-0.852 2.096 50857
-0.852 2.096 50909
-0.855 2.093 50961
-0.852 2.096 51013
-0.852 2.079 51065
-0.856 2.093 51117
-0.852 2.079 51169
-0.855 2.082 51221
-0.856 2.070 51273
-0.855 2.070 51325
-0.852 2.058 51377
-0.852 2.055 51429
-0.855 2.058 51481
-0.852 2.055 51533
-0.856 2.058 51585
-0.854 2.044 51637
-0.854 2.050 51689
-0.852 2.035 51741
-0.852 2.032 51793
-0.852 2.032 51845
-0.852 2.026 51897
-0.852 2.026 51949
-0.856 2.023 52001
-0.852 2.012 52053
-0.852 2.012 52105
-0.855 2.023 52157
-0.855 2.012 52209
-0.852 2.003 52261
-0.852 2.003 52313
-0.852 1.988 52365
-0.855 2.000 52417
-0.852 1.985 52469
-0.852 1.985 52521
-0.852 1.980 52573
-0.855 1.988 52625
-0.855 1.977 52677
-0.852 1.980 52729
-0.856 1.980 52781
-0.852 1.962 52833
-0.856 1.974 52885
-0.854 1.962 52937
-0.852 1.953 52989
-0.855 1.968 53041
-0.855 1.965 53093
-0.852 1.942 53145
-0.855 1.953 53197
-0.852 1.939 53249
-0.854 1.942 53301
-0.852 1.933 53353
-0.855 1.945 53405
-0.854 1.930 53457
-0.856 1.945 53509
-0.855 1.930 53561
-0.854 1.915 53613
-0.855 1.918 53665
-0.855 1.921 53717
-0.855 1.921 53769
-0.855 1.921 53821
-0.855 1.907 53873
-0.856 1.910 53925
-0.854 1.892 53977
-0.852 1.892 54029
-0.852 1.886 54081
-0.854 1.883 54133
-0.852 1.886 54185
-0.855 1.883 54237
-0.852 1.872 54289
-0.855 1.880 54341
-0.852 1.860 54393
-0.852 1.860 54445
-0.855 1.872 54497
-0.852 1.857 54549
-0.852 1.848 54601
-0.854 1.848 54653
-0.855 1.857 54705
-0.855 1.848 54757
-0.855 1.851 54809
-0.855 1.837 54861
-0.852 1.840 54913
-0.855 1.837 54965
-0.855 1.851 55017
-0.852 1.822 55069
-0.855 1.834 55121
-0.855 1.828 55173
-0.855 1.828 55225
-0.854 1.816 55277
-0.855 1.828 55329
-0.856 1.816 55381
-0.854 1.799 55433
-0.856 1.805 55485
-0.856 1.802 55537
-0.852 1.793 55589
-0.855 1.790 55641
-0.856 1.790 55693
-0.855 1.790 55745
-0.856 1.790 55797
-0.855 1.787 55849
-0.855 1.787 55901
-0.855 1.790 55953
-0.855 1.781 56005
-0.852 1.770 56057
-0.856 1.781 56109
-0.855 1.781 56161
-0.855 1.767 56213
-0.855 1.767 56265
-0.856 1.755 56317
-0.855 1.758 56369
-0.855 1.758 56421
-0.854 1.746 56473
-0.855 1.743 56525
-0.855 1.743 56577
-0.852 1.729 56629
-0.855 1.735 56681
-0.855 1.732 56733
-0.855 1.735 56785
-0.856 1.720 56837
-0.855 1.723 56889
-0.853 1.708 56941
-0.855 1.720 56993
-0.855 1.723 57045
-0.856 1.711 57097
-0.855 1.711 57149
-0.854 1.723 57201
-0.855 1.697 57253
-0.856 1.700 57305
-0.855 1.697 57357
-0.856 1.694 57409
-0.854 1.676 57461
-0.854 1.676 57513
-0.855 1.685 57565
-0.855 1.685 57617
-0.852 1.670 57669
-0.856 1.673 57721
-0.856 1.653 57773
-0.857 1.665 57825
-0.855 1.650 57877
-0.855 1.665 57929
-0.855 1.635 57981
-0.854 1.635 58033
-0.854 1.650 58085
-0.852 1.670 58137
-0.855 1.665 58189
-0.855 1.650 58241
-0.854 1.630 58293
-0.855 1.627 58345
-0.855 1.638 58397
-0.854 1.630 58449
-0.855 1.627 58501
-0.854 1.612 58553
-0.856 1.618 58605
-0.853 1.612 58657
-0.852 1.606 58709
-0.854 1.606 58761
-0.855 1.603 58813
-0.855 1.606 58865
-0.855 1.603 58917
-0.855 1.606 58969
-0.854 1.589 59021
-0.854 1.589 59073
-0.856 1.595 59125
-0.852 1.580 59177
-0.855 1.595 59229
-0.855 1.580 59281
-0.855 1.577 59333
-0.854 1.565 59385
-0.855 1.568 59437
-0.854 1.560 59489
-0.854 1.560 59541
-0.855 1.557 59593
-0.852 1.554 59645
-0.855 1.557 59697
-0.852 1.545 59749
-0.855 1.560 59801
-0.852 1.542 59853
-0.855 1.545 59905
-0.855 1.545 59957
-0.855 1.548 60009
-0.855 1.533 60061
-0.852 1.522 60113
-0.855 1.536 60165
-0.852 1.519 60217
-0.855 1.525 60269
-0.855 1.522 60321
-0.855 1.525 60373
-0.855 1.522 60425
-0.855 1.510 60477
-0.852 1.498 60529
-0.855 1.507 60581
-0.856 1.504 60633
-0.855 1.501 60685
-0.851 1.495 60737
-0.852 1.495 60789
-0.852 1.484 60841
-0.856 1.487 60893
-0.854 1.472 60945
-0.855 1.490 60997
-0.852 1.472 61049
-0.855 1.487 61101
-0.852 1.472 61153
-0.853 1.487 61205
-0.852 1.466 61257
-0.853 1.475 61309
-0.855 1.463 61361
-0.857 1.463 61413
-0.855 1.455 61465
-0.855 1.455 61517
-0.852 1.449 61569
-0.850 1.449 61621
-0.852 1.449 61673
-0.854 1.455 61725
-0.852 1.455 61777
-0.850 1.443 61829
-0.853 1.452 61881
-0.852 1.452 61933
-0.850 1.428 61985
-0.852 1.440 62037
-0.850 1.425 62089
-0.852 1.431 62141
-0.850 1.425 62193
-0.852 1.431 62245
-0.852 1.417 62297
-0.850 1.420 62349
-0.850 1.405 62401
-0.852 1.417 62453
-0.850 1.402 62505
-0.852 1.414 62557
-0.853 1.405 62609
-0.852 1.408 62661
-0.852 1.405 62713
-0.850 1.390 62765
-0.852 1.399 62817
-0.850 1.379 62869
-0.852 1.390 62921
-0.853 1.382 62973
-0.852 1.385 63025
-0.852 1.382 63077
-0.852 1.385 63129
-0.852 1.373 63181
-0.853 1.370 63233
-0.850 1.355 63285
-0.853 1.358 63337
-0.852 1.361 63389
-0.852 1.361 63441
-0.850 1.350 63493
-0.852 1.361 63545
-0.851 1.347 63597
-0.852 1.361 63649
-0.852 1.350 63701
-0.852 1.350 63753
-0.852 1.347 63805
-0.850 1.332 63857
-0.850 1.326 63909
-0.852 1.338 63961
-0.850 1.320 64013
-0.851 1.323 64065
-0.852 1.320 64117
-0.852 1.312 64169
-0.853 1.315 64221
-0.853 1.312 64273
-0.852 1.288 64325
-0.854 1.300 64377
-0.852 1.280 64429
-0.855 1.277 64481
-0.852 1.274 64533
-0.854 1.291 64585
-0.850 1.274 64637
-0.850 1.285 64689
-0.855 1.277 64741
-0.854 1.271 64793
-0.854 1.268 64845
-0.852 1.256 64897
-0.852 1.256 64949
-0.852 1.256 65001
-0.854 1.253 65053
-0.854 1.256 65105
-0.854 1.253 65157
-0.854 1.245 65209
-0.854 1.245 65261
-0.855 1.230 65313
-0.852 1.233 65365
-0.854 1.230 65417
-0.855 1.227 65469
-0.855 1.227 65521
-0.852 1.215 65573
-0.852 1.207 65625
-0.855 1.218 65677
-0.852 1.204 65729
-0.852 1.195 65781
-0.852 1.195 65833
-0.852 1.192 65885
-0.855 1.207 65937
-0.855 1.198 65989
-0.852 1.186 66041
-0.852 1.186 66093
-0.854 1.198 66145
-0.854 1.198 66197
-0.852 1.172 66249
-0.855 1.183 66301
-0.854 1.178 66353
-0.852 1.169 66405
-0.854 1.175 66457
-0.854 1.175 66509
-0.855 1.160 66561
-0.855 1.160 66613
-0.855 1.160 66665
-0.852 1.145 66717
-0.852 1.145 66769
-0.852 1.145 66821
-0.854 1.148 66873
-0.852 1.145 66925
-0.854 1.151 66977
-0.852 1.134 67029
-0.854 1.151 67081
-0.852 1.125 67133
-0.852 1.113 67185
-0.855 1.134 67237
-0.851 1.113 67289
-0.854 1.125 67341
-0.854 1.125 67393
-0.852 1.110 67445
-0.854 1.119 67497
-0.852 1.102 67549
-0.854 1.110 67601
-0.852 1.099 67653
-0.852 1.099 67705
-0.854 1.102 67757
-0.854 1.105 67809
-0.852 1.087 67861
-0.854 1.090 67913
-0.854 1.090 67965
-0.854 1.090 68017
-0.854 1.090 68069
-0.854 1.078 68121
-0.851 1.075 68173
-0.854 1.081 68225
-0.851 1.070 68277
-0.854 1.070 68329
-0.853 1.067 68381
-0.852 1.055 68433
-0.854 1.070 68485
-0.852 1.058 68537
-0.853 1.058 68589
-0.854 1.055 68641
-0.851 1.046 68693
-0.853 1.043 68745
-0.851 1.040 68797
-0.850 1.032 68849
-0.850 1.029 68901
-0.851 1.029 68953
-0.853 1.038 69005
-0.854 1.032 69057
-0.851 1.017 69109
-0.855 1.017 69161
-0.852 1.005 69213
-0.854 1.017 69265
-0.854 1.011 69317
-0.851 1.000 69369
-0.852 1.000 69421
-0.854 1.011 69473
-0.853 0.997 69525
-0.854 1.000 69577
-0.854 1.000 69629
-0.854 0.994 69681
-0.853 0.997 69733
-0.854 0.991 69785
-0.854 0.985 69837
-0.854 0.988 69889
-0.851 0.976 69941
-0.851 0.962 69993
-0.854 0.976 70045
-0.854 0.973 70097
-0.854 0.976 70149
-0.850 0.959 70201
-0.851 0.953 70253
-0.854 0.962 70305
-0.853 0.962 70357
-0.854 0.953 70409
-0.851 0.938 70461
-0.854 0.950 70513
-0.853 0.950 70565
-0.853 0.944 70617
-0.850 0.930 70669
-0.854 0.941 70721
-0.851 0.924 70773
-0.853 0.933 70825
-0.853 0.924 70877
-0.852 0.924 70929
-0.851 0.912 70981
-0.850 0.912 71033
-0.850 0.906 71085
-0.854 0.903 71137
-0.851 0.892 71189
-0.852 0.892 71241
-0.850 0.889 71293
-0.850 0.889 71345
-0.854 0.903 71397
-0.850 0.883 71449
-0.853 0.895 71501
-0.851 0.883 71553
-0.853 0.895 71605
-0.852 0.868 71657
-0.854 0.883 71709
-0.854 0.880 71761
-0.851 0.865 71813
-0.854 0.868 71865
-0.852 0.860 71917
-0.854 0.871 71969
-0.854 0.857 72021
-0.854 0.857 72073
-0.854 0.854 72125
-0.854 0.854 72177
-0.854 0.845 72229
-0.854 0.845 72281
-0.851 0.830 72333
-0.854 0.848 72385
-0.854 0.833 72437
-0.852 0.822 72489
-0.851 0.819 72541
-0.852 0.819 72593
-0.854 0.825 72645
-0.854 0.822 72697
-0.852 0.807 72749
-0.852 0.807 72801
-0.854 0.810 72853
-0.854 0.810 72905
-0.854 0.801 72957
-0.855 0.798 73009
-0.854 0.801 73061
-0.851 0.790 73113
-0.850 0.790 73165
-0.854 0.801 73217
-0.854 0.790 73269
-0.854 0.790 73321
-0.853 0.787 73373
-0.854 0.781 73425
-0.854 0.775 73477
-0.851 0.766 73529
-0.852 0.778 73581
-0.853 0.778 73633
-0.852 0.778 73685
-0.852 0.778 73737
-0.850 0.752 73789
-0.850 0.749 73841
-0.850 0.740 73893
-0.852 0.755 73945
-0.852 0.755 73997
-0.852 0.755 74049
-0.851 0.752 74101
-0.848 0.749 74153
-0.848 0.740 74205
-0.854 0.731 74257
-0.850 0.725 74309
-0.850 0.755 74361
-0.845 0.752 74413
-0.851 0.728 74465
-0.852 0.717 74517
-0.852 0.702 74569
-0.852 0.696 74621
-0.854 0.705 74673
-0.852 0.696 74725
-0.854 0.693 74777
-0.852 0.679 74829
-0.855 0.682 74881
-0.852 0.673 74933
-0.854 0.667 74985
-0.857 0.670 75037
-0.854 0.655 75089
-0.856 0.670 75141
-0.855 0.650 75193
-0.854 0.644 75245
-0.856 0.653 75297
-0.857 0.650 75349
-0.855 0.632 75401
-0.856 0.632 75453
-0.856 0.635 75505
-0.857 0.635 75557
-0.858 0.638 75609
-0.857 0.623 75661
-0.855 0.620 75713
-0.854 0.609 75765
-0.856 0.623 75817
-0.856 0.626 75869
-0.856 0.623 75921
-0.856 0.623 75973
-0.856 0.615 76025
-0.855 0.612 76077
-0.854 0.603 76129
-0.856 0.600 76181
-0.857 0.600 76233
-0.857 0.591 76285
-0.857 0.591 76337
-0.855 0.580 76389
-0.857 0.577 76441
-0.857 0.577 76493
-0.857 0.580 76545
-0.857 0.580 76597
-0.855 0.562 76649
-0.857 0.565 76701
-0.856 0.565 76753
-0.856 0.553 76805
-0.855 0.565 76857
-0.855 0.553 76909
-0.855 0.553 76961
-0.855 0.553 77013
-0.855 0.553 77065
-0.855 0.542 77117
-0.852 0.539 77169
-0.855 0.545 77221
-0.852 0.533 77273
-0.856 0.533 77325
-0.855 0.515 77377
-0.854 0.515 77429
-0.854 0.510 77481
-0.855 0.510 77533
-0.857 0.510 77585
-0.857 0.510 77637
-0.857 0.510 77689
-0.856 0.507 77741
-0.855 0.486 77793
-0.852 0.492 77845
-0.856 0.495 77897
-0.856 0.498 77949
-0.852 0.486 78001
-0.854 0.486 78053
-0.854 0.472 78105
-0.854 0.472 78157
-0.856 0.486 78209
-0.854 0.469 78261
-0.856 0.478 78313
-0.856 0.475 78365
-0.856 0.472 78417
-0.854 0.457 78469
-0.856 0.460 78521
-0.856 0.457 78573
-0.854 0.445 78625
-0.855 0.454 78677
-0.854 0.445 78729
-0.855 0.448 78781
-0.856 0.448 78833
-0.856 0.451 78885
-0.856 0.440 78937
-0.856 0.440 78989
-0.856 0.437 79041
-0.854 0.422 79093
-0.856 0.428 79145
-0.855 0.425 79197
-0.856 0.428 79249
-0.856 0.416 79301
-0.856 0.413 79353
-0.855 0.413 79405
-0.856 0.402 79457
-0.856 0.364 79509
-0.855 0.402 79561
-0.854 0.393 79613
-0.856 0.393 79665
-0.856 0.390 79717
-0.856 0.393 79769
-0.856 0.387 79821
-0.856 0.390 79873
-0.856 0.381 79925
-0.856 0.378 79977
-0.856 0.381 80029
-0.856 0.373 80081
-0.856 0.367 80133
-0.857 0.358 80185
-0.855 0.367 80237
-0.854 0.352 80289
-0.855 0.355 80341
-0.854 0.346 80393
-0.854 0.340 80445
-0.854 0.340 80497
-0.856 0.346 80549
-0.856 0.343 80601
-0.854 0.329 80653
-0.856 0.335 80705
-0.856 0.335 80757
-0.854 0.323 80809
-0.855 0.332 80861
-0.854 0.317 80913
-0.856 0.323 80965
-0.856 0.323 81017
-0.854 0.305 81069
-0.856 0.311 81121
-0.854 0.300 81173
-0.856 0.300 81225
-0.856 0.297 81277
-0.856 0.300 81329
-0.856 0.300 81381
-0.854 0.282 81433
-0.856 0.294 81485
-0.854 0.276 81537
-0.854 0.270 81589
-0.856 0.285 81641
-0.856 0.273 81693
-0.856 0.270 81745
-0.856 0.273 81797
-0.857 0.270 81849
-0.852 0.253 81901
-0.856 0.262 81953
-0.856 0.265 82005
-0.854 0.253 82057
-0.852 0.238 82109
-0.856 0.250 82161
-0.856 0.250 82213
-0.856 0.241 82265
-0.856 0.238 82317
-0.856 0.241 82369
-0.856 0.238 82421
-0.856 0.227 82473
-0.856 0.230 82525
-0.856 0.227 82577
-0.856 0.230 82629
-0.854 0.212 82681
-0.856 0.215 82733
-0.854 0.206 82785
-0.854 0.206 82837
-0.856 0.206 82889
-0.857 0.200 82941
-0.854 0.189 82993
-0.856 0.200 83045
-0.854 0.189 83097
-0.854 0.189 83149
-0.857 0.192 83201
-0.854 0.177 83253
-0.856 0.183 83305
-0.856 0.180 83357
-0.856 0.177 83409
-0.857 0.171 83461
-0.856 0.168 83513
-0.856 0.168 83565
-0.857 0.171 83617
-0.854 0.154 83669
-0.854 0.145 83721
-0.856 0.157 83773
-0.856 0.151 83825
-0.856 0.145 83877
-0.856 0.145 83929
-0.856 0.145 83981
-0.855 0.136 84033
-0.856 0.133 84085
-0.857 0.133 84137
-0.856 0.136 84189
-0.856 0.122 84241
-0.854 0.113 84293
-0.856 0.110 84345
-0.856 0.125 84397
-0.855 0.107 84449
-0.857 0.113 84501
-0.857 0.110 84553
-0.854 0.095 84605
-0.855 0.095 84657
-0.855 0.090 84709
-0.855 0.087 84761
-0.857 0.093 84813
-0.856 0.090 84865
-0.857 0.087 84917
-0.855 0.072 84969
-0.856 0.087 85021
-0.856 0.075 85073
-0.854 0.066 85125
-0.854 0.066 85177
-0.855 0.066 85229
-0.855 0.060 85281
-0.855 0.052 85333
-0.856 0.066 85385
-0.856 0.058 85437
-0.855 0.043 85489
-0.856 0.052 85541
-0.856 0.055 85593
-0.855 0.037 85645
-0.854 0.043 85697
-0.857 0.043 85749
-0.855 0.025 85801
-0.856 0.040 85853
-0.854 0.025 85905
-0.856 0.028 85957
-0.855 0.014 86009
-0.856 0.017 86061
-0.854 0.014 86113
-0.856 0.017 86165
-0.857 0.017 86217
-0.854 0.002 86269
-0.856 0.005 86321
-0.855 -0.007 86374
0.906 0.101 86426
0.906 0.101 86478
0.906 0.113 86530
0.906 0.113 86582
0.906 0.110 86634
0.906 0.130 86686
0.908 0.119 86738
0.906 0.136 86790
0.906 0.148 86842
0.906 0.145 86894
0.906 0.154 86946
0.908 0.145 86998
0.906 0.171 87050
0.906 0.171 87102
0.908 0.160 87154
0.906 0.177 87206
0.908 0.168 87258
0.905 0.177 87310
0.906 0.195 87362
0.906 0.195 87414
0.906 0.200 87466
0.906 0.200 87518
0.906 0.206 87570
0.906 0.218 87622
0.906 0.215 87674
0.906 0.221 87726
0.905 0.227 87778
0.906 0.230 87830
0.906 0.241 87882
0.906 0.238 87934
0.906 0.241 87986
0.906 0.247 88038
0.908 0.247 88090
0.906 0.265 88142
0.906 0.265 88194
0.906 0.265 88246
0.906 0.265 88298
0.906 0.270 88350
0.906 0.270 88402
0.906 0.282 88454
0.906 0.288 88506
0.906 0.288 88558
0.906 0.294 88610
0.906 0.297 88662
0.906 0.297 88714
0.906 0.311 88766
0.906 0.311 88818
0.906 0.311 88870
0.906 0.323 88922
0.906 0.320 88974
0.906 0.320 89026
0.906 0.335 89078
0.906 0.332 89130
0.906 0.335 89182
0.906 0.332 89234
0.906 0.340 89286
0.906 0.346 89338
0.906 0.346 89390
0.906 0.358 89442
0.906 0.355 89494
0.906 0.361 89546
0.906 0.364 89598
0.905 0.367 89650
0.906 0.381 89702
0.908 0.364 89754
0.906 0.378 89806
0.906 0.381 89858
0.908 0.375 89910
0.906 0.393 89962
0.906 0.393 90014
0.906 0.405 90066
0.906 0.402 90118
0.906 0.402 90170
0.906 0.413 90222
0.906 0.416 90274
0.906 0.413 90326
0.906 0.428 90378
0.906 0.428 90430
0.906 0.428 90482
0.906 0.434 90534
0.906 0.440 90586
0.906 0.440 90638
0.906 0.451 90690
0.906 0.448 90742
0.906 0.451 90794
0.906 0.460 90846
0.908 0.448 90898
0.908 0.457 90950
0.906 0.466 91002
0.906 0.472 91054
0.906 0.472 91106
0.906 0.475 91158
0.908 0.469 91210
0.906 0.486 91262
0.908 0.480 91314
0.906 0.495 91366
0.908 0.486 91418
0.909 0.492 91470
0.904 0.510 91522
0.904 0.510 91574
0.905 0.510 91626
0.905 0.507 91678
0.905 0.510 91730
0.906 0.521 91782
0.906 0.521 91834
0.906 0.527 91886
0.906 0.533 91938
0.906 0.533 91990
0.906 0.545 92042
0.906 0.545 92094
0.906 0.545 92146
0.906 0.545 92198
0.906 0.550 92250
0.906 0.550 92302
0.906 0.553 92354
0.906 0.568 92406
0.908 0.550 92458
0.906 0.568 92510
0.906 0.571 92562
0.906 0.574 92614
0.906 0.577 92666
0.909 0.580 92718
0.906 0.591 92770
0.905 0.591 92822
0.905 0.591 92874
0.904 0.591 92926
0.906 0.600 92978
0.906 0.603 93030
0.906 0.615 93082
0.908 0.603 93134
0.906 0.615 93186
0.909 0.620 93238
0.906 0.620 93290
0.906 0.620 93342
0.906 0.626 93394
0.905 0.623 93446
0.908 0.626 93498
0.906 0.635 93550
0.906 0.644 93602
0.909 0.638 93654
0.906 0.661 93706
0.907 0.635 93758
0.902 0.644 93810
0.906 0.644 93862
0.908 0.644 93914
0.904 0.647 93966
0.908 0.655 94018
0.906 0.667 94070
0.908 0.685 94122
0.910 0.679 94174
0.906 0.685 94226
0.907 0.667 94278
0.906 0.685 94330
0.906 0.685 94382
0.907 0.679 94434
0.905 0.693 94486
0.907 0.682 94538
0.906 0.696 94590
0.906 0.708 94642
0.906 0.708 94694
0.906 0.720 94746
0.909 0.705 94798
0.906 0.731 94850
0.906 0.731 94902
0.906 0.731 94954
0.906 0.728 95006
0.908 0.725 95058
0.905 0.731 95110
0.906 0.743 95162
0.907 0.728 95214
0.905 0.743 95266
0.908 0.737 95318
0.906 0.755 95370
0.906 0.755 95422
0.906 0.755 95474
0.906 0.755 95526
0.906 0.766 95578
0.906 0.766 95630
0.906 0.766 95682
0.906 0.778 95734
0.906 0.775 95786
0.906 0.778 95838
0.906 0.781 95890
0.905 0.790 95942
0.906 0.790 95994
0.906 0.801 96046
0.906 0.801 96098
0.906 0.801 96150
0.904 0.801 96202
0.904 0.801 96254
0.904 0.801 96306
0.904 0.801 96358
0.904 0.807 96410
0.904 0.813 96462
0.905 0.810 96514
0.906 0.810 96566
0.906 0.828 96618
0.906 0.825 96670
0.906 0.833 96722
0.906 0.848 96774
0.906 0.848 96826
0.908 0.830 96878
0.906 0.848 96930
0.906 0.848 96982
0.908 0.842 97034
0.904 0.854 97086
0.904 0.854 97138
0.906 0.871 97190
0.906 0.871 97242
0.906 0.883 97294
0.904 0.871 97346
0.905 0.845 97398
0.907 0.860 97450
0.906 0.871 97502
0.906 0.883 97554
0.906 0.895 97606
0.908 0.883 97658
0.906 0.895 97710
0.906 0.903 97762
0.906 0.900 97814
0.906 0.906 97866
0.906 0.900 97918
0.906 0.906 97970
0.906 0.918 98022
0.906 0.918 98074
0.906 0.918 98126
0.906 0.918 98178
0.906 0.924 98230
0.906 0.927 98282
0.908 0.915 98334
0.906 0.941 98386
0.906 0.933 98438
0.909 0.935 98490
0.906 0.941 98542
0.906 0.947 98594
0.906 0.947 98646
0.906 0.950 98698
0.906 0.965 98750
0.906 0.950 98802
0.906 0.965 98854
0.906 0.962 98906
0.906 0.965 98958
0.906 0.962 99010
0.906 0.976 99062
0.906 0.976 99114
0.906 0.988 99166
0.906 0.988 99218
0.906 0.985 99270
0.906 0.988 99322
0.906 0.991 99374
0.906 1.000 99426
0.906 1.000 99478
0.906 1.011 99530
0.906 1.011 99582
0.906 1.008 99634
0.906 1.011 99686
0.906 1.017 99738
0.906 1.017 99790
0.906 1.017 99842
0.906 1.023 99894
0.906 1.023 99946
0.906 1.035 99998
0.908 1.017 100050
0.905 1.035 100102
0.908 1.029 100154
0.906 1.035 100206
0.908 1.029 100258
0.905 1.040 100310
0.904 1.040 100362
0.905 1.046 100414
0.904 1.046 100466
0.907 1.040 100518
0.906 1.058 100570
0.906 1.070 100622
0.907 1.081 100674
0.906 1.081 100726
0.908 1.055 100778
0.906 1.067 100830
0.906 1.081 100882
0.908 1.075 100934
0.906 1.081 100986
0.908 1.075 101038
0.906 1.087 101090
0.905 1.093 101142
0.906 1.105 101194
0.906 1.105 101246
0.906 1.105 101298
0.906 1.105 101350
0.906 1.110 101402
0.908 1.099 101454
0.906 1.116 101506
0.906 1.116 101558
0.906 1.125 101610
0.906 1.128 101662
0.906 1.128 101714
0.906 1.128 101766
0.908 1.113 101818
0.906 1.134 101870
0.905 1.134 101922
0.906 1.140 101974
0.906 1.151 102026
0.908 1.140 102078
0.906 1.151 102130
0.906 1.151 102182
0.908 1.145 102234
0.906 1.160 102286
0.908 1.148 102338
0.906 1.175 102390
0.906 1.175 102442
0.908 1.163 102494
0.906 1.175 102546
0.906 1.172 102598
0.908 1.169 102650
0.906 1.180 102702
0.906 1.183 102754
0.906 1.183 102806
0.908 1.180 102858
0.906 1.198 102910
0.906 1.198 102962
0.908 1.192 103014
0.906 1.198 103066
0.906 1.207 103118
0.908 1.192 103170
0.906 1.210 103222
0.906 1.221 103274
0.905 1.221 103326
0.906 1.221 103378
0.906 1.221 103430
0.906 1.221 103482
0.904 1.227 103534
0.906 1.233 103586
0.905 1.233 103638
0.906 1.233 103690
0.906 1.245 103742
0.906 1.245 103794
0.906 1.245 103846
0.904 1.245 103898
0.906 1.256 103950
0.906 1.256 104002
0.908 1.242 104054
0.906 1.256 104106
0.908 1.256 104158
0.906 1.265 104210
0.906 1.268 104262
0.906 1.268 104314
0.906 1.277 104366
0.906 1.277 104418
0.905 1.280 104470
0.906 1.291 104522
0.908 1.280 104574
0.906 1.277 104626
0.906 1.288 104678
0.906 1.288 104730
0.906 1.297 104782
0.906 1.297 104834
0.905 1.297 104886
0.906 1.297 104938
0.906 1.300 104990
0.906 1.315 105042
0.906 1.315 105094
0.906 1.320 105146
0.908 1.309 105198
0.906 1.326 105250
0.906 1.326 105302
0.906 1.338 105354
0.906 1.338 105406
0.906 1.335 105458
0.906 1.338 105510
0.906 1.350 105562
0.906 1.350 105614
0.906 1.350 105666
0.906 1.350 105718
0.906 1.350 105770
0.906 1.361 105822
0.908 1.350 105874
0.906 1.361 105926
0.908 1.350 105978
0.906 1.361 106030
0.906 1.373 106082
0.906 1.373 106134
0.906 1.385 106186
0.908 1.367 106238
0.906 1.385 106290
0.906 1.382 106342
0.906 1.385 106394
0.908 1.379 106446
0.906 1.390 106498
0.908 1.379 106550
0.906 1.390 106602
0.908 1.390 106654
0.906 1.408 106706
0.908 1.390 106758
0.908 1.402 106810
0.906 1.405 106862
0.906 1.414 106914
0.906 1.420 106966
0.908 1.405 107018
0.906 1.420 107070
0.905 1.431 107122
0.908 1.420 107174
0.906 1.431 107226
0.908 1.420 107278
0.906 1.431 107330
0.906 1.443 107382
0.908 1.425 107434
0.906 1.455 107486
0.906 1.455 107538
0.906 1.455 107590
0.905 1.455 107642
0.906 1.455 107694
0.906 1.460 107746
0.908 1.449 107798
0.906 1.460 107850
0.906 1.466 107902
0.908 1.452 107954
0.906 1.478 108006
0.906 1.478 108058
0.906 1.478 108110
0.906 1.478 108162
0.906 1.478 108214
0.906 1.490 108266
0.906 1.484 108318
0.906 1.487 108370
0.906 1.501 108422
0.906 1.501 108474
0.906 1.501 108526
0.909 1.487 108578
0.906 1.501 108630
0.906 1.501 108682
0.906 1.507 108734
0.906 1.513 108786
0.905 1.513 108838
0.906 1.525 108890
0.906 1.525 108942
0.906 1.525 108994
0.906 1.525 109046
0.906 1.536 109098
0.908 1.519 109150
0.906 1.536 109202
0.908 1.522 109254
0.906 1.548 109306
0.906 1.548 109358
0.906 1.548 109410
0.906 1.548 109462
0.905 1.548 109514
0.906 1.554 109566
0.905 1.548 109618
0.906 1.554 109670
0.906 1.560 109722
0.906 1.571 109774
0.906 1.571 109826
0.906 1.571 109878
0.906 1.571 109930
0.906 1.571 109982
0.906 1.571 110034
0.906 1.571 110086
0.906 1.577 110138
0.906 1.577 110190
0.906 1.595 110242
0.906 1.595 110294
0.906 1.595 110346
0.906 1.595 110398
0.906 1.595 110450
0.906 1.595 110502
0.906 1.600 110554
0.906 1.606 110606
0.908 1.589 110658
0.906 1.618 110710
0.906 1.618 110762
0.906 1.618 110814
0.906 1.618 110866
0.906 1.618 110918
0.906 1.630 110970
0.906 1.630 111022
0.906 1.630 111074
0.906 1.641 111126
0.907 1.612 111178
0.902 1.618 111230
0.906 1.641 111282
0.908 1.630 111334
0.906 1.641 111386
0.908 1.635 111438
0.906 1.647 111490
0.906 1.653 111542
0.906 1.653 111594
0.906 1.665 111646
0.906 1.665 111698
0.906 1.665 111750
0.906 1.665 111802
0.906 1.662 111854
0.906 1.665 111906
0.905 1.670 111958
0.906 1.673 112010
0.906 1.670 112062
0.908 1.670 112114
0.906 1.679 112166
0.905 1.688 112218
0.905 1.688 112270
0.906 1.688 112322
0.906 1.691 112374
0.906 1.694 112426
0.906 1.700 112478
0.906 1.700 112530
0.906 1.711 112582
0.908 1.685 112634
0.906 1.711 112686
0.907 1.700 112738
0.906 1.711 112790
0.906 1.711 112842
0.908 1.705 112894
0.906 1.723 112946
0.906 1.723 112998
0.906 1.735 113050
0.906 1.735 113102
0.906 1.732 113154
0.906 1.735 113206
0.906 1.732 113258
0.906 1.735 113310
0.906 1.740 113362
0.906 1.740 113414
0.906 1.746 113466
0.906 1.740 113518
0.908 1.740 113570
0.906 1.758 113622
0.906 1.758 113674
0.906 1.758 113726
0.908 1.752 113778
0.906 1.758 113830
0.906 1.764 113882
0.906 1.764 113934
0.904 1.764 113986
0.906 1.781 114038
0.908 1.764 114090
0.906 1.781 114142
0.908 1.764 114194
0.906 1.781 114246
0.907 1.775 114298
0.906 1.787 114350
0.906 1.787 114402
0.906 1.793 114454
0.905 1.793 114506
0.906 1.805 114558
0.906 1.802 114610
0.906 1.805 114662
0.908 1.793 114714
0.906 1.805 114766
0.908 1.799 114818
0.908 1.799 114870
0.906 1.816 114922
0.906 1.816 114974
0.906 1.828 115026
0.908 1.816 115078
0.906 1.828 115130
0.906 1.828 115182
0.906 1.828 115234
0.906 1.828 115286
0.910 1.840 115338
0.906 1.837 115390
0.906 1.840 115442
0.906 1.840 115494
0.906 1.851 115546
0.906 1.851 115598
0.906 1.851 115650
0.906 1.851 115702
0.906 1.851 115754
0.906 1.857 115806
0.908 1.845 115858
0.906 1.860 115910
0.906 1.863 115962
0.906 1.875 116014
0.906 1.875 116066
0.909 1.860 116118
0.908 1.857 116170
0.906 1.875 116222
0.906 1.875 116274
0.906 1.875 116326
0.908 1.860 116378
0.908 1.872 116430
0.906 1.886 116482
0.906 1.886 116534
0.906 1.895 116586
0.908 1.886 116638
0.906 1.895 116690
0.906 1.898 116742
0.906 1.898 116794
0.906 1.910 116846
0.906 1.910 116898
0.906 1.910 116950
0.906 1.921 117002
0.906 1.921 117054
0.906 1.918 117106
0.908 1.910 117158
0.906 1.921 117210
0.906 1.921 117262
0.906 1.921 117314
0.906 1.930 117366
0.906 1.927 117418
0.905 1.933 117470
0.906 1.945 117522
0.906 1.945 117574
0.906 1.945 117626
0.906 1.945 117678
0.906 1.945 117730
0.906 1.945 117782
0.906 1.945 117834
0.906 1.950 117886
0.908 1.939 117938
0.906 1.950 117990
0.906 1.953 118042
0.908 1.950 118094
0.908 1.950 118146
0.908 1.950 118198
0.905 1.965 118250
0.906 1.968 118302
0.906 1.968 118354
0.906 1.968 118406
0.906 1.974 118458
0.906 1.974 118510
0.906 1.991 118562
0.908 1.974 118614
0.906 1.991 118666
0.908 1.980 118718
0.906 1.991 118770
0.906 1.991 118822
0.908 1.985 118874
0.906 2.000 118926
0.910 2.003 118978
0.908 1.985 119030
0.905 2.000 119082
0.908 2.003 119134
0.908 2.003 119186
0.908 2.003 119238
0.906 2.015 119290
0.908 2.003 119342
0.908 2.009 119394
0.906 2.012 119446
0.907 2.009 119498
0.906 2.020 119550
0.907 2.009 119602
0.908 2.012 119654
0.908 2.020 119706
0.906 2.023 119758
0.906 2.038 119810
0.906 2.035 119862
0.908 2.026 119914
0.906 2.035 119966
0.908 2.032 120018
0.906 2.047 120070
0.908 2.035 120122
0.908 2.035 120174
0.908 2.044 120226
0.908 2.044 120278
0.908 2.050 120330
0.908 2.050 120382
0.905 2.058 120434
0.906 2.058 120486
0.908 2.055 120538
0.908 2.055 120590
0.906 2.067 120642
0.908 2.058 120694
0.906 2.070 120746
0.908 2.058 120798
0.906 2.070 120850
0.908 2.073 120902
0.906 2.085 120954
0.906 2.082 121006
0.908 2.079 121058
0.906 2.093 121110
0.908 2.079 121162
0.908 2.079 121214
0.908 2.082 121266
0.908 2.096 121318
0.906 2.093 121370
0.908 2.096 121422
0.908 2.096 121474
0.906 2.105 121526
0.908 2.096 121578
0.908 2.102 121630
0.906 2.105 121682
0.908 2.102 121734
0.906 2.114 121786
0.908 2.105 121838
0.906 2.117 121890
0.906 2.117 121942
0.906 2.131 121994
0.908 2.120 122046
0.906 2.128 122098
0.908 2.120 122150
0.906 2.128 122202
0.908 2.125 122254
0.906 2.137 122306
0.908 2.128 122358
0.906 2.137 122410
0.906 2.155 122462
0.905 2.146 122514
0.906 2.152 122566
0.908 2.137 122618
0.908 2.140 122670
0.906 2.152 122722
0.908 2.149 122774
0.908 2.149 122826
0.908 2.149 122878
0.908 2.149 122930
0.906 2.160 122982
0.906 2.160 123034
0.906 2.163 123086
0.908 2.152 123138
0.908 2.166 123190
0.908 2.166 123242
0.908 2.166 123294
0.906 2.175 123346
0.908 2.172 123398
0.908 2.172 123450
0.908 2.172 123502
0.905 2.187 123554
0.908 2.172 123606
0.908 2.175 123658
0.906 2.190 123710
0.908 2.190 123762
0.906 2.201 123814
0.908 2.190 123866
0.906 2.201 123918
0.908 2.190 123970
0.908 2.195 124022
0.908 2.195 124074
0.906 2.207 124126
0.906 2.210 124178
0.908 2.195 124230
0.908 2.198 124282
0.908 2.207 124334
0.906 2.210 124386
0.908 2.207 124438
0.908 2.213 124490
0.906 2.225 124542
0.908 2.219 124594
0.908 2.219 124646
0.908 2.219 124698
0.908 2.219 124750
0.906 2.236 124802
0.908 2.219 124854
0.908 2.219 124906
0.908 2.222 124958
0.908 2.230 125010
0.906 2.245 125062
0.908 2.230 125114
0.906 2.245 125166
0.908 2.233 125218
0.906 2.248 125270
0.906 2.248 125322
0.908 2.233 125374
0.906 2.260 125426
0.907 2.233 125478
0.908 2.245 125530
0.908 2.245 125582
0.908 2.245 125634
0.906 2.271 125686
0.906 2.257 125738
0.908 2.260 125790
0.908 2.260 125842
0.908 2.260 125894
0.906 2.268 125946
0.908 2.265 125998
0.908 2.265 126050
0.908 2.265 126102
0.908 2.268 126154
0.906 2.280 126206
0.906 2.280 126258
0.908 2.283 126310
0.906 2.280 126362
0.906 2.292 126414
0.908 2.283 126466
0.906 2.295 126518
0.908 2.283 126570
0.906 2.292 126622
0.908 2.289 126674
0.906 2.292 126726
0.906 2.303 126778
0.908 2.289 126830
0.908 2.292 126882
0.908 2.289 126934
0.905 2.303 126986
0.908 2.292 127038
0.908 2.300 127090
0.908 2.300 127142
0.908 2.306 127194
0.906 2.315 127246
0.908 2.306 127298
0.908 2.312 127350
0.908 2.312 127402
0.908 2.312 127454
0.906 2.324 127506
0.908 2.312 127558
0.908 2.315 127610
0.905 2.324 127662
0.908 2.315 127714
0.906 2.341 127766
0.906 2.338 127818
0.909 2.335 127870
0.906 2.341 127922
0.908 2.324 127974
0.908 2.324 128026
0.906 2.338 128078
0.908 2.335 128130
0.908 2.335 128182
0.908 2.335 128234
0.906 2.347 128286
0.908 2.335 128338
0.906 2.350 128390
0.908 2.338 128442
0.908 2.338 128494
0.905 2.350 128546
0.906 2.350 128598
0.908 2.353 128650
0.905 2.350 128702
0.908 2.353 128754
0.906 2.365 128806
0.908 2.359 128858
0.908 2.359 128910
0.907 2.359 128962
0.908 2.359 129014
0.908 2.359 129066
0.908 2.359 129118
0.908 2.362 129170
0.906 2.373 129222
0.908 2.385 129274
0.906 2.394 129326
0.906 2.373 129378
0.907 2.376 129430
0.908 2.376 129482
0.907 2.376 129534
0.906 2.388 129586
0.906 2.385 129638
0.906 2.394 129690
0.909 2.385 129742
0.906 2.411 129794
0.907 2.382 129846
0.906 2.376 129898
0.906 2.400 129950
0.906 2.397 130002
0.908 2.382 130054
0.907 2.382 130106
0.908 2.385 130158
0.909 2.408 130210
0.906 2.420 130262
0.905 2.408 130314
0.906 2.408 130366
0.908 2.400 130418
0.908 2.400 130470
0.906 2.411 130522
0.908 2.405 130574
0.908 2.405 130626
0.908 2.405 130678
0.908 2.405 130730
0.906 2.417 130782
0.908 2.408 130834
0.908 2.408 130886
0.908 2.408 130938
0.908 2.417 130990
0.906 2.426 131042
0.908 2.417 131094
0.906 2.432 131146
0.906 2.432 131198
0.907 2.423 131250
0.906 2.435 131302
0.906 2.432 131354
0.908 2.429 131406
0.906 2.435 131458
0.908 2.429 131510
0.906 2.432 131562
0.908 2.429 131614
0.906 2.443 131666
0.908 2.429 131718
0.906 2.443 131770
0.906 2.443 131822
0.906 2.446 131874
0.908 2.432 131926
0.906 2.443 131978
0.906 2.443 132030
0.906 2.443 132082
0.906 2.458 132134
0.908 2.446 132186
0.908 2.446 132238
0.906 2.458 132290
0.908 2.452 132342
0.908 2.452 132394
0.906 2.455 132446
0.908 2.452 132498
0.908 2.452 132550
0.908 2.452 132602
0.908 2.455 132654
0.905 2.467 132706
0.908 2.452 132758
0.908 2.470 132810
0.909 2.475 132862
0.909 2.475 132914
0.908 2.470 132966
0.907 2.470 133018
0.907 2.455 133070
0.908 2.470 133122
0.908 2.470 133174
0.905 2.478 133226
0.908 2.470 133278
0.909 2.475 133330
0.908 2.475 133382
0.908 2.478 133434
0.904 2.478 133486
0.905 2.455 133538
0.907 2.470 133590
0.906 2.478 133642
0.908 2.475 133694
0.906 2.490 133746
0.906 2.490 133798
0.908 2.493 133850
0.906 2.490 133902
0.906 2.490 133954
0.909 2.493 134006
0.906 2.490 134058
0.908 2.493 134110
0.906 2.502 134162
-0.852 2.499 134215
-0.855 2.490 134267
-0.855 2.490 134319
-0.852 2.475 134372
-0.855 2.467 134425
-0.852 2.470 134477
-0.852 2.452 134530
-0.855 2.455 134583
-0.854 2.446 134636
-0.854 2.432 134688
-0.854 2.429 134740
-0.852 2.429 134793
-0.852 2.423 134845
-0.852 2.417 134897
-0.854 2.408 134950
-0.855 2.408 135002
-0.852 2.405 135055
-0.855 2.408 135108
-0.855 2.397 135160
-0.854 2.385 135213
-0.854 2.382 135265
-0.852 2.382 135317
-0.852 2.376 135370
-0.855 2.373 135423
-0.855 2.373 135476
-0.855 2.373 135529
-0.855 2.362 135581
-0.854 2.353 135633
-0.853 2.353 135685
-0.854 2.347 135737
-0.855 2.350 135789
-0.852 2.335 135842
-0.852 2.335 135895
-0.855 2.338 135948
-0.852 2.324 136000
-0.852 2.324 136053
-0.852 2.312 136105
-0.852 2.312 136158
-0.854 2.312 136211
-0.852 2.306 136263
-0.855 2.303 136316
-0.855 2.303 136369
-0.855 2.303 136422
-0.852 2.289 136474
-0.856 2.292 136526
-0.854 2.283 136578
-0.854 2.283 136630
-0.854 2.265 136682
-0.855 2.280 136734
-0.850 2.283 136786
-0.852 2.283 136838
-0.852 2.260 136890
-0.854 2.254 136943
-0.856 2.257 136995
-0.856 2.257 137047
-0.855 2.245 137099
-0.856 2.245 137152
-0.854 2.230 137204
-0.855 2.239 137256
-0.856 2.233 137309
-0.854 2.219 137362
-0.854 2.219 137414
-0.857 2.222 137466
-0.854 2.213 137518
-0.856 2.210 137570
-0.854 2.198 137622
-0.855 2.210 137674
-0.854 2.195 137727
-0.856 2.198 137779
-0.856 2.198 137832
-0.854 2.190 137885
-0.854 2.190 137937
-0.857 2.175 137989
-0.856 2.175 138041
-0.854 2.172 138094
-0.856 2.163 138146
-0.856 2.163 138199
-0.856 2.163 138252
-0.852 2.152 138304
-0.854 2.149 138356
-0.856 2.152 138408
-0.856 2.152 138460
-0.854 2.140 138513
-0.854 2.137 138565
-0.857 2.146 138618
-0.854 2.128 138670
-0.856 2.128 138723
-0.856 2.128 138776
-0.857 2.117 138829
-0.856 2.117 138881
-0.854 2.120 138933
-0.856 2.117 138985
-0.854 2.105 139037
-0.854 2.105 139089
-0.854 2.102 139141
-0.857 2.105 139193
-0.856 2.105 139245
-0.854 2.096 139298
-0.854 2.096 139350
-0.854 2.082 139402
-0.854 2.079 139454
-0.856 2.082 139506
-0.854 2.079 139558
-0.856 2.070 139610
-0.856 2.070 139662
-0.856 2.070 139714
-0.854 2.058 139766
-0.852 2.055 139818
-0.855 2.055 139871
-0.857 2.058 139923
-0.854 2.050 139975
-0.856 2.053 140027
-0.855 2.044 140079
-0.854 2.035 140131
-0.856 2.047 140183
-0.854 2.032 140235
-0.852 2.026 140287
-0.856 2.023 140340
-0.854 2.026 140393
-0.854 2.020 140445
-0.856 2.023 140497
-0.856 2.023 140550
-0.857 2.012 140603
-0.854 2.003 140655
-0.854 2.003 140707
-0.856 2.000 140759
-0.857 2.000 140811
-0.856 2.003 140863
-0.856 2.000 140915
-0.856 2.003 140967
-0.856 1.988 141019
-0.856 1.977 141071
-0.856 1.991 141123
-0.853 1.974 141176
-0.856 1.980 141228
-0.854 1.965 141280
-0.855 1.962 141333
-0.852 1.962 141385
-0.856 1.965 141438
-0.855 1.950 141491
-0.854 1.950 141543
-0.857 1.953 141595
-0.856 1.953 141647
-0.856 1.945 141700
-0.856 1.942 141753
-0.857 1.945 141805
-0.856 1.930 141857
-0.856 1.930 141909
-0.856 1.930 141961
-0.854 1.918 142013
-0.856 1.921 142065
-0.857 1.918 142118
-0.857 1.921 142170
-0.854 1.910 142222
-0.854 1.910 142274
-0.857 1.910 142326
-0.855 1.910 142378
-0.857 1.910 142430
-0.857 1.898 142482
-0.855 1.892 142534
-0.856 1.883 142586
-0.854 1.886 142639
-0.856 1.883 142691
-0.856 1.886 142744
-0.856 1.883 142797
-0.855 1.860 142850
-0.855 1.860 142902
-0.857 1.872 142954
-0.856 1.872 143006
-0.855 1.857 143058
-0.854 1.857 143110
-0.854 1.848 143162
-0.857 1.848 143214
-0.857 1.848 143266
-0.855 1.845 143318
-0.854 1.840 143370
-0.857 1.851 143422
-0.855 1.834 143474
-0.856 1.837 143526
-0.854 1.825 143578
-0.854 1.822 143630
-0.854 1.822 143682
-0.857 1.825 143734
-0.857 1.828 143786
-0.855 1.816 143838
-0.857 1.816 143890
-0.854 1.799 143942
-0.856 1.802 143994
-0.856 1.802 144046
-0.856 1.802 144098
-0.854 1.793 144150
-0.857 1.805 144202
-0.855 1.787 144254
-0.856 1.790 144306
-0.857 1.790 144358
-0.855 1.775 144410
-0.855 1.775 144462
-0.855 1.767 144514
-0.855 1.764 144566
-0.855 1.764 144618
-0.854 1.755 144670
-0.856 1.767 144722
-0.857 1.764 144774
-0.857 1.758 144826
-0.857 1.755 144878
-0.855 1.746 144930
-0.856 1.758 144982
-0.856 1.743 145034
-0.855 1.732 145087
-0.856 1.743 145139
-0.856 1.732 145191
-0.857 1.735 145243
-0.857 1.732 145295
-0.857 1.735 145347
-0.856 1.720 145399
-0.857 1.723 145451
-0.856 1.720 145503
-0.854 1.705 145555
-0.854 1.708 145607
-0.855 1.705 145659
-0.855 1.700 145711
-0.854 1.700 145763
-0.855 1.700 145815
-0.857 1.697 145867
-0.854 1.685 145919
-0.856 1.697 145971
-0.855 1.682 146023
-0.856 1.685 146075
-0.855 1.670 146128
-0.857 1.685 146180
-0.856 1.673 146233
-0.857 1.670 146286
-0.856 1.673 146338
-0.856 1.670 146391
-0.854 1.659 146443
-0.856 1.665 146495
-0.856 1.650 146547
-0.855 1.653 146599
-0.854 1.638 146651
-0.856 1.653 146703
-0.854 1.635 146755
-0.857 1.638 146807
-0.856 1.638 146859
-0.855 1.630 146911
-0.856 1.641 146963
-0.855 1.630 147016
-0.857 1.630 147068
-0.856 1.627 147120
-0.857 1.627 147173
-0.857 1.618 147225
-0.854 1.612 147277
-0.855 1.606 147329
-0.855 1.606 147381
-0.856 1.603 147433
-0.854 1.600 147485
-0.850 1.612 147537
-0.855 1.589 147589
-0.857 1.595 147641
-0.854 1.583 147693
-0.857 1.595 147745
-0.855 1.577 147797
-0.857 1.577 147849
-0.856 1.580 147901
-0.854 1.568 147953
-0.856 1.577 148006
-0.857 1.568 148059
-0.856 1.568 148111
-0.857 1.571 148164
-0.854 1.560 148216
-0.857 1.560 148268
-0.857 1.557 148320
-0.857 1.554 148373
-0.857 1.548 148425
-0.854 1.542 148477
-0.855 1.536 148530
-0.855 1.536 148582
-0.857 1.533 148634
-0.857 1.533 148687
-0.857 1.536 148739
-0.854 1.519 148791
-0.856 1.536 148843
-0.854 1.519 148896
-0.856 1.525 148948
-0.854 1.513 149000
-0.855 1.507 149053
-0.855 1.498 149105
-0.856 1.510 149157
-0.856 1.507 149209
-0.856 1.498 149261
-0.854 1.487 149313
-0.856 1.501 149365
-0.856 1.493 149417
-0.854 1.484 149469
-0.856 1.493 149521
-0.857 1.487 149573
-0.854 1.472 149625
-0.856 1.478 149677
-0.856 1.478 149729
-0.856 1.478 149781
-0.854 1.460 149833
-0.856 1.478 149885
-0.856 1.463 149937
-0.854 1.460 149990
-0.854 1.449 150042
-0.856 1.452 150094
-0.856 1.452 150146
-0.855 1.443 150198
-0.856 1.452 150250
-0.856 1.440 150302
-0.854 1.425 150354
-0.856 1.440 150406
-0.855 1.425 150458
-0.856 1.428 150510
-0.856 1.428 150562
-0.854 1.420 150614
-0.856 1.417 150666
-0.855 1.408 150718
-0.855 1.402 150770
-0.856 1.417 150822
-0.854 1.402 150874
-0.855 1.396 150926
-0.855 1.390 150978
-0.854 1.390 151030
-0.854 1.390 151082
-0.857 1.393 151134
-0.855 1.379 151186
-0.854 1.379 151238
-0.854 1.379 151290
-0.856 1.385 151342
-0.857 1.370 151394
-0.857 1.385 151446
-0.852 1.382 151498
-0.857 1.367 151550
-0.857 1.370 151602
-0.856 1.355 151654
-0.857 1.361 151706
-0.855 1.335 151758
-0.854 1.350 151810
-0.856 1.347 151862
-0.856 1.347 151914
-0.855 1.361 151966
-0.856 1.347 152019
-0.852 1.335 152071
-0.852 1.335 152124
-0.855 1.347 152177
-0.855 1.338 152229
-0.856 1.335 152281
-0.854 1.326 152333
-0.856 1.323 152385
-0.857 1.320 152437
-0.855 1.309 152489
-0.857 1.315 152541
-0.855 1.303 152593
-0.856 1.300 152645
-0.855 1.288 152697
-0.856 1.300 152749
-0.855 1.285 152801
-0.857 1.300 152853
-0.857 1.288 152905
-0.856 1.288 152957
-0.854 1.280 153010
-0.856 1.277 153062
-0.856 1.288 153114
-0.854 1.274 153166
-0.854 1.265 153218
-0.855 1.262 153270
-0.855 1.262 153322
-0.857 1.265 153374
-0.856 1.265 153426
-0.855 1.256 153478
-0.854 1.256 153530
-0.854 1.250 153582
-0.854 1.239 153634
-0.856 1.242 153686
-0.855 1.239 153738
-0.857 1.245 153790
-0.856 1.245 153842
-0.855 1.227 153894
-0.855 1.218 153946
-0.854 1.218 153998
-0.854 1.215 154050
-0.854 1.215 154103
-0.857 1.221 154155
-0.856 1.221 154207
-0.855 1.207 154260
-0.857 1.207 154313
-0.857 1.204 154365
-0.857 1.207 154417
-0.857 1.204 154469
-0.855 1.195 154521
-0.854 1.192 154573
-0.854 1.186 154625
-0.856 1.198 154677
-0.855 1.186 154729
-0.857 1.183 154781
-0.855 1.172 154833
-0.854 1.172 154885
-0.856 1.180 154937
-0.857 1.172 154989
-0.856 1.175 155041
-0.856 1.172 155093
-0.856 1.175 155145
-0.856 1.175 155197
-0.854 1.148 155249
-0.856 1.163 155301
-0.857 1.154 155353
-0.856 1.148 155405
-0.854 1.145 155458
-0.857 1.151 155511
-0.857 1.151 155563
-0.855 1.125 155615
-0.855 1.113 155667
-0.855 1.113 155719
-0.855 1.113 155771
-0.857 1.128 155823
-0.855 1.113 155875
-0.857 1.128 155927
-0.855 1.110 155979
-0.856 1.113 156031
-0.857 1.113 156084
-0.855 1.099 156136
-0.857 1.105 156188
-0.856 1.105 156240
-0.855 1.093 156293
-0.857 1.105 156345
-0.855 1.078 156397
-0.854 1.075 156449
-0.857 1.090 156501
-0.856 1.090 156553
-0.856 1.081 156605
-0.857 1.078 156657
-0.856 1.081 156709
-0.855 1.070 156761
-0.854 1.070 156813
-0.856 1.078 156865
-0.856 1.081 156917
-0.854 1.052 156969
-0.856 1.070 157021
-0.855 1.052 157073
-0.856 1.058 157125
-0.856 1.055 157177
-0.855 1.032 157229
-0.855 1.032 157281
-0.857 1.043 157333
-0.856 1.023 157385
-0.855 1.023 157437
-0.857 1.035 157489
-0.855 1.017 157541
-0.854 1.017 157593
-0.857 1.017 157645
-0.854 1.008 157697
-0.854 1.008 157749
-0.856 1.020 157801
-0.856 1.008 157853
-0.856 1.011 157905
-0.856 1.008 157957
-0.857 1.011 158009
-0.857 1.011 158061
-0.855 0.994 158113
-0.857 0.997 158165
-0.856 0.997 158217
-0.855 0.982 158269
-0.857 0.985 158321
-0.856 0.985 158373
-0.856 0.988 158425
-0.856 0.988 158477
-0.856 0.988 158529
-0.856 0.976 158581
-0.855 0.959 158633
-0.857 0.965 158685
-0.857 0.965 158737
-0.855 0.959 158789
-0.857 0.962 158841
-0.855 0.947 158893
-0.856 0.953 158945
-0.857 0.950 158997
-0.856 0.953 159049
-0.857 0.950 159101
-0.856 0.950 159153
-0.856 0.941 159205
-0.856 0.938 159258
-0.857 0.927 159311
-0.854 0.924 159363
-0.857 0.924 159415
-0.856 0.927 159467
-0.857 0.927 159519
-0.855 0.912 159571
-0.856 0.918 159623
-0.854 0.906 159675
-0.857 0.918 159727
-0.855 0.892 159779
-0.855 0.892 159831
-0.855 0.892 159883
-0.857 0.903 159935
-0.856 0.892 159987
-0.855 0.883 160039
-0.855 0.883 160091
-0.857 0.895 160143
-0.856 0.880 160195
-0.856 0.895 160247
-0.856 0.883 160299
-0.856 0.883 160351
-0.857 0.883 160403
-0.856 0.871 160455
-0.857 0.871 160507
-0.856 0.871 160559
-0.857 0.860 160611
-0.857 0.860 160663
-0.855 0.845 160715
-0.856 0.857 160767
-0.855 0.842 160819
-0.855 0.833 160871
-0.854 0.833 160923
-0.855 0.830 160975
-0.855 0.830 161027
-0.856 0.833 161079
-0.857 0.830 161131
-0.857 0.825 161183
-0.857 0.822 161235
-0.857 0.822 161287
-0.856 0.822 161339
-0.856 0.825 161391
-0.857 0.825 161443
-0.856 0.810 161495
-0.855 0.795 161547
-0.856 0.810 161599
-0.855 0.795 161651
-0.857 0.801 161703
-0.855 0.790 161755
-0.855 0.790 161807
-0.857 0.787 161859
-0.855 0.775 161911
-0.857 0.790 161963
-0.854 0.772 162015
-0.855 0.772 162067
-0.857 0.775 162119
-0.857 0.763 162171
-0.857 0.766 162223
-0.855 0.766 162275
-0.854 0.752 162327
-0.857 0.763 162379
-0.857 0.763 162431
-0.857 0.755 162484
-0.857 0.755 162536
-0.857 0.755 162588
-0.857 0.755 162640
-0.855 0.737 162693
-0.857 0.743 162745
-0.857 0.740 162797
-0.854 0.725 162849
-0.857 0.731 162901
-0.857 0.728 162953
-0.855 0.720 163005
-0.857 0.731 163057
-0.854 0.714 163109
-0.857 0.717 163161
-0.855 0.702 163213
-0.857 0.714 163265
-0.856 0.705 163317
-0.857 0.708 163369
-0.857 0.708 163421
-0.855 0.696 163473
-0.857 0.696 163525
-0.855 0.682 163577
-0.858 0.685 163629
-0.855 0.673 163681
-0.855 0.673 163733
-0.856 0.682 163785
-0.856 0.685 163837
-0.854 0.673 163889
-0.857 0.670 163941
-0.856 0.655 163993
-0.857 0.667 164045
-0.857 0.661 164097
-0.857 0.658 164149
-0.857 0.658 164201
-0.855 0.644 164253
-0.856 0.653 164305
-0.857 0.647 164357
-0.855 0.632 164409
-0.857 0.647 164461
-0.858 0.638 164513
-0.857 0.635 164565
-0.856 0.635 164617
-0.855 0.626 164670
-0.857 0.623 164722
-0.855 0.620 164775
-0.855 0.612 164827
-0.857 0.623 164879
-0.855 0.609 164931
-0.855 0.609 164983
-0.855 0.603 165035
-0.857 0.615 165087
-0.858 0.600 165139
-0.857 0.603 165191
-0.857 0.603 165243
-0.856 0.585 165295
-0.858 0.591 165347
-0.856 0.580 165399
-0.855 0.580 165451
-0.857 0.591 165503
-0.854 0.574 165555
-0.858 0.577 165607
-0.855 0.565 165659
-0.857 0.574 165711
-0.857 0.568 165763
-0.857 0.565 165815
-0.854 0.562 165867
-0.854 0.553 165919
-0.857 0.550 165971
-0.857 0.542 166023
-0.854 0.542 166075
-0.857 0.550 166127
-0.858 0.530 166179
-0.856 0.545 166231
-0.855 0.518 166283
-0.856 0.530 166335
-0.854 0.550 166387
-0.854 0.550 166439
-0.856 0.533 166491
-0.854 0.515 166543
-0.856 0.518 166595
-0.856 0.521 166648
-0.856 0.521 166701
-0.856 0.518 166754
-0.856 0.510 166806
-0.854 0.510 166858
-0.856 0.510 166910
-0.856 0.510 166962
-0.855 0.492 167014
-0.856 0.495 167066
-0.856 0.483 167118
-0.854 0.486 167170
-0.856 0.483 167222
-0.854 0.469 167275
-0.856 0.478 167327
-0.857 0.472 167379
-0.856 0.472 167431
-0.857 0.475 167483
-0.857 0.472 167535
-0.856 0.460 167587
-0.856 0.460 167639
-0.854 0.448 167691
-0.856 0.457 167743
-0.852 0.448 167796
-0.855 0.460 167849
-0.852 0.445 167901
-0.855 0.448 167954
-0.852 0.440 168006
-0.855 0.448 168058
-0.854 0.434 168111
-0.855 0.422 168163
-0.857 0.437 168215
-0.856 0.425 168267
-0.856 0.425 168320
-0.855 0.416 168373
-0.857 0.416 168425
-0.857 0.416 168477
-0.854 0.399 168529
-0.854 0.399 168581
-0.856 0.410 168633
-0.856 0.405 168685
-0.856 0.405 168737
-0.854 0.393 168789
-0.852 0.387 168841
-0.856 0.390 168894
-0.856 0.393 168946
-0.856 0.384 168998
-0.852 0.367 169051
-0.855 0.381 169103
-0.857 0.378 169155
-0.857 0.370 169207
-0.857 0.367 169259
-0.854 0.355 169311
-0.857 0.364 169363
-0.857 0.355 169415
-0.854 0.352 169467
-0.855 0.370 169519
-0.852 0.352 169571
-0.854 0.340 169623
-0.855 0.332 169675
-0.856 0.323 169727
-0.855 0.323 169779
-0.855 0.323 169831
-0.856 0.335 169883
-0.856 0.335 169935
-0.852 0.323 169987
-0.852 0.323 170039
-0.856 0.335 170091
-0.856 0.320 170143
-0.856 0.323 170195
-0.856 0.323 170247
-0.856 0.320 170299
-0.856 0.314 170351
-0.855 0.311 170403
-0.853 0.300 170456
-0.856 0.311 170508
-0.852 0.294 170560
-0.854 0.285 170613
-0.856 0.294 170665
-0.856 0.291 170717
-0.852 0.282 170769
-0.856 0.288 170822
-0.856 0.288 170874
-0.856 0.288 170926
-0.854 0.270 170978
-0.856 0.270 171030
-0.856 0.270 171082
-0.854 0.259 171134
-0.856 0.265 171186
-0.852 0.253 171238
-0.852 0.253 171290
-0.852 0.247 171342
-0.854 0.247 171395
-0.856 0.250 171447
-0.854 0.235 171499
-0.854 0.235 171551
-0.856 0.241 171603
-0.854 0.230 171655
-0.852 0.230 171707
-0.856 0.227 171759
-0.852 0.230 171811
-0.854 0.215 171863
-0.854 0.212 171915
-0.856 0.227 171967
-0.854 0.212 172019
-0.856 0.218 172071
-0.856 0.215 172123
-0.856 0.203 172175
-0.854 0.192 172227
-0.856 0.203 172279
-0.856 0.206 172331
-0.856 0.200 172383
-0.854 0.189 172435
-0.856 0.195 172487
-0.856 0.195 172539
-0.856 0.195 172591
-0.856 0.180 172643
-0.856 0.180 172695
-0.854 0.165 172747
-0.855 0.165 172799
-0.857 0.171 172851
-0.855 0.171 172903
-0.854 0.174 172955
-0.852 0.165 173008
-0.856 0.157 173061
-0.856 0.157 173113
-0.856 0.154 173165
-0.856 0.148 173217
-0.856 0.148 173269
-0.857 0.148 173321
-0.854 0.136 173373
-0.856 0.133 173425
-0.856 0.133 173477
-0.854 0.119 173530
-0.855 0.119 173582
-0.856 0.128 173634
-0.857 0.122 173686
-0.856 0.125 173738
-0.856 0.110 173790
-0.855 0.098 173842
-0.857 0.110 173894
-0.856 0.110 173946
-0.854 0.095 173998
-0.854 0.095 174050
-0.855 0.090 174102
-0.856 0.098 174154
-0.856 0.101 174206
-0.856 0.087 174258
-0.855 0.075 174310
-0.857 0.084 174362
-0.856 0.087 174414
-0.856 0.078 174466
-0.855 0.066 174518
-0.855 0.060 174570
-0.857 0.072 174622
-0.854 0.060 174674
-0.856 0.066 174726
-0.854 0.049 174778
-0.854 0.049 174830
-0.854 0.049 174882
-0.856 0.055 174934
-0.856 0.052 174986
-0.856 0.055 175038
-0.855 0.037 175090
-0.854 0.028 175142
-0.855 0.028 175194
-0.856 0.040 175246
-0.855 0.025 175298
-0.856 0.028 175350
-0.854 0.020 175402
-0.854 0.020 175454
-0.854 0.014 175506
-0.855 0.014 175558
-0.856 0.020 175610
-0.854 0.002 175662
-0.855 -0.007 175715
0.906 0.101 175767
0.908 0.095 175819
0.908 0.098 175871
0.906 0.125 175923
0.906 0.125 175975
0.906 0.136 176027
0.906 0.136 176079
0.906 0.136 176131
0.906 0.148 176183
0.906 0.148 176235
0.906 0.154 176287
0.908 0.145 176339
0.906 0.157 176391
0.906 0.171 176443
0.906 0.168 176495
0.906 0.177 176547
0.906 0.177 176599
0.906 0.192 176651
0.906 0.195 176703
0.906 0.195 176755
0.906 0.200 176807
0.906 0.206 176859
0.906 0.218 176911
0.906 0.218 176963
0.906 0.218 177015
0.906 0.230 177067
0.908 0.215 177119
0.906 0.241 177171
0.906 0.241 177223
0.906 0.241 177275
0.906 0.241 177327
0.906 0.247 177379
0.906 0.250 177431
0.906 0.265 177483
0.906 0.265 177535
0.906 0.265 177587
0.906 0.265 177639
0.906 0.270 177691
0.906 0.273 177743
0.908 0.270 177795
0.906 0.288 177847
0.906 0.288 177899
0.906 0.294 177951
0.906 0.300 178003
0.908 0.285 178055
0.906 0.311 178107
0.906 0.311 178159
0.906 0.311 178211
0.906 0.323 178263
0.906 0.323 178315
0.906 0.323 178367
0.906 0.320 178419
0.906 0.335 178471
0.906 0.335 178523
0.906 0.335 178575
0.906 0.346 178627
0.906 0.346 178679
0.906 0.358 178731
0.906 0.358 178783
0.906 0.358 178835
0.906 0.364 178887
0.906 0.367 178939
0.906 0.367 178991
0.906 0.381 179043
0.906 0.378 179095
0.906 0.381 179147
0.906 0.378 179199
0.906 0.390 179251
0.906 0.393 179303
0.906 0.390 179355
0.908 0.393 179407
0.908 0.393 179459
0.906 0.408 179511
0.906 0.413 179563
0.906 0.416 179615
0.906 0.416 179667
0.906 0.428 179719
0.906 0.428 179771
0.906 0.428 179823
0.908 0.422 179875
0.906 0.440 179927
0.906 0.440 179979
0.906 0.451 180031
0.906 0.451 180083
0.906 0.451 180135
0.906 0.457 180187
0.906 0.457 180239
0.906 0.457 180291
0.906 0.475 180343
0.906 0.466 180395
0.908 0.460 180447
0.906 0.475 180499
0.906 0.472 180551
0.906 0.486 180603
0.906 0.486 180655
0.906 0.498 180707
0.906 0.495 180759
0.906 0.495 180811
0.906 0.495 180863
0.906 0.507 180915
0.906 0.510 180967
0.906 0.510 181019
0.906 0.521 181071
0.906 0.521 181123
0.904 0.521 181175
0.906 0.521 181227
0.908 0.515 181279
0.906 0.530 181331
0.906 0.533 181383
0.906 0.533 181435
0.906 0.545 181487
0.906 0.545 181539
0.908 0.539 181591
0.906 0.550 181643
0.906 0.550 181695
0.906 0.550 181747
0.906 0.568 181799
0.906 0.565 181851
0.906 0.568 181903
0.906 0.568 181955
0.906 0.580 182007
0.906 0.580 182059
0.906 0.591 182111
0.906 0.591 182163
0.906 0.591 182215
0.906 0.591 182267
0.906 0.597 182319
0.906 0.603 182371
0.906 0.603 182423
0.906 0.615 182475
0.906 0.615 182527
0.906 0.612 182579
0.906 0.615 182631
0.906 0.620 182683
0.908 0.612 182735
0.906 0.626 182787
0.906 0.638 182839
0.906 0.638 182891
0.906 0.638 182943
0.906 0.638 182995
0.906 0.644 183047
0.906 0.647 183099
0.906 0.647 183151
0.906 0.650 183203
0.906 0.661 183255
0.906 0.661 183307
0.906 0.661 183359
0.906 0.661 183411
0.906 0.673 183463
0.906 0.670 183515
0.906 0.673 183567
0.906 0.670 183619
0.906 0.685 183671
0.910 0.705 183723
0.906 0.685 183775
0.906 0.693 183827
0.908 0.682 183879
0.906 0.696 183931
0.906 0.708 183983
0.906 0.708 184035
0.906 0.708 184087
0.906 0.708 184139
0.906 0.714 184191
0.906 0.717 184243
0.906 0.720 184295
0.906 0.731 184347
0.906 0.717 184399
0.906 0.731 184451
0.906 0.731 184503
0.906 0.728 184555
0.906 0.737 184607
0.906 0.743 184659
0.906 0.746 184711
0.906 0.752 184763
0.905 0.755 184815
0.906 0.755 184867
0.906 0.755 184919
0.906 0.766 184971
0.906 0.766 185023
0.906 0.766 185075
0.906 0.778 185127
0.906 0.763 185179
0.906 0.778 185231
0.906 0.778 185283
0.906 0.778 185335
0.906 0.790 185387
0.908 0.784 185439
0.906 0.790 185491
0.905 0.801 185543
0.908 0.790 185595
0.906 0.798 185647
0.906 0.801 185699
0.908 0.795 185751
0.906 0.813 185803
0.906 0.813 185855
0.906 0.825 185907
0.906 0.825 185959
0.906 0.825 186011
0.906 0.825 186063
0.906 0.830 186115
0.906 0.830 186167
0.906 0.830 186219
0.906 0.836 186271
0.906 0.848 186323
0.906 0.845 186375
0.906 0.848 186427
0.906 0.845 186479
0.906 0.857 186531
0.906 0.860 186583
0.906 0.857 186635
0.906 0.871 186687
0.906 0.871 186739
0.906 0.871 186791
0.906 0.871 186843
0.906 0.871 186895
0.906 0.883 186947
0.906 0.883 186999
0.906 0.895 187051
0.906 0.895 187103
0.906 0.895 187155
0.906 0.895 187207
0.906 0.892 187259
0.906 0.895 187311
0.906 0.906 187363
0.908 0.892 187415
0.906 0.906 187467
0.908 0.906 187519
0.906 0.918 187571
0.906 0.918 187623
0.905 0.915 187675
0.906 0.924 187727
0.904 0.927 187779
0.906 0.927 187831
0.906 0.938 187883
0.906 0.941 187935
0.906 0.941 187987
0.906 0.941 188039
0.906 0.947 188091
0.906 0.953 188143
0.906 0.953 188195
0.906 0.953 188247
0.905 0.965 188299
0.906 0.965 188351
0.906 0.965 188403
0.906 0.965 188455
0.906 0.976 188507
0.906 0.976 188559
0.906 0.976 188611
0.906 0.988 188663
0.906 0.988 188715
0.906 0.988 188767
0.906 0.988 188819
0.906 0.994 188871
0.906 0.991 188923
0.906 0.997 188975
0.906 0.997 189027
0.906 0.997 189079
0.906 0.997 189131
0.906 1.011 189183
0.906 1.011 189235
0.906 1.017 189287
0.906 1.017 189339
0.906 1.017 189391
0.906 1.023 189443
0.906 1.035 189495
0.906 1.032 189547
0.906 1.035 189599
0.906 1.032 189651
0.906 1.040 189703
0.908 1.029 189755
0.906 1.046 189807
0.906 1.058 189859
0.906 1.043 189911
0.906 1.043 189963
0.906 1.043 190015
0.906 1.058 190067
0.908 1.052 190119
0.906 1.070 190171
0.906 1.070 190223
0.906 1.070 190275
0.906 1.081 190327
0.908 1.070 190379
0.906 1.081 190431
0.906 1.081 190483
0.906 1.084 190535
0.906 1.087 190587
0.906 1.093 190639
0.906 1.105 190691
0.906 1.105 190743
0.906 1.105 190795
0.906 1.105 190847
0.906 1.105 190899
0.906 1.105 190951
0.906 1.110 191003
0.906 1.113 191055
0.906 1.116 191107
0.906 1.128 191159
0.906 1.128 191211
0.906 1.128 191263
0.906 1.128 191315
0.906 1.134 191367
0.905 1.134 191419
0.906 1.140 191471
0.906 1.140 191523
0.906 1.151 191575
0.906 1.151 191627
0.908 1.145 191679
0.906 1.148 191731
0.906 1.163 191783
0.906 1.160 191835
0.906 1.160 191887
0.905 1.160 191939
0.906 1.160 191991
0.906 1.175 192043
0.906 1.172 192095
0.906 1.180 192147
0.906 1.183 192199
0.906 1.183 192251
0.906 1.186 192303
0.906 1.198 192355
0.908 1.186 192407
0.906 1.198 192459
0.905 1.195 192511
0.906 1.198 192563
0.906 1.207 192615
0.906 1.204 192667
0.906 1.207 192719
0.905 1.207 192771
0.906 1.221 192823
0.905 1.221 192875
0.906 1.221 192927
0.906 1.221 192979
0.906 1.227 193031
0.906 1.233 193083
0.906 1.233 193135
0.906 1.245 193187
0.906 1.245 193239
0.908 1.233 193291
0.906 1.245 193343
0.906 1.256 193395
0.906 1.256 193447
0.908 1.239 193499
0.906 1.256 193551
0.906 1.256 193603
0.906 1.253 193655
0.906 1.268 193707
0.906 1.268 193759
0.906 1.268 193811
0.906 1.277 193863
0.906 1.274 193915
0.906 1.280 193967
0.906 1.277 194019
0.906 1.291 194071
0.906 1.291 194123
0.906 1.288 194175
0.906 1.291 194227
0.908 1.285 194279
0.906 1.300 194331
0.906 1.297 194383
0.906 1.300 194435
0.906 1.315 194487
0.906 1.315 194539
0.906 1.315 194591
0.906 1.320 194643
0.906 1.318 194695
0.906 1.320 194747
0.908 1.312 194799
0.906 1.323 194851
0.906 1.338 194903
0.906 1.338 194955
0.906 1.338 195007
0.906 1.338 195059
0.906 1.350 195111
0.906 1.350 195163
0.906 1.350 195215
0.906 1.361 195267
0.908 1.350 195319
0.906 1.361 195371
0.906 1.361 195423
0.908 1.355 195475
0.906 1.367 195527
0.906 1.373 195579
0.908 1.358 195631
0.906 1.385 195683
0.906 1.370 195735
0.906 1.385 195787
0.908 1.373 195839
0.908 1.379 195891
0.906 1.385 195943
0.906 1.393 195995
0.906 1.390 196047
0.908 1.382 196099
0.906 1.399 196151
0.906 1.408 196203
0.906 1.405 196255
0.906 1.408 196307
0.906 1.405 196359
0.906 1.414 196411
0.906 1.417 196463
0.906 1.420 196515
0.906 1.431 196567
0.908 1.414 196619
0.906 1.431 196671
0.906 1.431 196723
0.908 1.425 196775
0.906 1.443 196827
0.908 1.425 196879
0.906 1.443 196931
0.906 1.440 196983
0.906 1.455 197035
0.906 1.455 197087
0.906 1.455 197139
0.906 1.455 197191
0.906 1.455 197243
0.906 1.460 197295
0.906 1.466 197347
0.908 1.452 197399
0.906 1.478 197451
0.906 1.478 197503
0.906 1.478 197555
0.906 1.478 197607
0.906 1.478 197659
0.908 1.472 197711
0.906 1.487 197763
0.906 1.484 197815
0.908 1.484 197867
0.906 1.493 197919
0.906 1.498 197971
0.906 1.501 198023
0.906 1.501 198075
0.906 1.501 198127
0.908 1.487 198179
0.906 1.507 198231
0.906 1.513 198283
0.906 1.513 198335
0.906 1.525 198387
0.906 1.525 198439
0.906 1.525 198491
0.906 1.525 198543
0.906 1.525 198595
0.906 1.536 198647
0.908 1.519 198699
0.906 1.548 198751
0.906 1.548 198803
0.906 1.548 198855
0.906 1.548 198907
0.906 1.548 198959
0.906 1.548 199011
0.906 1.560 199063
0.906 1.554 199115
0.906 1.560 199167
0.908 1.554 199219
0.906 1.571 199271
0.906 1.571 199323
0.906 1.571 199375
0.906 1.571 199427
0.906 1.571 199479
0.906 1.577 199531
0.906 1.577 199583
0.906 1.577 199635
0.906 1.595 199687
0.906 1.595 199739
0.906 1.595 199791
0.906 1.595 199843
0.906 1.595 199895
0.906 1.595 199947
0.906 1.600 199999
0.906 1.600 200051
0.906 1.606 200103
0.906 1.603 200155
0.910 1.606 200207
0.906 1.630 200259
0.906 1.618 200311
0.906 1.618 200363
0.906 1.618 200415
0.906 1.630 200467
0.906 1.630 200519
0.906 1.641 200571
0.906 1.641 200623
0.908 1.630 200675
0.906 1.641 200727
0.908 1.630 200779
0.906 1.641 200831
0.906 1.641 200883
0.908 1.635 200935
0.906 1.653 200987
0.906 1.653 201039
0.906 1.665 201091
0.906 1.665 201143
0.906 1.665 201195
0.906 1.665 201247
0.906 1.673 201299
0.906 1.670 201351
0.906 1.673 201403
0.906 1.670 201455
0.908 1.670 201507
0.906 1.670 201559
0.906 1.685 201611
0.906 1.688 201663
0.906 1.688 201715
0.906 1.688 201767
0.906 1.688 201819
0.906 1.694 201871
0.906 1.694 201923
0.906 1.700 201975
0.906 1.711 202027
0.908 1.700 202079
0.907 1.714 202131
0.906 1.723 202183
0.906 1.723 202235
0.904 1.711 202287
0.907 1.700 202339
0.906 1.720 202391
0.904 1.723 202443
0.904 1.723 202495
0.906 1.735 202547
0.909 1.738 202599
0.908 1.758 202651
0.906 1.740 202703
0.906 1.732 202755
0.906 1.740 202807
0.908 1.729 202859
0.906 1.746 202911
0.906 1.758 202963
0.906 1.758 203015
0.906 1.758 203067
0.906 1.758 203119
0.908 1.752 203171
0.906 1.764 203223
0.906 1.758 203275
0.906 1.764 203327
0.906 1.770 203379
0.908 1.764 203431
0.906 1.781 203483
0.906 1.778 203535
0.906 1.781 203587
0.908 1.775 203639
0.906 1.787 203691
0.906 1.787 203743
0.906 1.790 203795
0.906 1.793 203847
0.906 1.790 203899
0.906 1.790 203951
0.906 1.790 204003
0.906 1.802 204055
0.906 1.805 204107
0.908 1.799 204159
0.908 1.799 204211
0.906 1.816 204263
0.906 1.816 204315
0.906 1.828 204367
0.906 1.828 204419
0.908 1.816 204471
0.906 1.828 204523
0.906 1.828 204575
0.906 1.834 204627
0.906 1.837 204679
0.906 1.834 204731
0.906 1.840 204783
0.906 1.840 204835
0.906 1.851 204887
0.906 1.851 204939
0.906 1.851 204991
0.906 1.851 205043
0.906 1.851 205095
0.906 1.851 205147
0.906 1.851 205199
0.906 1.857 205251
0.906 1.875 205303
0.906 1.875 205355
0.904 1.863 205407
0.904 1.863 205459
0.908 1.857 205511
0.906 1.875 205563
0.905 1.875 205615
0.904 1.875 205667
0.906 1.880 205719
0.908 1.883 205771
0.907 1.898 205823
0.906 1.898 205875
0.902 1.886 205927
0.903 1.872 205979
0.906 1.898 206031
0.906 1.898 206083
0.906 1.910 206135
0.906 1.910 206187
0.906 1.910 206239
0.906 1.910 206291
0.906 1.921 206343
0.906 1.907 206395
0.906 1.921 206447
0.906 1.921 206499
0.906 1.930 206551
0.906 1.921 206603
0.906 1.930 206655
0.906 1.933 206707
0.906 1.933 206759
0.909 1.927 206811
0.906 1.945 206863
0.906 1.945 206915
0.906 1.945 206967
0.906 1.945 207019
0.906 1.945 207071
0.906 1.945 207123
0.906 1.950 207175
0.906 1.953 207227
0.908 1.939 207279
0.906 1.968 207331
0.906 1.968 207383
0.906 1.968 207435
0.906 1.968 207487
0.907 1.965 207539
0.907 1.977 207591
0.907 1.991 207643
0.906 1.991 207695
0.906 1.991 207747
0.909 1.980 207799
0.906 1.991 207851
0.906 1.991 207903
0.906 1.988 207955
0.906 1.991 208007
0.908 1.980 208059
0.906 1.991 208111
0.906 1.991 208163
0.908 1.985 208215
0.906 2.000 208267
0.909 1.988 208319
0.906 2.000 208371
0.906 2.015 208423
0.909 2.003 208475
0.906 2.012 208527
0.909 2.003 208579
0.906 2.015 208631
0.909 2.009 208683
0.909 2.012 208735
0.906 2.015 208787
0.906 2.038 208839
0.906 2.038 208891
0.906 2.038 208943
0.906 2.038 208995
0.906 2.038 209047
0.908 2.026 209099
0.908 2.026 209151
0.909 2.047 209203
0.907 2.061 209255
0.906 2.061 209307
0.908 2.032 209359
0.908 2.035 209411
0.908 2.035 209463
0.908 2.044 209515
0.908 2.050 209567
0.908 2.050 209619
0.906 2.061 209671
0.906 2.061 209723
0.908 2.055 209775
0.908 2.055 209827
0.908 2.058 209879
0.906 2.073 209931
0.908 2.058 209983
0.909 2.073 210035
0.906 2.085 210087
0.908 2.073 210139
0.908 2.073 210191
0.905 2.085 210243
0.906 2.096 210295
0.908 2.079 210347
0.908 2.079 210399
0.908 2.079 210451
0.908 2.082 210503
0.906 2.108 210555
0.906 2.093 210607
0.908 2.096 210659
0.906 2.108 210711
0.906 2.108 210763
0.906 2.108 210815
0.906 2.117 210867
0.906 2.114 210919
0.908 2.102 210971
0.908 2.105 211023
0.907 2.105 211075
0.905 2.117 211127
0.906 2.131 211179
0.905 2.117 211231
0.908 2.120 211283
0.908 2.120 211335
0.906 2.140 211387
0.908 2.125 211439
0.906 2.137 211491
0.908 2.128 211543
0.908 2.128 211595
0.908 2.128 211647
0.908 2.137 211699
0.908 2.137 211751
0.905 2.152 211803
0.908 2.137 211855
0.906 2.152 211907
0.908 2.149 211959
0.908 2.149 212011
0.908 2.149 212063
0.908 2.152 212115
0.906 2.178 212167
0.906 2.163 212219
0.908 2.166 212271
0.906 2.178 212323
0.906 2.175 212375
0.909 2.172 212427
0.909 2.172 212479
0.906 2.187 212531
0.909 2.175 212583
0.908 2.190 212635
0.908 2.190 212687
0.908 2.190 212739
0.908 2.190 212791
0.906 2.187 212843
0.908 2.190 212895
0.907 2.190 212947
0.907 2.190 212999
0.904 2.201 213051
0.907 2.190 213103
0.907 2.190 213155
0.908 2.195 213207
0.908 2.195 213259
0.908 2.195 213311
0.906 2.225 213363
0.908 2.213 213415
0.909 2.213 213467
0.908 2.213 213519
0.908 2.213 213571
0.908 2.219 213623
0.906 2.222 213675
0.908 2.219 213727
0.908 2.219 213779
0.906 2.236 213831
0.908 2.230 213883
0.905 2.248 213935
0.908 2.230 213987
0.906 2.245 214039
0.908 2.233 214091
0.906 2.248 214143
0.908 2.233 214195
0.906 2.248 214247
0.908 2.233 214299
0.908 2.242 214351
0.906 2.260 214403
0.908 2.245 214455
0.906 2.271 214507
0.908 2.245 214559
0.906 2.271 214611
0.908 2.260 214663
0.906 2.257 214715
0.908 2.260 214767
0.908 2.260 214819
0.906 2.283 214871
0.908 2.265 214923
0.908 2.265 214975
0.908 2.268 215027
0.908 2.283 215079
0.908 2.283 215131
0.906 2.295 215183
0.906 2.292 215235
0.908 2.283 215287
0.908 2.283 215339
0.906 2.295 215391
0.908 2.289 215443
0.908 2.289 215495
0.906 2.303 215547
0.908 2.289 215599
0.906 2.303 215651
0.908 2.292 215703
0.906 2.318 215755
0.906 2.303 215807
0.908 2.306 215859
0.906 2.318 215911
0.908 2.306 215963
0.908 2.306 216015
0.906 2.318 216067
0.906 2.318 216119
0.906 2.327 216171
0.908 2.312 216223
0.908 2.315 216275
0.909 2.315 216327
0.908 2.315 216379
0.908 2.315 216431
0.906 2.341 216483
0.908 2.324 216535
0.908 2.324 216587
0.908 2.327 216639
0.906 2.341 216691
0.908 2.335 216743
0.908 2.335 216795
0.908 2.335 216847
0.906 2.347 216899
0.906 2.347 216951
0.906 2.365 217003
0.906 2.353 217055
0.908 2.347 217107
0.908 2.347 217159
0.908 2.353 217211
0.906 2.365 217263
0.906 2.365 217315
0.906 2.362 217367
0.908 2.359 217419
0.906 2.376 217471
0.909 2.359 217523
0.909 2.376 217575
0.909 2.376 217627
0.906 2.376 217679
0.906 2.373 217731
0.908 2.376 217783
0.906 2.385 217835
0.906 2.388 217887
0.906 2.385 217939
0.906 2.388 217991
0.908 2.376 218043
0.908 2.382 218095
0.908 2.382 218147
0.908 2.382 218199
0.908 2.382 218251
0.908 2.385 218303
0.906 2.397 218355
0.908 2.394 218407
0.908 2.394 218459
0.906 2.400 218511
0.906 2.411 218563
0.908 2.400 218615
0.908 2.400 218667
0.908 2.405 218719
0.906 2.411 218771
0.908 2.405 218823
0.908 2.405 218875
0.906 2.411 218927
0.908 2.405 218979
0.906 2.417 219031
0.906 2.417 219083
0.906 2.417 219135
0.906 2.420 219187
0.906 2.426 219239
0.906 2.417 219291
0.906 2.435 219343
0.906 2.432 219395
0.908 2.423 219447
0.908 2.423 219499
0.906 2.435 219551
0.908 2.423 219603
0.910 2.432 219655
0.906 2.435 219707
0.906 2.443 219759
0.906 2.446 219811
0.908 2.429 219863
0.902 2.435 219915
0.908 2.440 219967
0.908 2.432 220019
0.908 2.446 220071
0.906 2.458 220123
0.906 2.443 220175
0.906 2.443 220227
0.906 2.458 220279
0.908 2.446 220331
0.906 2.458 220383
0.906 2.455 220435
0.908 2.452 220487
0.908 2.452 220539
0.908 2.452 220591
0.906 2.470 220643
0.908 2.452 220695
0.906 2.470 220747
0.908 2.455 220799
0.908 2.470 220851
0.908 2.470 220903
0.908 2.470 220955
0.906 2.478 221007
0.908 2.470 221059
0.906 2.481 221111
0.908 2.470 221163
0.908 2.475 221215
0.906 2.481 221267
0.908 2.475 221319
0.906 2.481 221371
0.908 2.475 221423
0.908 2.475 221475
0.906 2.493 221527
0.906 2.490 221579
0.908 2.478 221631
0.906 2.493 221683
0.906 2.490 221735
0.908 2.478 221787
0.908 2.487 221839
0.908 2.487 221891
0.906 2.505 221943
-0.855 2.490 221996
-0.856 2.490 222049
-0.854 2.475 222101
-0.852 2.470 222153
-0.852 2.470 222205
-0.856 2.467 222258
-0.854 2.446 222310
-0.855 2.443 222363
-0.854 2.440 222416
-0.856 2.443 222468
-0.854 2.429 222520
-0.854 2.423 222573
-0.855 2.432 222625
-0.854 2.417 222677
-0.855 2.420 222729
-0.854 2.405 222782
-0.854 2.400 222834
-0.856 2.397 222886
-0.856 2.397 222939
-0.854 2.385 222991
-0.854 2.382 223043
-0.852 2.376 223095
-0.855 2.373 223148
-0.855 2.373 223201
-0.854 2.376 223254
-0.854 2.359 223306
-0.856 2.362 223358
-0.856 2.362 223410
-0.854 2.353 223462
-0.854 2.338 223514
-0.852 2.338 223566
-0.854 2.335 223619
-0.856 2.338 223671
-0.854 2.324 223724
-0.854 2.324 223776
-0.856 2.327 223828
-0.854 2.312 223880
-0.856 2.315 223933
-0.852 2.306 223985
-0.854 2.306 224038
-0.856 2.292 224090
-0.856 2.303 224142
-0.856 2.303 224194
-0.855 2.292 224246
-0.854 2.283 224298
-0.852 2.283 224350
-0.855 2.280 224403
-0.855 2.280 224456
-0.856 2.280 224509
-0.854 2.265 224561
-0.856 2.268 224613
-0.856 2.257 224665
-0.854 2.260 224717
-0.854 2.245 224769
-0.853 2.245 224821
-0.856 2.245 224873
-0.856 2.245 224925
-0.854 2.230 224977
-0.854 2.230 225029
-0.852 2.219 225081
-0.852 2.230 225133
-0.852 2.219 225186
-0.854 2.219 225238
-0.855 2.210 225290
-0.856 2.210 225343
-0.856 2.210 225396
-0.855 2.210 225448
-0.854 2.195 225501
-0.854 2.195 225553
-0.854 2.190 225605
-0.854 2.190 225657
-0.856 2.187 225709
-0.856 2.187 225761
-0.856 2.187 225813
-0.857 2.175 225865
-0.853 2.172 225917
-0.856 2.163 225969
-0.852 2.166 226022
-0.854 2.166 226075
-0.856 2.163 226128
-0.854 2.149 226181
-0.854 2.149 226233
-0.856 2.152 226285
-0.856 2.152 226337
-0.854 2.137 226389
-0.853 2.128 226442
-0.856 2.140 226494
-0.852 2.125 226547
-0.852 2.125 226600
-0.854 2.120 226653
-0.856 2.117 226705
-0.854 2.114 226757
-0.852 2.114 226809
-0.852 2.105 226861
-0.856 2.117 226914
-0.856 2.105 226966
-0.856 2.105 227019
-0.852 2.096 227071
-0.852 2.096 227124
-0.856 2.093 227177
-0.856 2.093 227230
-0.856 2.082 227283
-0.856 2.082 227335
-0.856 2.082 227387
-0.856 2.070 227439
-0.854 2.067 227491
-0.852 2.058 227543
-0.852 2.058 227596
-0.852 2.058 227649
-0.854 2.055 227702
-0.856 2.058 227754
-0.856 2.058 227806
-0.854 2.044 227858
-0.856 2.053 227910
-0.852 2.035 227962
-0.856 2.035 228015
-0.856 2.035 228068
-0.856 2.023 228121
-0.857 2.023 228174
-0.856 2.023 228226
-0.854 2.020 228278
-0.854 2.009 228330
-0.854 2.009 228382
-0.855 2.009 228434
-0.856 2.012 228486
-0.854 2.003 228538
-0.854 2.003 228590
-0.854 2.003 228642
-0.854 1.985 228694
-0.856 2.003 228747
-0.856 1.988 228799
-0.856 1.988 228851
-0.854 1.980 228903
-0.854 1.974 228955
-0.854 1.974 229007
-0.856 1.977 229059
-0.856 1.977 229111
-0.856 1.965 229163
-0.856 1.965 229215
-0.854 1.950 229268
-0.856 1.965 229320
-0.856 1.953 229373
-0.856 1.950 229425
-0.856 1.950 229477
-0.854 1.939 229529
-0.856 1.942 229581
-0.856 1.930 229633
-0.857 1.945 229685
-0.856 1.930 229737
-0.856 1.933 229789
-0.857 1.927 229841
-0.854 1.915 229893
-0.856 1.921 229945
-0.856 1.918 229998
-0.852 1.910 230051
-0.856 1.921 230103
-0.856 1.907 230156
-0.856 1.910 230208
-0.854 1.892 230260
-0.856 1.895 230313
-0.856 1.898 230365
-0.856 1.895 230417
-0.856 1.898 230469
-0.857 1.883 230521
-0.856 1.883 230573
-0.856 1.880 230626
-0.854 1.860 230678
-0.854 1.860 230730
-0.854 1.860 230782
-0.856 1.872 230834
-0.856 1.863 230886
-0.854 1.848 230938
-0.854 1.845 230990
-0.854 1.845 231042
-0.857 1.848 231094
-0.857 1.851 231146
-0.854 1.840 231198
-0.856 1.851 231250
-0.854 1.825 231302
-0.854 1.825 231355
-0.856 1.831 231407
-0.854 1.822 231459
-0.856 1.825 231511
-0.856 1.828 231564
-0.856 1.813 231616
-0.857 1.828 231668
-0.854 1.802 231720
-0.854 1.802 231773
-0.856 1.816 231825
-0.854 1.799 231878
-0.856 1.805 231930
-0.854 1.793 231982
-0.856 1.790 232034
-0.856 1.793 232086
-0.854 1.775 232138
-0.854 1.775 232190
-0.855 1.775 232242
-0.856 1.778 232294
-0.856 1.781 232346
-0.854 1.764 232399
-0.854 1.764 232451
-0.856 1.764 232503
-0.854 1.752 232555
-0.854 1.752 232607
-0.854 1.752 232659
-0.856 1.758 232711
-0.856 1.758 232763
-0.856 1.743 232815
-0.856 1.743 232868
-0.856 1.743 232920
-0.856 1.735 232973
-0.854 1.729 233025
-0.854 1.729 233077
-0.855 1.723 233129
-0.856 1.720 233181
-0.857 1.720 233233
-0.856 1.723 233285
-0.854 1.705 233337
-0.854 1.705 233389
-0.854 1.705 233441
-0.856 1.708 233493
-0.854 1.700 233545
-0.856 1.711 233597
-0.854 1.694 233650
-0.856 1.697 233702
-0.856 1.697 233754
-0.856 1.688 233806
-0.854 1.682 233858
-0.854 1.676 233910
-0.857 1.688 233962
-0.856 1.679 234014
-0.856 1.673 234067
-0.856 1.670 234120
-0.857 1.662 234173
-0.856 1.665 234225
-0.854 1.653 234277
-0.854 1.653 234329
-0.856 1.653 234381
-0.856 1.650 234433
-0.856 1.653 234485
-0.856 1.650 234537
-0.856 1.647 234589
-0.857 1.641 234642
-0.855 1.630 234694
-0.856 1.638 234746
-0.856 1.627 234799
-0.856 1.627 234851
-0.854 1.615 234903
-0.857 1.630 234955
-0.856 1.615 235007
-0.854 1.612 235060
-0.857 1.615 235113
-0.856 1.618 235165
-0.855 1.600 235217
-0.854 1.592 235269
-0.856 1.603 235321
-0.856 1.592 235373
-0.856 1.595 235425
-0.856 1.592 235477
-0.857 1.595 235529
-0.856 1.595 235581
-0.854 1.577 235633
-0.857 1.577 235685
-0.857 1.580 235737
-0.854 1.565 235789
-0.854 1.560 235841
-0.855 1.565 235893
-0.854 1.560 235945
-0.857 1.557 235997
-0.856 1.557 236049
-0.856 1.557 236101
-0.855 1.542 236153
-0.857 1.548 236205
-0.855 1.536 236257
-0.855 1.536 236309
-0.855 1.536 236361
-0.855 1.536 236413
-0.855 1.522 236465
-0.856 1.533 236517
-0.856 1.536 236570
-0.854 1.519 236622
-0.854 1.513 236674
-0.857 1.510 236726
-0.855 1.513 236778
-0.856 1.513 236830
-0.856 1.507 236882
-0.857 1.510 236934
-0.856 1.510 236986
-0.855 1.487 237038
-0.855 1.487 237090
-0.855 1.487 237142
-0.854 1.484 237194
-0.856 1.490 237246
-0.855 1.475 237298
-0.856 1.484 237350
-0.857 1.475 237402
-0.857 1.475 237454
-0.856 1.475 237506
-0.856 1.463 237558
-0.854 1.466 237611
-0.855 1.460 237663
-0.857 1.463 237715
-0.854 1.449 237767
-0.856 1.463 237819
-0.856 1.452 237872
-0.856 1.452 237924
-0.855 1.460 237976
-0.854 1.443 238028
-0.856 1.440 238080
-0.854 1.428 238133
-0.856 1.443 238185
-0.857 1.431 238237
-0.856 1.431 238289
-0.856 1.431 238341
-0.856 1.417 238393
-0.855 1.431 238445
-0.854 1.428 238497
-0.855 1.405 238550
-0.855 1.402 238602
-0.855 1.390 238654
-0.854 1.390 238706
-0.856 1.405 238758
-0.857 1.393 238810
-0.857 1.393 238863
-0.856 1.393 238915
-0.854 1.417 238968
-0.855 1.408 239020
-0.856 1.382 239073
-0.856 1.385 239125
-0.856 1.385 239177
-0.854 1.373 239229
-0.856 1.385 239281
-0.854 1.367 239333
-0.856 1.373 239385
-0.856 1.370 239437
-0.856 1.361 239489
-0.854 1.350 239542
-0.855 1.350 239594
-0.856 1.361 239646
-0.856 1.347 239699
-0.854 1.335 239751
-0.856 1.350 239804
-0.856 1.350 239856
-0.856 1.338 239908
-0.854 1.326 239960
-0.856 1.335 240013
-0.854 1.326 240065
-0.856 1.323 240117
-0.857 1.326 240170
-0.856 1.323 240222
-0.854 1.309 240275
-0.854 1.309 240327
-0.856 1.312 240379
-0.854 1.297 240431
-0.856 1.300 240483
-0.856 1.300 240535
-0.856 1.297 240587
-0.854 1.285 240639
-0.854 1.285 240691
-0.855 1.285 240743
-0.856 1.288 240795
-0.854 1.280 240847
-0.854 1.274 240899
-0.854 1.265 240951
-0.854 1.265 241003
-0.856 1.277 241055
-0.854 1.262 241107
-0.856 1.265 241159
-0.856 1.268 241212
-0.854 1.256 241264
-0.856 1.253 241316
-0.856 1.256 241368
-0.855 1.239 241420
-0.855 1.239 241473
-0.856 1.250 241525
-0.855 1.242 241577
-0.855 1.256 241629
-0.855 1.256 241681
-0.856 1.230 241733
-0.855 1.215 241785
-0.857 1.218 241837
-0.856 1.227 241890
-0.854 1.215 241942
-0.854 1.215 241994
-0.856 1.218 242046
-0.852 1.215 242098
-0.854 1.221 242151
-0.855 1.195 242204
-0.859 1.198 242256
-0.856 1.172 242308
-0.858 1.186 242360
-0.856 1.195 242413
-0.855 1.198 242466
-0.856 1.195 242518
-0.854 1.186 242570
-0.856 1.183 242622
-0.856 1.183 242674
-0.855 1.180 242726
-0.856 1.183 242778
-0.852 1.169 242830
-0.855 1.172 242882
-0.855 1.172 242934
-0.855 1.175 242986
-0.856 1.160 243038
-0.852 1.148 243090
-0.854 1.148 243143
-0.855 1.160 243195
-0.854 1.145 243247
-0.856 1.148 243299
-0.854 1.140 243351
-0.856 1.151 243403
-0.856 1.137 243455
-0.856 1.137 243507
-0.852 1.125 243559
-0.854 1.113 243612
-0.856 1.128 243664
-0.852 1.113 243716
-0.856 1.128 243769
-0.856 1.128 243821
-0.855 1.125 243873
-0.855 1.116 243926
-0.856 1.113 243978
-0.854 1.099 244030
-0.854 1.099 244082
-0.852 1.099 244134
-0.854 1.093 244186
-0.854 1.093 244238
-0.856 1.105 244290
-0.855 1.093 244342
-0.855 1.093 244394
-0.856 1.090 244446
-0.854 1.075 244498
-0.856 1.081 244550
-0.854 1.070 244602
-0.854 1.070 244654
-0.856 1.070 244706
  
  
  
  
