  
  
  
0.000 0.000 57
0.000 0.000 62
0.000 0.000 67
0.000 0.000 72
0.000 0.000 77
0.000 0.000 82
0.000 0.000 87
0.000 0.000 92
0.000 0.000 97
-0.315 3.774 102
-0.315 3.774 107
-0.315 3.774 112
-0.315 3.774 117
-0.315 3.774 122
-0.315 3.774 127
-0.315 3.774 132
-0.315 3.774 137
-0.315 3.774 142
-0.315 3.774 147
-0.315 3.774 152
-0.315 3.774 157
-0.315 3.774 162
-0.315 3.774 167
-0.315 3.774 172
-0.315 3.774 177
-0.315 3.774 182
-0.315 3.774 187
-0.315 3.774 192
-0.315 3.774 197
-0.312 3.677 202
-0.312 3.677 207
-0.312 3.677 212
-0.312 3.677 217
-0.312 3.677 222
-0.312 3.677 227
-0.312 3.677 232
-0.312 3.677 237
-0.312 3.677 242
-0.312 3.677 247
-0.312 3.677 252
-0.312 3.677 257
-0.312 3.677 262
-0.312 3.677 267
-0.312 3.677 272
-0.312 3.677 277
-0.312 3.677 282
-0.312 3.677 287
-0.312 3.677 292
-0.312 3.677 297
-0.303 3.596 302
-0.303 3.596 307
-0.303 3.596 312
-0.303 3.596 317
-0.303 3.596 322
-0.303 3.596 327
-0.303 3.596 332
-0.303 3.596 337
-0.303 3.596 342
-0.303 3.596 347
-0.303 3.596 352
-0.303 3.596 357
-0.303 3.596 362
-0.303 3.596 367
-0.303 3.596 372
-0.303 3.596 377
-0.303 3.596 382
-0.303 3.596 387
-0.303 3.596 392
-0.303 3.596 397
-0.295 3.537 402
-0.295 3.537 407
-0.295 3.537 412
-0.295 3.537 417
-0.295 3.537 422
-0.295 3.537 427
-0.295 3.537 432
-0.295 3.537 437
-0.295 3.537 442
-0.295 3.537 447
-0.295 3.537 452
-0.295 3.537 457
-0.295 3.537 462
-0.295 3.537 467
-0.295 3.537 472
-0.295 3.537 477
-0.295 3.537 482
-0.295 3.537 487
-0.295 3.537 492
-0.295 3.537 497
-0.292 3.456 502
-0.292 3.456 507
-0.292 3.456 512
-0.292 3.456 517
-0.292 3.456 522
-0.292 3.456 527
-0.292 3.456 532
-0.292 3.456 537
-0.292 3.456 542
-0.292 3.456 547
-0.292 3.456 552
-0.292 3.456 557
-0.292 3.456 562
-0.292 3.456 567
-0.292 3.456 572
-0.292 3.456 577
-0.292 3.456 582
-0.292 3.456 587
-0.292 3.456 592
-0.292 3.456 597
-0.290 3.362 602
-0.290 3.362 607
-0.290 3.362 612
-0.290 3.362 617
-0.290 3.362 622
-0.290 3.362 627
-0.290 3.362 632
-0.290 3.362 637
-0.290 3.362 642
-0.290 3.362 647
-0.290 3.362 652
-0.290 3.362 657
-0.290 3.362 662
-0.290 3.362 667
-0.290 3.362 672
-0.290 3.362 677
-0.290 3.362 682
-0.290 3.362 687
-0.290 3.362 692
-0.290 3.362 697
-0.286 3.316 702
-0.286 3.316 707
-0.286 3.316 712
-0.286 3.316 717
-0.286 3.316 722
-0.286 3.316 727
-0.286 3.316 732
-0.286 3.316 737
-0.286 3.316 742
-0.286 3.316 747
-0.286 3.316 752
-0.286 3.316 757
-0.286 3.316 762
-0.286 3.316 767
-0.286 3.316 772
-0.286 3.316 777
-0.286 3.316 782
-0.286 3.316 787
-0.286 3.316 792
-0.286 3.316 797
-0.286 3.234 802
-0.286 3.234 807
-0.286 3.234 812
-0.286 3.234 817
-0.286 3.234 822
-0.286 3.234 827
-0.286 3.234 832
-0.286 3.234 837
-0.286 3.234 842
-0.286 3.234 847
-0.286 3.234 852
-0.286 3.234 857
-0.286 3.234 862
-0.286 3.234 867
-0.286 3.234 872
-0.286 3.234 877
-0.286 3.234 882
-0.286 3.234 887
-0.286 3.234 892
-0.286 3.234 897
-0.289 3.179 902
-0.289 3.179 907
-0.289 3.179 912
-0.289 3.179 917
-0.289 3.179 922
-0.289 3.179 927
-0.289 3.179 932
-0.289 3.179 937
-0.289 3.179 942
-0.289 3.179 947
-0.289 3.179 952
-0.289 3.179 957
-0.289 3.179 962
-0.289 3.179 967
-0.289 3.179 972
-0.289 3.179 977
-0.289 3.179 982
-0.289 3.179 987
-0.289 3.179 992
-0.289 3.179 997
-0.287 3.106 1002
-0.287 3.106 1007
-0.287 3.106 1012
-0.287 3.106 1017
-0.287 3.106 1022
-0.287 3.106 1027
-0.287 3.106 1032
-0.287 3.106 1037
-0.287 3.106 1042
-0.287 3.106 1047
-0.287 3.106 1052
-0.287 3.106 1057
-0.287 3.106 1062
-0.287 3.106 1067
-0.287 3.106 1072
-0.287 3.106 1077
-0.287 3.106 1082
-0.287 3.106 1087
-0.287 3.106 1092
-0.287 3.106 1097
-0.288 3.047 1102
-0.288 3.047 1107
-0.288 3.047 1112
-0.288 3.047 1117
-0.288 3.047 1122
-0.288 3.047 1127
-0.288 3.047 1132
-0.288 3.047 1137
-0.288 3.047 1142
-0.288 3.047 1147
-0.288 3.047 1152
-0.288 3.047 1157
-0.288 3.047 1162
-0.288 3.047 1167
-0.288 3.047 1172
-0.288 3.047 1177
-0.288 3.047 1182
-0.288 3.047 1187
-0.288 3.047 1192
-0.288 3.047 1197
-0.290 2.977 1202
-0.290 2.977 1207
-0.290 2.977 1212
-0.290 2.977 1217
-0.290 2.977 1222
-0.290 2.977 1227
-0.290 2.977 1232
-0.290 2.977 1237
-0.290 2.977 1242
-0.290 2.977 1247
-0.290 2.977 1252
-0.290 2.977 1257
-0.290 2.977 1262
-0.290 2.977 1267
-0.290 2.977 1272
-0.290 2.977 1277
-0.290 2.977 1282
-0.290 2.977 1287
-0.290 2.977 1292
-0.290 2.977 1297
-0.294 2.907 1302
-0.294 2.907 1307
-0.294 2.907 1312
-0.294 2.907 1317
-0.294 2.907 1322
-0.294 2.907 1327
-0.294 2.907 1332
-0.294 2.907 1337
-0.294 2.907 1342
-0.294 2.907 1347
-0.294 2.907 1352
-0.294 2.907 1357
-0.294 2.907 1362
-0.294 2.907 1367
-0.294 2.907 1372
-0.294 2.907 1377
-0.294 2.907 1382
-0.294 2.907 1387
-0.294 2.907 1392
-0.294 2.907 1397
-0.295 2.849 1402
-0.295 2.849 1407
-0.295 2.849 1412
-0.295 2.849 1417
-0.295 2.849 1422
-0.295 2.849 1427
-0.295 2.849 1432
-0.295 2.849 1437
-0.295 2.849 1442
-0.295 2.849 1447
-0.295 2.849 1452
-0.295 2.849 1457
-0.295 2.849 1462
-0.295 2.849 1467
-0.295 2.849 1472
-0.295 2.849 1477
-0.295 2.849 1482
-0.295 2.849 1487
-0.295 2.849 1492
-0.295 2.849 1497
-0.297 2.791 1502
-0.297 2.791 1507
-0.297 2.791 1512
-0.297 2.791 1517
-0.297 2.791 1522
-0.297 2.791 1527
-0.297 2.791 1532
-0.297 2.791 1537
-0.297 2.791 1542
-0.297 2.791 1547
-0.297 2.791 1552
-0.297 2.791 1557
-0.297 2.791 1562
-0.297 2.791 1567
-0.297 2.791 1572
-0.297 2.791 1577
-0.297 2.791 1582
-0.297 2.791 1587
-0.297 2.791 1592
-0.297 2.791 1597
-0.301 2.709 1602
-0.301 2.709 1607
-0.301 2.709 1612
-0.301 2.709 1617
-0.301 2.709 1622
-0.301 2.709 1627
-0.301 2.709 1632
-0.301 2.709 1637
-0.301 2.709 1642
-0.301 2.709 1647
-0.301 2.709 1652
-0.301 2.709 1657
-0.301 2.709 1662
-0.301 2.709 1667
-0.301 2.709 1672
-0.301 2.709 1677
-0.301 2.709 1682
-0.301 2.709 1687
-0.301 2.709 1692
-0.301 2.709 1697
-0.307 2.651 1702
-0.307 2.651 1707
-0.307 2.651 1712
-0.307 2.651 1717
-0.307 2.651 1722
-0.307 2.651 1727
-0.307 2.651 1732
-0.307 2.651 1737
-0.307 2.651 1742
-0.307 2.651 1747
-0.307 2.651 1752
-0.307 2.651 1757
-0.307 2.651 1762
-0.307 2.651 1767
-0.307 2.651 1772
-0.307 2.651 1777
-0.307 2.651 1782
-0.307 2.651 1787
-0.307 2.651 1792
-0.307 2.651 1797
-0.309 2.592 1802
-0.309 2.592 1807
-0.309 2.592 1812
-0.309 2.592 1817
-0.309 2.592 1822
-0.309 2.592 1827
-0.309 2.592 1832
-0.309 2.592 1837
-0.309 2.592 1842
-0.309 2.592 1847
-0.309 2.592 1852
-0.309 2.592 1857
-0.309 2.592 1862
-0.309 2.592 1867
-0.309 2.592 1872
-0.309 2.592 1877
-0.309 2.592 1882
-0.309 2.592 1887
-0.309 2.592 1892
-0.309 2.592 1897
-0.313 2.522 1902
-0.313 2.522 1907
-0.313 2.522 1912
-0.313 2.522 1917
-0.313 2.522 1922
-0.313 2.522 1927
-0.313 2.522 1932
-0.313 2.522 1937
-0.313 2.522 1942
-0.313 2.522 1947
-0.313 2.522 1952
-0.313 2.522 1957
-0.313 2.522 1962
-0.313 2.522 1967
-0.313 2.522 1972
-0.313 2.522 1977
-0.313 2.522 1982
-0.313 2.522 1987
-0.313 2.522 1992
-0.313 2.522 1997
-0.315 2.464 2002
-0.315 2.464 2007
-0.315 2.464 2012
-0.315 2.464 2017
-0.315 2.464 2022
-0.315 2.464 2027
-0.315 2.464 2032
-0.315 2.464 2037
-0.315 2.464 2042
-0.315 2.464 2047
-0.315 2.464 2052
-0.315 2.464 2057
-0.315 2.464 2062
-0.315 2.464 2067
-0.315 2.464 2072
-0.315 2.464 2077
-0.315 2.464 2082
-0.315 2.464 2087
-0.315 2.464 2092
-0.315 2.464 2097
-0.315 2.394 2102
-0.315 2.394 2107
-0.315 2.394 2112
-0.315 2.394 2117
-0.315 2.394 2122
-0.315 2.394 2127
-0.315 2.394 2132
-0.315 2.394 2137
-0.315 2.394 2142
-0.315 2.394 2147
-0.315 2.394 2152
-0.315 2.394 2157
-0.315 2.394 2162
-0.315 2.394 2167
-0.315 2.394 2172
-0.315 2.394 2177
-0.315 2.394 2182
-0.315 2.394 2187
-0.315 2.394 2192
-0.315 2.394 2197
-0.315 2.336 2202
-0.315 2.336 2207
-0.315 2.336 2212
-0.315 2.336 2217
-0.315 2.336 2222
-0.315 2.336 2227
-0.315 2.336 2232
-0.315 2.336 2237
-0.315 2.336 2242
-0.315 2.336 2247
-0.315 2.336 2252
-0.315 2.336 2257
-0.315 2.336 2262
-0.315 2.336 2267
-0.315 2.336 2272
-0.315 2.336 2277
-0.315 2.336 2282
-0.315 2.336 2287
-0.315 2.336 2292
-0.315 2.336 2297
-0.317 2.277 2302
-0.317 2.277 2307
-0.317 2.277 2312
-0.317 2.277 2317
-0.317 2.277 2322
-0.317 2.277 2327
-0.317 2.277 2332
-0.317 2.277 2337
-0.317 2.277 2342
-0.317 2.277 2347
-0.317 2.277 2352
-0.317 2.277 2357
-0.317 2.277 2362
-0.317 2.277 2367
-0.317 2.277 2372
-0.317 2.277 2377
-0.317 2.277 2382
-0.317 2.277 2387
-0.317 2.277 2392
-0.317 2.277 2397
-0.315 2.196 2402
-0.315 2.196 2407
-0.315 2.196 2412
-0.315 2.196 2417
-0.315 2.196 2422
-0.315 2.196 2427
-0.315 2.196 2432
-0.315 2.196 2437
-0.315 2.196 2442
-0.315 2.196 2447
-0.315 2.196 2452
-0.315 2.196 2457
-0.315 2.196 2462
-0.315 2.196 2467
-0.315 2.196 2472
-0.315 2.196 2477
-0.315 2.196 2482
-0.315 2.196 2487
-0.315 2.196 2492
-0.315 2.196 2497
-0.315 2.149 2502
-0.315 2.149 2507
-0.315 2.149 2512
-0.315 2.149 2517
-0.315 2.149 2522
-0.315 2.149 2527
-0.315 2.149 2532
-0.315 2.149 2537
-0.315 2.149 2542
-0.315 2.149 2547
-0.315 2.149 2552
-0.315 2.149 2557
-0.315 2.149 2562
-0.315 2.149 2567
-0.315 2.149 2572
-0.315 2.149 2577
-0.315 2.149 2582
-0.315 2.149 2587
-0.315 2.149 2592
-0.315 2.149 2597
-0.315 2.079 2602
-0.315 2.079 2607
-0.315 2.079 2612
-0.315 2.079 2617
-0.315 2.079 2622
-0.315 2.079 2627
-0.315 2.079 2632
-0.315 2.079 2637
-0.315 2.079 2642
-0.315 2.079 2647
-0.315 2.079 2652
-0.315 2.079 2657
-0.315 2.079 2662
-0.315 2.079 2667
-0.315 2.079 2672
-0.315 2.079 2677
-0.315 2.079 2682
-0.315 2.079 2687
-0.315 2.079 2692
-0.315 2.079 2697
-0.315 2.009 2702
-0.315 2.009 2707
-0.315 2.009 2712
-0.315 2.009 2717
-0.315 2.009 2722
-0.315 2.009 2727
-0.315 2.009 2732
-0.315 2.009 2737
-0.315 2.009 2742
-0.315 2.009 2747
-0.315 2.009 2752
-0.315 2.009 2757
-0.315 2.009 2762
-0.315 2.009 2767
-0.315 2.009 2772
-0.315 2.009 2777
-0.315 2.009 2782
-0.315 2.009 2787
-0.315 2.009 2792
-0.315 2.009 2797
-0.315 1.927 2802
-0.315 1.927 2807
-0.315 1.927 2812
-0.315 1.927 2817
-0.315 1.927 2822
-0.315 1.927 2827
-0.315 1.927 2832
-0.315 1.927 2837
-0.315 1.927 2842
-0.315 1.927 2847
-0.315 1.927 2852
-0.315 1.927 2857
-0.315 1.927 2862
-0.315 1.927 2867
-0.315 1.927 2872
-0.315 1.927 2877
-0.315 1.927 2882
-0.315 1.927 2887
-0.315 1.927 2892
-0.315 1.927 2897
-0.315 1.857 2902
-0.315 1.857 2907
-0.315 1.857 2912
-0.315 1.857 2917
-0.315 1.857 2922
-0.315 1.857 2927
-0.315 1.857 2932
-0.315 1.857 2937
-0.315 1.857 2942
-0.315 1.857 2947
-0.315 1.857 2952
-0.315 1.857 2957
-0.315 1.857 2962
-0.315 1.857 2967
-0.315 1.857 2972
-0.315 1.857 2977
-0.315 1.857 2982
-0.315 1.857 2987
-0.315 1.857 2992
-0.315 1.857 2997
-0.314 1.790 3002
-0.314 1.790 3007
-0.314 1.790 3012
-0.314 1.790 3017
-0.314 1.790 3022
-0.314 1.790 3027
-0.314 1.790 3032
-0.314 1.790 3037
-0.314 1.790 3042
-0.314 1.790 3047
-0.314 1.790 3052
-0.314 1.790 3057
-0.314 1.790 3062
-0.314 1.790 3067
-0.314 1.790 3072
-0.314 1.790 3077
-0.314 1.790 3082
-0.314 1.790 3087
-0.314 1.790 3092
-0.314 1.790 3097
-0.316 1.706 3102
-0.316 1.706 3107
-0.316 1.706 3112
-0.316 1.706 3117
-0.316 1.706 3122
-0.316 1.706 3127
-0.316 1.706 3132
-0.316 1.706 3137
-0.316 1.706 3142
-0.316 1.706 3147
-0.316 1.706 3152
-0.316 1.706 3157
-0.316 1.706 3162
-0.316 1.706 3167
-0.316 1.706 3172
-0.316 1.706 3177
-0.316 1.706 3182
-0.316 1.706 3187
-0.316 1.706 3192
-0.316 1.706 3197
-0.317 1.636 3202
-0.317 1.636 3207
-0.317 1.636 3212
-0.317 1.636 3217
-0.317 1.636 3222
-0.317 1.636 3227
-0.317 1.636 3232
-0.317 1.636 3237
-0.317 1.636 3242
-0.317 1.636 3247
-0.317 1.636 3252
-0.317 1.636 3257
-0.317 1.636 3262
-0.317 1.636 3267
-0.317 1.636 3272
-0.317 1.636 3277
-0.317 1.636 3282
-0.317 1.636 3287
-0.317 1.636 3292
-0.317 1.636 3297
-0.316 1.566 3302
-0.316 1.566 3307
-0.316 1.566 3312
-0.316 1.566 3317
-0.316 1.566 3322
-0.316 1.566 3327
-0.316 1.566 3332
-0.316 1.566 3337
-0.316 1.566 3342
-0.316 1.566 3347
-0.316 1.566 3352
-0.316 1.566 3357
-0.316 1.566 3362
-0.316 1.566 3367
-0.316 1.566 3372
-0.316 1.566 3377
-0.316 1.566 3382
-0.316 1.566 3387
-0.316 1.566 3392
-0.316 1.566 3397
-0.317 1.496 3402
-0.317 1.496 3407
-0.317 1.496 3412
-0.317 1.496 3417
-0.317 1.496 3422
-0.317 1.496 3427
-0.317 1.496 3432
-0.317 1.496 3437
-0.317 1.496 3442
-0.317 1.496 3447
-0.317 1.496 3452
-0.317 1.496 3457
-0.317 1.496 3462
-0.317 1.496 3467
-0.317 1.496 3472
-0.317 1.496 3477
-0.317 1.496 3482
-0.317 1.496 3487
-0.317 1.496 3492
-0.317 1.496 3497
-0.317 1.414 3502
-0.317 1.414 3507
-0.317 1.414 3512
-0.317 1.414 3517
-0.317 1.414 3522
-0.317 1.414 3527
-0.317 1.414 3532
-0.317 1.414 3537
-0.317 1.414 3542
-0.317 1.414 3547
-0.317 1.414 3552
-0.317 1.414 3557
-0.317 1.414 3562
-0.317 1.414 3567
-0.317 1.414 3572
-0.317 1.414 3577
-0.317 1.414 3582
-0.317 1.414 3587
-0.317 1.414 3592
-0.317 1.414 3597
-0.317 1.332 3602
-0.317 1.332 3607
-0.317 1.332 3612
-0.317 1.332 3617
-0.317 1.332 3622
-0.317 1.332 3627
-0.317 1.332 3632
-0.317 1.332 3637
-0.317 1.332 3642
-0.317 1.332 3647
-0.317 1.332 3652
-0.317 1.332 3657
-0.317 1.332 3662
-0.317 1.332 3667
-0.317 1.332 3672
-0.317 1.332 3677
-0.317 1.332 3682
-0.317 1.332 3687
-0.317 1.332 3692
-0.317 1.332 3697
-0.317 1.265 3702
-0.317 1.265 3707
-0.317 1.265 3712
-0.317 1.265 3717
-0.317 1.265 3722
-0.317 1.265 3727
-0.317 1.265 3732
-0.317 1.265 3737
-0.317 1.265 3742
-0.317 1.265 3747
-0.317 1.265 3752
-0.317 1.265 3757
-0.317 1.265 3762
-0.317 1.265 3767
-0.317 1.265 3772
-0.317 1.265 3777
-0.317 1.265 3782
-0.317 1.265 3787
-0.317 1.265 3792
-0.317 1.265 3797
-0.317 1.192 3802
-0.317 1.192 3807
-0.317 1.192 3812
-0.317 1.192 3817
-0.317 1.192 3822
-0.317 1.192 3827
-0.317 1.192 3832
-0.317 1.192 3837
-0.317 1.192 3842
-0.317 1.192 3847
-0.317 1.192 3852
-0.317 1.192 3857
-0.317 1.192 3862
-0.317 1.192 3867
-0.317 1.192 3872
-0.317 1.192 3877
-0.317 1.192 3882
-0.317 1.192 3887
-0.317 1.192 3892
-0.317 1.192 3897
-0.316 1.111 3902
-0.316 1.111 3907
-0.316 1.111 3912
-0.316 1.111 3917
-0.316 1.111 3922
-0.316 1.111 3927
-0.316 1.111 3932
-0.316 1.111 3937
-0.316 1.111 3942
-0.316 1.111 3947
-0.316 1.111 3952
-0.316 1.111 3957
-0.316 1.111 3962
-0.316 1.111 3967
-0.316 1.111 3972
-0.316 1.111 3977
-0.316 1.111 3982
-0.316 1.111 3987
-0.316 1.111 3992
-0.316 1.111 3997
-0.314 1.041 4002
-0.314 1.041 4007
-0.314 1.041 4012
-0.314 1.041 4017
-0.314 1.041 4022
-0.314 1.041 4027
-0.314 1.041 4032
-0.314 1.041 4037
-0.314 1.041 4042
-0.314 1.041 4047
-0.314 1.041 4052
-0.314 1.041 4057
-0.314 1.041 4062
-0.314 1.041 4067
-0.314 1.041 4072
-0.314 1.041 4077
-0.314 1.041 4082
-0.314 1.041 4087
-0.314 1.041 4092
-0.314 1.041 4097
-0.315 0.959 4102
-0.315 0.959 4107
-0.315 0.959 4112
-0.315 0.959 4117
-0.315 0.959 4122
-0.315 0.959 4127
-0.315 0.959 4132
-0.315 0.959 4137
-0.315 0.959 4142
  
  
  
  
  
  
  
