0.008 2.000 124601
0.008 2.000 124729
0.009 2.006 124857
0.009 2.006 124985
0.010 2.024 125113
0.010 2.024 125241
0.010 2.024 125369
0.012 2.012 125497
0.012 2.012 125625
0.012 2.012 125753
0.009 2.024 125881
0.009 2.024 126009
0.009 2.024 126137
0.011 2.024 126265
0.011 2.024 126393
0.010 2.029 126521
0.010 2.029 126649
0.010 2.029 126777
0.010 2.047 126905
0.010 2.047 127033
0.010 2.047 127161
0.010 2.047 127289
0.010 2.047 127417
0.010 2.047 127545
0.010 2.047 127673
0.010 2.047 127801
0.013 2.053 127929
0.013 2.053 128057
0.013 2.053 128185
0.008 2.059 128313
0.008 2.059 128441
0.009 2.070 128569
0.009 2.070 128697
0.009 2.070 128825
0.010 2.070 128953
0.010 2.070 129081
0.010 2.070 129209
0.008 2.070 129337
0.008 2.070 129465
0.009 2.082 129593
0.009 2.082 129721
0.009 2.082 129849
0.010 2.094 129977
0.010 2.094 130105
0.010 2.094 130233
0.010 2.094 130361
0.010 2.094 130489
0.010 2.094 130617
0.008 2.094 130745
0.008 2.094 130873
0.009 2.099 131001
0.009 2.099 131129
0.009 2.099 131257
0.010 2.117 131385
0.010 2.117 131513
0.010 2.117 131641
0.009 2.117 131769
0.009 2.117 131897
0.010 2.117 132025
0.010 2.117 132153
0.010 2.117 132281
0.009 2.117 132409
0.009 2.117 132537
0.009 2.117 132665
0.011 2.140 132793
0.011 2.140 132921
0.010 2.140 133049
0.010 2.140 133177
0.010 2.140 133305
0.010 2.140 133433
0.010 2.140 133561
0.010 2.140 133689
0.011 2.146 133817
0.011 2.146 133945
0.013 2.152 134073
0.013 2.152 134201
0.013 2.152 134329
0.009 2.164 134457
0.009 2.164 134585
0.009 2.164 134713
0.010 2.164 134841
0.010 2.164 134969
0.010 2.164 135097
0.010 2.164 135225
0.010 2.164 135353
0.009 2.167 135481
0.009 2.167 135609
0.009 2.167 135737
0.010 2.187 135865
0.010 2.187 135993
0.010 2.187 136121
0.010 2.187 136249
0.010 2.187 136377
0.013 2.187 136505
0.013 2.187 136633
0.013 2.187 136761
0.009 2.187 136889
0.009 2.187 137017
0.009 2.187 137145
0.009 2.199 137273
0.009 2.199 137401
0.010 2.210 137529
0.010 2.210 137657
0.010 2.210 137785
0.009 2.210 137913
0.009 2.210 138041
0.009 2.210 138169
0.010 2.216 138297
0.010 2.216 138425
0.010 2.216 138553
0.010 2.216 138681
0.010 2.216 138809
0.013 2.234 138937
0.013 2.234 139065
0.013 2.234 139193
0.010 2.234 139321
0.010 2.234 139449
0.010 2.234 139577
0.011 2.234 139705
0.011 2.234 139833
0.013 2.239 139961
0.013 2.239 140089
0.013 2.239 140217
0.007 2.245 140345
0.007 2.245 140473
0.007 2.245 140601
0.009 2.257 140729
0.009 2.257 140857
0.010 2.257 140985
0.010 2.257 141113
0.010 2.257 141241
0.011 2.269 141369
0.011 2.269 141497
0.011 2.269 141625
0.010 2.280 141753
0.010 2.280 141881
0.010 2.280 142009
0.010 2.280 142137
0.010 2.280 142265
0.011 2.272 142393
0.011 2.272 142521
0.011 2.272 142649
0.010 2.286 142777
0.010 2.286 142905
0.010 2.292 143033
0.010 2.292 143161
0.010 2.292 143289
0.011 2.304 143417
0.011 2.304 143545
0.011 2.304 143673
0.013 2.304 143801
0.013 2.304 143929
0.013 2.304 144057
0.009 2.304 144185
0.009 2.304 144313
0.010 2.304 144441
0.010 2.304 144569
0.010 2.304 144697
0.011 2.315 144825
0.011 2.315 144953
0.011 2.315 145081
0.010 2.327 145209
0.010 2.327 145337
0.011 2.327 145465
0.011 2.327 145593
0.011 2.327 145721
0.010 2.333 145849
0.010 2.333 145977
0.010 2.333 146105
0.013 2.339 146233
0.013 2.339 146361
0.008 2.339 146489
0.008 2.339 146617
0.008 2.339 146745
0.009 2.350 146873
0.009 2.350 147001
0.009 2.350 147129
0.010 2.356 147257
0.010 2.356 147385
0.009 2.374 147513
0.009 2.374 147641
0.009 2.374 147769
0.009 2.374 147897
0.009 2.374 148025
0.009 2.374 148153
0.010 2.374 148281
0.010 2.374 148409
0.010 2.374 148537
0.011 2.374 148665
0.011 2.374 148793
0.010 2.374 148921
0.010 2.374 149049
0.010 2.374 149177
0.012 2.385 149305
0.012 2.385 149433
0.012 2.385 149561
0.013 2.397 149689
0.013 2.397 149817
0.009 2.397 149945
0.009 2.397 150073
0.009 2.397 150201
0.009 2.397 150329
0.009 2.397 150457
0.009 2.397 150585
0.010 2.403 150713
0.010 2.403 150841
0.010 2.420 150969
0.010 2.420 151097
0.010 2.420 151225
0.010 2.420 151353
0.010 2.420 151481
0.010 2.420 151609
0.010 2.420 151737
0.010 2.420 151865
0.013 2.444 151993
0.013 2.444 152121
0.013 2.444 152249
0.008 2.444 152377
0.008 2.444 152505
0.008 2.444 152633
0.009 2.444 152761
0.009 2.444 152889
0.009 2.444 153017
0.010 2.444 153145
0.010 2.444 153273
0.010 2.447 153401
0.010 2.447 153529
0.010 2.447 153657
0.009 2.467 153785
0.009 2.467 153913
0.009 2.467 154041
0.010 2.467 154169
0.010 2.467 154297
0.013 2.473 154425
0.013 2.473 154553
0.013 2.473 154681
0.009 2.473 154809
0.009 2.473 154937
0.009 2.473 155065
0.010 2.479 155193
0.010 2.479 155321
0.011 2.490 155449
0.011 2.490 155577
0.011 2.490 155705
0.013 2.490 155833
0.013 2.490 155961
0.013 2.490 156089
0.009 2.490 156217
0.009 2.490 156345
0.009 2.496 156473
0.009 2.496 156601
0.009 2.496 156729
0.010 2.499 156857
0.010 2.499 156985
0.010 2.499 157113
0.009 2.514 157241
0.009 2.514 157369
0.009 2.514 157497
0.010 2.514 157625
0.010 2.514 157753
0.010 2.519 157881
0.010 2.519 158009
0.010 2.519 158137
0.011 2.525 158265
0.011 2.525 158393
0.011 2.525 158521
0.010 2.525 158649
0.010 2.525 158777
0.009 2.537 158905
0.009 2.537 159033
0.009 2.537 159161
0.010 2.537 159289
0.010 2.537 159417
0.010 2.537 159545
0.009 2.560 159673
0.009 2.560 159801
0.010 2.560 159929
0.010 2.560 160057
0.010 2.560 160185
0.010 2.560 160313
0.010 2.560 160441
0.010 2.560 160569
0.011 2.560 160697
0.011 2.560 160825
0.010 2.566 160953
0.010 2.566 161081
0.010 2.566 161209
0.011 2.584 161337
0.011 2.584 161465
0.011 2.584 161593
0.013 2.584 161721
0.013 2.584 161849
0.013 2.584 161977
0.009 2.584 162105
0.009 2.584 162233
0.010 2.584 162361
0.010 2.584 162489
0.010 2.584 162617
0.010 2.589 162745
0.010 2.589 162873
0.010 2.589 163001
0.010 2.607 163129
0.010 2.607 163257
0.009 2.607 163385
0.009 2.607 163513
0.009 2.607 163641
0.010 2.607 163769
0.010 2.607 163897
0.010 2.607 164025
0.010 2.613 164153
0.010 2.613 164281
0.010 2.630 164409
0.010 2.630 164537
0.010 2.630 164665
0.010 2.630 164793
0.010 2.630 164921
0.010 2.630 165049
0.009 2.630 165177
0.009 2.630 165305
0.010 2.630 165433
0.010 2.630 165561
0.010 2.630 165689
0.010 2.642 165817
0.010 2.642 165945
0.010 2.642 166073
0.008 2.639 166201
0.008 2.639 166329
0.008 2.639 166457
0.010 2.654 166585
0.010 2.654 166713
0.013 2.654 166841
0.013 2.654 166969
0.013 2.654 167097
0.012 2.665 167225
0.012 2.665 167353
0.012 2.665 167481
