  
0.000 0.000 1
0.170 4.243 52
-0.175 4.138 104
-0.175 4.115 156
-0.175 4.091 208
-0.175 4.065 260
-0.174 4.039 312
-0.175 4.045 364
-0.175 4.018 416
-0.173 3.986 468
-0.175 3.980 520
-0.174 3.948 572
-0.174 3.925 624
-0.175 3.928 676
-0.174 3.899 728
-0.174 3.875 780
-0.175 3.881 832
-0.174 3.846 884
-0.175 3.835 936
-0.174 3.805 988
-0.173 3.785 1040
-0.174 3.776 1092
-0.173 3.753 1144
-0.174 3.727 1196
-0.174 3.712 1248
-0.175 3.718 1300
-0.173 3.683 1352
-0.174 3.660 1404
-0.174 3.642 1456
-0.174 3.619 1508
-0.174 3.598 1560
-0.174 3.590 1612
-0.174 3.566 1664
-0.173 3.549 1716
-0.174 3.525 1768
-0.175 3.531 1820
-0.174 3.496 1872
-0.174 3.473 1924
-0.175 3.461 1976
-0.174 3.432 2028
-0.174 3.420 2080
-0.174 3.403 2132
-0.174 3.380 2184
-0.174 3.353 2236
-0.174 3.339 2288
-0.174 3.327 2340
-0.176 3.321 2392
-0.174 3.286 2444
-0.173 3.272 2496
-0.173 3.245 2548
-0.174 3.234 2600
-0.175 3.228 2652
-0.174 3.193 2704
-0.177 3.164 2756
-0.174 3.152 2808
-0.171 3.152 2860
-0.173 3.123 2912
-0.174 3.100 2964
-0.174 3.082 3016
-0.175 3.065 3068
-0.174 3.035 3120
-0.174 3.030 3172
-0.174 3.000 3224
-0.174 2.980 3276
-0.174 2.965 3328
-0.175 2.971 3380
-0.173 2.922 3432
-0.174 2.898 3484
-0.174 2.887 3536
-0.175 2.866 3588
-0.174 2.849 3640
-0.175 2.843 3692
-0.174 2.805 3744
-0.175 2.790 3796
-0.175 2.785 3848
-0.174 2.755 3900
-0.174 2.732 3952
-0.174 2.709 4004
-0.174 2.697 4056
-0.174 2.674 4108
-0.175 2.668 4160
-0.174 2.639 4212
-0.174 2.607 4264
-0.175 2.621 4316
-0.174 2.580 4368
-0.175 2.575 4420
-0.175 2.551 4472
-0.176 2.528 4524
-0.176 2.513 4576
-0.176 2.490 4628
-0.176 2.481 4680
-0.176 2.443 4732
-0.176 2.435 4784
-0.176 2.420 4836
-0.175 2.394 4888
-0.177 2.388 4940
-0.174 2.353 4992
-0.175 2.341 5044
-0.174 2.312 5096
-0.176 2.295 5148
-0.176 2.280 5200
-0.177 2.271 5252
-0.176 2.239 5304
-0.177 2.222 5356
-0.175 2.201 5408
-0.177 2.190 5460
-0.176 2.178 5512
-0.177 2.146 5564
-0.177 2.131 5616
-0.176 2.108 5668
-0.175 2.079 5720
-0.174 2.055 5772
-0.177 2.044 5824
-0.177 2.038 5876
-0.177 2.015 5928
-0.174 1.980 5980
-0.174 1.962 6032
-0.174 1.939 6084
-0.175 1.933 6136
-0.174 1.895 6188
-0.174 1.886 6240
-0.174 1.857 6292
-0.175 1.840 6344
-0.175 1.822 6396
-0.174 1.799 6448
-0.174 1.778 6500
-0.174 1.755 6552
-0.174 1.732 6604
-0.175 1.723 6656
-0.175 1.700 6708
-0.174 1.682 6760
-0.175 1.659 6812
-0.174 1.638 6864
-0.175 1.641 6916
-0.174 1.600 6968
-0.175 1.589 7020
-0.174 1.565 7072
-0.174 1.542 7124
-0.174 1.519 7176
-0.174 1.498 7228
-0.174 1.484 7280
-0.174 1.466 7332
-0.174 1.443 7384
-0.174 1.425 7436
-0.174 1.402 7488
-0.174 1.379 7540
-0.174 1.358 7592
-0.174 1.335 7644
-0.174 1.320 7696
-0.175 1.297 7748
-0.177 1.291 7800
-0.174 1.262 7852
-0.174 1.239 7904
-0.174 1.218 7956
-0.175 1.195 8008
-0.174 1.186 8060
-0.174 1.163 8112
-0.174 1.134 8164
-0.174 1.113 8216
-0.174 1.099 8268
-0.177 1.093 8320
-0.175 1.055 8372
-0.175 1.032 8424
-0.175 1.017 8476
-0.174 1.000 8528
-0.174 0.982 8580
-0.173 0.959 8632
-0.174 0.935 8684
-0.177 0.924 8736
-0.174 0.895 8788
-0.174 0.883 8840
-0.174 0.860 8892
-0.174 0.830 8944
-0.175 0.819 8996
-0.175 0.790 9048
-0.174 0.775 9100
-0.174 0.749 9152
-0.174 0.728 9204
-0.176 0.731 9256
-0.174 0.696 9308
-0.177 0.685 9360
-0.175 0.655 9412
-0.174 0.632 9464
-0.175 0.612 9516
-0.174 0.588 9568
-0.177 0.591 9620
-0.175 0.550 9672
-0.174 0.527 9724
-0.174 0.515 9776
-0.176 0.510 9828
-0.174 0.469 9880
-0.174 0.448 9932
-0.174 0.425 9984
-0.174 0.416 10036
-0.175 0.405 10088
-0.174 0.367 10140
-0.174 0.352 10192
-0.174 0.329 10244
-0.175 0.317 10296
-0.174 0.294 10348
-0.177 0.288 10400
-0.174 0.253 10452
-0.174 0.230 10504
-0.174 0.212 10556
-0.175 0.189 10608
-0.175 0.195 10660
-0.174 0.154 10712
-0.174 0.136 10764
-0.174 0.119 10816
-0.174 0.095 10868
-0.174 0.075 10920
-0.174 0.055 10972
-0.174 0.028 11024
-0.176 0.031 11076
-0.174 -0.010 11129
0.171 0.107 11181
0.171 0.130 11233
0.170 0.154 11285
0.171 0.177 11337
0.170 0.200 11389
0.170 0.230 11441
0.169 0.253 11493
0.171 0.270 11545
0.171 0.282 11597
0.170 0.308 11649
