-0.004 3.750 375652
  
-0.004 3.750 376654
-0.004 3.750 377656
  
-0.004 3.750 378658
  
0.000 0.000 1
0.000 0.000 12
0.000 0.000 24
0.000 0.000 36
0.000 0.000 48
0.000 0.000 60
0.000 0.000 72
0.000 0.000 84
0.000 0.000 96
0.000 0.000 108
0.000 0.000 120
0.000 0.000 132
0.000 0.000 144
0.000 0.000 156
0.000 0.000 168
0.000 0.000 180
0.000 0.000 192
0.000 0.000 204
0.000 0.000 216
0.000 0.000 228
0.000 0.000 240
0.000 0.000 252
0.000 0.000 264
0.000 0.000 276
0.000 0.000 288
0.000 0.000 300
0.000 0.000 312
0.000 0.000 324
0.000 0.000 336
0.064 4.124 348
0.064 4.124 360
0.064 4.124 372
0.064 4.124 384
0.064 4.124 396
0.064 4.124 408
0.064 4.124 420
0.064 4.124 432
0.064 4.124 444
0.064 4.124 456
0.064 4.124 468
0.064 4.124 480
0.064 4.124 492
0.064 4.124 504
0.064 4.124 516
0.064 4.124 528
0.064 4.124 540
0.064 4.124 552
0.064 4.124 564
0.064 4.124 576
0.064 4.124 588
0.064 4.124 600
0.064 4.124 612
0.064 4.124 624
0.064 4.124 636
0.064 4.124 648
0.064 4.124 660
0.064 4.124 672
0.064 4.124 684
-0.077 3.540 696
-0.077 3.540 708
-0.077 3.540 720
-0.077 3.540 732
-0.077 3.540 744
-0.077 3.540 756
-0.077 3.540 768
-0.077 3.540 780
-0.077 3.540 792
-0.077 3.540 804
-0.077 3.540 816
-0.077 3.540 828
-0.077 3.540 840
-0.077 3.540 852
-0.077 3.540 864
-0.077 3.540 876
-0.077 3.540 888
-0.077 3.540 900
-0.077 3.540 912
-0.077 3.540 924
-0.077 3.540 936
-0.077 3.540 948
-0.077 3.540 960
-0.077 3.540 972
-0.077 3.540 984
-0.077 3.540 996
-0.077 3.540 1008
-0.077 3.540 1020
-0.077 3.540 1032
-0.080 3.237 1044
-0.080 3.237 1056
-0.080 3.237 1068
-0.080 3.237 1080
-0.080 3.237 1092
-0.080 3.237 1104
-0.080 3.237 1116
-0.080 3.237 1128
-0.080 3.237 1140
-0.080 3.237 1152
-0.080 3.237 1164
-0.080 3.237 1176
-0.080 3.237 1188
-0.080 3.237 1200
-0.080 3.237 1212
-0.080 3.237 1224
-0.080 3.237 1236
-0.080 3.237 1248
-0.080 3.237 1260
-0.080 3.237 1272
-0.080 3.237 1284
-0.080 3.237 1296
-0.080 3.237 1308
-0.080 3.237 1320
-0.080 3.237 1332
-0.080 3.237 1344
-0.080 3.237 1356
-0.080 3.237 1368
-0.080 2.901 1380
-0.080 2.901 1392
-0.080 2.901 1404
-0.080 2.901 1416
-0.080 2.901 1428
-0.080 2.901 1440
-0.080 2.901 1452
-0.080 2.901 1464
-0.080 2.901 1476
-0.080 2.901 1488
-0.080 2.901 1500
-0.080 2.901 1512
-0.080 2.901 1524
-0.080 2.901 1536
-0.080 2.901 1548
-0.080 2.901 1560
-0.080 2.901 1572
-0.080 2.901 1584
-0.080 2.901 1596
-0.080 2.901 1608
-0.080 2.901 1620
-0.080 2.901 1632
-0.080 2.901 1644
-0.080 2.901 1656
-0.080 2.901 1668
-0.080 2.901 1680
-0.080 2.901 1692
-0.080 2.901 1704
-0.080 2.901 1716
-0.081 2.589 1728
-0.081 2.589 1740
-0.081 2.589 1752
-0.081 2.589 1764
-0.081 2.589 1776
-0.081 2.589 1788
-0.081 2.589 1800
-0.081 2.589 1812
-0.081 2.589 1824
-0.081 2.589 1836
-0.081 2.589 1848
-0.081 2.589 1860
-0.081 2.589 1872
-0.081 2.589 1884
-0.081 2.589 1896
-0.081 2.589 1908
-0.081 2.589 1920
-0.081 2.589 1932
-0.081 2.589 1944
-0.081 2.589 1956
-0.081 2.589 1968
-0.081 2.589 1980
-0.081 2.589 1992
-0.081 2.589 2004
-0.081 2.589 2016
-0.081 2.589 2028
-0.081 2.589 2040
-0.081 2.589 2052
-0.081 2.589 2064
-0.081 2.272 2076
-0.081 2.272 2088
-0.081 2.272 2100
-0.081 2.272 2112
-0.081 2.272 2124
-0.081 2.272 2136
-0.081 2.272 2148
-0.081 2.272 2160
-0.081 2.272 2172
-0.081 2.272 2184
-0.081 2.272 2196
-0.081 2.272 2208
-0.081 2.272 2220
-0.081 2.272 2232
-0.081 2.272 2244
-0.081 2.272 2256
-0.081 2.272 2268
-0.081 2.272 2280
-0.081 2.272 2292
-0.081 2.272 2304
-0.081 2.272 2316
-0.081 2.272 2328
-0.081 2.272 2340
-0.081 2.272 2352
-0.081 2.272 2364
-0.081 2.272 2376
-0.081 2.272 2388
-0.081 2.272 2400
-0.081 2.272 2412
-0.081 1.965 2424
-0.081 1.965 2436
-0.081 1.965 2448
-0.081 1.965 2460
-0.081 1.965 2472
-0.081 1.965 2484
-0.081 1.965 2496
-0.081 1.965 2508
-0.081 1.965 2520
-0.081 1.965 2532
-0.081 1.965 2544
-0.081 1.965 2556
-0.081 1.965 2568
-0.081 1.965 2580
-0.081 1.965 2592
-0.081 1.965 2604
-0.081 1.965 2616
-0.081 1.965 2628
-0.081 1.965 2640
-0.081 1.965 2652
-0.081 1.965 2664
-0.081 1.965 2676
-0.081 1.965 2688
-0.081 1.965 2700
-0.081 1.965 2712
-0.081 1.965 2724
-0.081 1.965 2736
-0.081 1.965 2748
-0.081 1.633 2760
-0.081 1.633 2772
-0.081 1.633 2784
-0.081 1.633 2796
-0.081 1.633 2808
-0.081 1.633 2820
-0.081 1.633 2832
-0.081 1.633 2844
-0.081 1.633 2856
-0.081 1.633 2868
-0.081 1.633 2880
-0.081 1.633 2892
-0.081 1.633 2904
-0.081 1.633 2916
-0.081 1.633 2928
-0.081 1.633 2940
-0.081 1.633 2952
-0.081 1.633 2964
-0.081 1.633 2976
-0.081 1.633 2988
-0.081 1.633 3000
-0.081 1.633 3012
-0.081 1.633 3024
-0.081 1.633 3036
-0.081 1.633 3048
-0.081 1.633 3060
-0.081 1.633 3072
-0.081 1.633 3084
-0.081 1.633 3096
-0.081 1.312 3108
-0.081 1.312 3120
-0.081 1.312 3132
-0.081 1.312 3144
-0.081 1.312 3156
-0.081 1.312 3168
-0.081 1.312 3180
-0.081 1.312 3192
-0.081 1.312 3204
-0.081 1.312 3216
-0.081 1.312 3228
-0.081 1.312 3240
-0.081 1.312 3252
-0.081 1.312 3264
-0.081 1.312 3276
-0.081 1.312 3288
-0.081 1.312 3300
-0.081 1.312 3312
-0.081 1.312 3324
-0.081 1.312 3336
-0.081 1.312 3348
-0.081 1.312 3360
-0.081 1.312 3372
-0.081 1.312 3384
-0.081 1.312 3396
-0.081 1.312 3408
-0.081 1.312 3420
-0.081 1.312 3432
-0.081 1.312 3444
-0.081 0.977 3456
-0.081 0.977 3468
-0.081 0.977 3480
-0.081 0.977 3492
-0.081 0.977 3504
-0.081 0.977 3516
-0.081 0.977 3528
-0.081 0.977 3540
-0.081 0.977 3552
-0.081 0.977 3564
-0.081 0.977 3576
-0.081 0.977 3588
-0.081 0.977 3600
-0.081 0.977 3612
-0.081 0.977 3624
-0.081 0.977 3636
-0.081 0.977 3648
-0.081 0.977 3660
-0.081 0.977 3672
-0.081 0.977 3684
-0.081 0.977 3696
-0.081 0.977 3708
-0.081 0.977 3720
-0.081 0.977 3732
-0.081 0.977 3744
-0.081 0.977 3756
-0.081 0.977 3768
-0.081 0.977 3780
-0.081 0.647 3792
-0.081 0.647 3804
-0.081 0.647 3816
-0.081 0.647 3828
-0.081 0.647 3840
-0.081 0.647 3852
-0.081 0.647 3864
-0.081 0.647 3876
-0.081 0.647 3888
-0.081 0.647 3900
-0.081 0.647 3912
-0.081 0.647 3924
-0.081 0.647 3936
-0.081 0.647 3948
-0.081 0.647 3960
-0.081 0.647 3972
-0.081 0.647 3984
-0.081 0.647 3996
-0.081 0.647 4008
-0.081 0.647 4020
-0.081 0.647 4032
-0.081 0.647 4044
-0.081 0.647 4056
-0.081 0.647 4068
-0.081 0.647 4080
-0.081 0.647 4092
-0.081 0.647 4104
-0.081 0.647 4116
-0.081 0.647 4128
-0.081 0.320 4140
-0.081 0.320 4152
-0.081 0.320 4164
-0.081 0.320 4176
-0.081 0.320 4188
-0.081 0.320 4200
-0.081 0.320 4212
-0.081 0.320 4224
-0.081 0.320 4236
-0.081 0.320 4248
-0.081 0.320 4260
-0.081 0.320 4272
-0.081 0.320 4284
-0.081 0.320 4296
-0.081 0.320 4308
-0.081 0.320 4320
-0.081 0.320 4332
-0.081 0.320 4344
-0.081 0.320 4356
-0.081 0.320 4368
-0.081 0.320 4380
-0.081 0.320 4392
-0.081 0.320 4404
-0.081 0.320 4416
-0.081 0.320 4428
-0.081 0.320 4440
-0.081 0.320 4452
-0.081 0.320 4464
-0.081 0.320 4476
-0.081 -0.006 4489
-0.081 -0.006 4501
-0.081 -0.006 4513
-0.081 -0.006 4525
-0.081 -0.006 4537
-0.081 -0.006 4549
-0.081 -0.006 4561
-0.081 -0.006 4573
-0.081 -0.006 4585
-0.081 -0.006 4597
-0.081 -0.006 4609
-0.081 -0.006 4621
-0.081 -0.006 4633
-0.081 -0.006 4645
-0.081 -0.006 4657
-0.081 -0.006 4669
-0.081 -0.006 4681
-0.081 -0.006 4693
-0.081 -0.006 4705
-0.081 -0.006 4717
-0.081 -0.006 4729
-0.081 -0.006 4741
-0.081 -0.006 4753
-0.081 -0.006 4765
-0.081 -0.006 4777
-0.081 -0.006 4789
-0.081 -0.006 4801
-0.081 -0.006 4813
0.099 0.810 4825
0.099 0.810 4837
0.099 0.810 4849
0.099 0.810 4861
0.099 0.810 4873
0.099 0.810 4885
0.099 0.810 4897
0.099 0.810 4909
0.099 0.810 4921
0.099 0.810 4933
0.099 0.810 4945
0.099 0.810 4957
0.099 0.810 4969
0.099 0.810 4981
0.099 0.810 4993
0.099 0.810 5005
0.099 0.810 5017
0.099 0.810 5029
0.099 0.810 5041
0.099 0.810 5053
0.099 0.810 5065
0.099 0.810 5077
0.099 0.810 5089
0.099 0.810 5101
0.099 0.810 5113
0.099 0.810 5125
0.099 0.810 5137
0.099 0.810 5149
0.099 0.810 5161
0.095 1.277 5173
0.095 1.277 5185
0.095 1.277 5197
0.095 1.277 5209
0.095 1.277 5221
0.095 1.277 5233
0.095 1.277 5245
0.095 1.277 5257
0.095 1.277 5269
0.095 1.277 5281
0.095 1.277 5293
0.095 1.277 5305
0.095 1.277 5317
0.095 1.277 5329
0.095 1.277 5341
0.095 1.277 5353
0.095 1.277 5365
0.095 1.277 5377
0.095 1.277 5389
0.095 1.277 5401
0.095 1.277 5413
0.095 1.277 5425
0.095 1.277 5437
0.095 1.277 5449
0.095 1.277 5461
0.095 1.277 5473
0.095 1.277 5485
0.095 1.277 5497
0.095 1.277 5509
0.091 1.697 5521
0.091 1.697 5533
0.091 1.697 5545
0.091 1.697 5557
0.091 1.697 5569
0.091 1.697 5581
0.091 1.697 5593
0.091 1.697 5605
0.091 1.697 5617
0.091 1.697 5629
0.091 1.697 5641
0.091 1.697 5653
0.091 1.697 5665
0.091 1.697 5677
0.091 1.697 5689
0.091 1.697 5701
0.091 1.697 5713
0.091 1.697 5725
0.091 1.697 5737
0.091 1.697 5749
0.091 1.697 5761
0.091 1.697 5773
0.091 1.697 5785
0.091 1.697 5797
0.091 1.697 5809
0.091 1.697 5821
0.091 1.697 5833
0.091 1.697 5845
0.091 1.697 5857
0.087 2.094 5869
0.087 2.094 5881
0.087 2.094 5893
0.087 2.094 5905
0.087 2.094 5917
0.087 2.094 5929
0.087 2.094 5941
0.087 2.094 5953
0.087 2.094 5965
0.087 2.094 5977
0.087 2.094 5989
0.087 2.094 6001
0.087 2.094 6013
0.087 2.094 6025
0.087 2.094 6037
0.087 2.094 6049
0.087 2.094 6061
0.087 2.094 6073
0.087 2.094 6085
0.087 2.094 6097
0.087 2.094 6109
0.087 2.094 6121
0.087 2.094 6133
0.087 2.094 6145
0.087 2.094 6157
0.087 2.094 6169
0.087 2.094 6181
0.087 2.094 6193
0.084 2.467 6205
0.084 2.467 6217
0.084 2.467 6229
0.084 2.467 6241
0.084 2.467 6253
0.084 2.467 6265
0.084 2.467 6277
0.084 2.467 6289
0.084 2.467 6301
0.084 2.467 6313
0.084 2.467 6325
0.084 2.467 6337
0.084 2.467 6349
0.084 2.467 6361
0.084 2.467 6373
0.084 2.467 6385
0.084 2.467 6397
0.084 2.467 6409
0.084 2.467 6421
0.084 2.467 6433
0.084 2.467 6445
0.084 2.467 6457
0.084 2.467 6469
0.084 2.467 6481
0.084 2.467 6493
0.084 2.467 6505
0.084 2.467 6517
0.084 2.467 6529
0.084 2.467 6541
0.078 2.817 6553
0.078 2.817 6565
0.078 2.817 6577
0.078 2.817 6589
0.078 2.817 6601
0.078 2.817 6613
0.078 2.817 6625
0.078 2.817 6637
0.078 2.817 6649
0.078 2.817 6661
0.078 2.817 6673
0.078 2.817 6685
0.078 2.817 6697
0.078 2.817 6709
0.078 2.817 6721
0.078 2.817 6733
0.078 2.817 6745
0.078 2.817 6757
0.078 2.817 6769
0.078 2.817 6781
0.078 2.817 6793
0.078 2.817 6805
0.078 2.817 6817
0.078 2.817 6829
0.078 2.817 6841
0.078 2.817 6853
0.078 2.817 6865
0.078 2.817 6877
0.078 2.817 6889
0.072 3.097 6901
0.072 3.097 6913
0.072 3.097 6925
0.072 3.097 6937
0.072 3.097 6949
0.072 3.097 6961
0.072 3.097 6973
0.072 3.097 6985
0.072 3.097 6997
0.072 3.097 7009
0.072 3.097 7021
0.072 3.097 7033
0.072 3.097 7045
0.072 3.097 7057
0.072 3.097 7069
0.072 3.097 7081
0.072 3.097 7093
0.072 3.097 7105
0.072 3.097 7117
0.072 3.097 7129
0.072 3.097 7141
0.072 3.097 7153
0.072 3.097 7165
0.072 3.097 7177
0.072 3.097 7189
0.072 3.097 7201
0.072 3.097 7213
0.072 3.097 7225
0.072 3.097 7237
0.072 3.435 7249
0.072 3.435 7261
0.072 3.435 7273
0.072 3.435 7285
0.072 3.435 7297
0.072 3.435 7309
0.072 3.435 7321
0.072 3.435 7333
0.072 3.435 7345
0.072 3.435 7357
0.072 3.435 7369
0.072 3.435 7381
0.072 3.435 7393
0.072 3.435 7405
0.072 3.435 7417
0.072 3.435 7429
0.072 3.435 7441
0.072 3.435 7453
0.072 3.435 7465
0.072 3.435 7477
0.072 3.435 7489
0.072 3.435 7501
0.072 3.435 7513
0.072 3.435 7525
0.072 3.435 7537
0.072 3.435 7549
0.072 3.435 7561
0.072 3.435 7573
0.068 3.704 7585
0.068 3.704 7597
0.068 3.704 7609
0.068 3.704 7621
0.068 3.704 7633
0.068 3.704 7645
0.068 3.704 7657
0.068 3.704 7669
0.068 3.704 7681
0.068 3.704 7693
0.068 3.704 7705
0.068 3.704 7717
0.068 3.704 7729
0.068 3.704 7741
0.068 3.704 7753
0.068 3.704 7765
0.068 3.704 7777
0.068 3.704 7789
0.068 3.704 7801
0.068 3.704 7813
0.068 3.704 7825
0.068 3.704 7837
0.068 3.704 7849
0.068 3.704 7861
0.068 3.704 7873
0.068 3.704 7885
0.068 3.704 7897
0.068 3.704 7909
0.068 3.704 7921
0.061 3.960 7933
0.061 3.960 7946
0.061 3.960 7958
0.061 3.960 7970
0.061 3.960 7982
0.061 3.960 7994
0.061 3.960 8006
0.061 3.960 8018
0.061 3.960 8030
0.061 3.960 8042
0.061 3.960 8054
0.061 3.960 8066
0.061 3.960 8078
0.061 3.960 8090
0.061 3.960 8102
0.061 3.960 8114
0.061 3.960 8126
0.061 3.960 8138
0.061 3.960 8150
0.061 3.960 8162
0.061 3.960 8174
0.061 3.960 8186
0.061 3.960 8198
0.061 3.960 8210
0.061 3.960 8222
0.061 3.960 8234
0.061 3.960 8246
0.061 3.960 8258
0.061 3.960 8270
-0.079 3.365 8282
-0.079 3.365 8294
-0.079 3.365 8306
-0.079 3.365 8318
-0.079 3.365 8330
-0.079 3.365 8342
-0.079 3.365 8354
-0.079 3.365 8366
-0.079 3.365 8378
-0.079 3.365 8390
-0.079 3.365 8402
-0.079 3.365 8414
-0.079 3.365 8426
-0.079 3.365 8438
-0.079 3.365 8450
-0.079 3.365 8462
-0.079 3.365 8474
-0.079 3.365 8486
-0.079 3.365 8498
-0.079 3.365 8510
-0.079 3.365 8522
-0.079 3.365 8534
-0.079 3.365 8546
-0.079 3.365 8558
-0.079 3.365 8570
-0.079 3.365 8582
-0.079 3.365 8594
-0.079 3.365 8606
-0.081 3.050 8618
-0.081 3.050 8630
-0.081 3.050 8642
-0.081 3.050 8654
-0.081 3.050 8666
-0.081 3.050 8678
-0.081 3.050 8690
-0.081 3.050 8702
-0.081 3.050 8714
-0.081 3.050 8726
-0.081 3.050 8738
-0.081 3.050 8750
-0.081 3.050 8762
-0.081 3.050 8774
-0.081 3.050 8786
-0.081 3.050 8798
-0.081 3.050 8810
-0.081 3.050 8822
-0.081 3.050 8834
-0.081 3.050 8846
-0.081 3.050 8858
-0.081 3.050 8870
-0.081 3.050 8882
-0.081 3.050 8894
-0.081 3.050 8906
-0.081 3.050 8918
-0.081 3.050 8930
-0.081 3.050 8942
-0.081 3.050 8954
-0.081 2.735 8966
-0.081 2.735 8978
-0.081 2.735 8990
-0.081 2.735 9002
-0.081 2.735 9014
-0.081 2.735 9026
-0.081 2.735 9038
-0.081 2.735 9050
-0.081 2.735 9062
-0.081 2.735 9074
-0.081 2.735 9086
-0.081 2.735 9098
-0.081 2.735 9110
-0.081 2.735 9122
-0.081 2.735 9134
-0.081 2.735 9146
-0.081 2.735 9158
-0.081 2.735 9170
-0.081 2.735 9182
-0.081 2.735 9194
-0.081 2.735 9206
-0.081 2.735 9218
-0.081 2.735 9230
-0.081 2.735 9242
-0.081 2.735 9254
-0.081 2.735 9266
-0.081 2.735 9278
-0.081 2.735 9290
-0.081 2.735 9302
-0.081 2.403 9314
-0.081 2.403 9326
-0.081 2.403 9338
-0.081 2.403 9350
-0.081 2.403 9362
-0.081 2.403 9374
-0.081 2.403 9386
-0.081 2.403 9398
-0.081 2.403 9410
-0.081 2.403 9422
-0.081 2.403 9434
-0.081 2.403 9446
-0.081 2.403 9458
-0.081 2.403 9470
-0.081 2.403 9482
-0.081 2.403 9494
-0.081 2.403 9506
-0.081 2.403 9518
-0.081 2.403 9530
-0.081 2.403 9542
-0.081 2.403 9554
-0.081 2.403 9566
-0.081 2.403 9578
-0.081 2.403 9590
-0.081 2.403 9602
-0.081 2.403 9614
-0.081 2.403 9626
-0.081 2.403 9638
-0.082 2.094 9650
-0.082 2.094 9662
-0.082 2.094 9674
-0.082 2.094 9686
-0.082 2.094 9698
-0.082 2.094 9710
-0.082 2.094 9722
-0.082 2.094 9734
-0.082 2.094 9746
-0.082 2.094 9758
-0.082 2.094 9770
-0.082 2.094 9782
-0.082 2.094 9794
-0.082 2.094 9806
-0.082 2.094 9818
-0.082 2.094 9830
-0.082 2.094 9842
-0.082 2.094 9854
-0.082 2.094 9866
-0.082 2.094 9878
-0.082 2.094 9890
-0.082 2.094 9902
-0.082 2.094 9914
-0.082 2.094 9926
-0.082 2.094 9938
-0.082 2.094 9950
-0.082 2.094 9962
-0.082 2.094 9974
-0.082 2.094 9986
-0.082 1.767 9998
-0.082 1.767 10010
-0.082 1.767 10022
-0.082 1.767 10034
-0.082 1.767 10046
-0.082 1.767 10058
-0.082 1.767 10070
-0.082 1.767 10082
-0.082 1.767 10094
-0.082 1.767 10106
-0.082 1.767 10118
-0.082 1.767 10130
-0.082 1.767 10142
-0.082 1.767 10154
-0.082 1.767 10166
-0.082 1.767 10178
-0.082 1.767 10190
-0.082 1.767 10202
-0.082 1.767 10214
-0.082 1.767 10226
-0.082 1.767 10238
-0.082 1.767 10250
-0.082 1.767 10262
-0.082 1.767 10274
-0.082 1.767 10286
-0.082 1.767 10298
-0.082 1.767 10310
-0.082 1.767 10322
-0.082 1.767 10334
-0.083 1.429 10346
-0.083 1.429 10358
-0.083 1.429 10370
-0.083 1.429 10382
-0.083 1.429 10394
-0.083 1.429 10406
-0.083 1.429 10418
-0.083 1.429 10430
-0.083 1.429 10442
-0.083 1.429 10454
-0.083 1.429 10466
-0.083 1.429 10478
-0.083 1.429 10490
-0.083 1.429 10502
-0.083 1.429 10514
-0.083 1.429 10526
-0.083 1.429 10538
-0.083 1.429 10550
-0.083 1.429 10562
-0.083 1.429 10574
-0.083 1.429 10586
-0.083 1.429 10598
-0.083 1.429 10610
-0.083 1.429 10622
-0.083 1.429 10634
-0.083 1.429 10646
-0.083 1.429 10658
-0.083 1.429 10670
-0.083 1.429 10682
-0.081 1.090 10694
-0.081 1.090 10706
-0.081 1.090 10718
-0.081 1.090 10730
-0.081 1.090 10742
-0.081 1.090 10754
-0.081 1.090 10766
-0.081 1.090 10778
-0.081 1.090 10790
-0.081 1.090 10802
-0.081 1.090 10814
-0.081 1.090 10826
-0.081 1.090 10838
-0.081 1.090 10850
-0.081 1.090 10862
-0.081 1.090 10874
-0.081 1.090 10886
-0.081 1.090 10898
-0.081 1.090 10910
-0.081 1.090 10922
-0.081 1.090 10934
-0.081 1.090 10946
-0.081 1.090 10958
-0.081 1.090 10970
-0.081 1.090 10982
-0.081 1.090 10994
-0.081 1.090 11006
-0.081 1.090 11018
-0.081 0.743 11030
-0.081 0.743 11042
-0.081 0.743 11054
-0.081 0.743 11066
-0.081 0.743 11078
-0.081 0.743 11090
-0.081 0.743 11102
-0.081 0.743 11114
-0.081 0.743 11126
-0.081 0.743 11138
-0.081 0.743 11150
-0.081 0.743 11162
-0.081 0.743 11174
-0.081 0.743 11186
-0.081 0.743 11198
-0.081 0.743 11210
-0.081 0.743 11222
-0.081 0.743 11234
-0.081 0.743 11246
-0.081 0.743 11258
-0.081 0.743 11270
-0.081 0.743 11282
-0.081 0.743 11294
-0.081 0.743 11306
-0.081 0.743 11318
-0.081 0.743 11330
-0.081 0.743 11342
-0.081 0.743 11354
-0.081 0.743 11366
-0.082 0.414 11378
-0.082 0.414 11390
-0.082 0.414 11402
-0.082 0.414 11414
-0.082 0.414 11426
-0.082 0.414 11438
-0.082 0.414 11450
-0.082 0.414 11462
-0.082 0.414 11474
-0.082 0.414 11486
-0.082 0.414 11498
-0.082 0.414 11510
-0.082 0.414 11522
-0.082 0.414 11534
-0.082 0.414 11546
-0.082 0.414 11558
-0.082 0.414 11570
-0.082 0.414 11582
-0.082 0.414 11594
-0.082 0.414 11606
-0.082 0.414 11618
-0.082 0.414 11630
-0.082 0.414 11642
-0.082 0.414 11654
-0.082 0.414 11666
-0.082 0.414 11678
-0.082 0.414 11690
-0.082 0.414 11702
-0.082 0.414 11714
-0.081 0.087 11726
-0.081 0.087 11738
-0.081 0.087 11750
-0.081 0.087 11762
-0.081 0.087 11774
-0.081 0.087 11786
-0.081 0.087 11798
-0.081 0.087 11810
-0.081 0.087 11822
-0.081 0.087 11834
-0.081 0.087 11846
-0.081 0.087 11858
-0.081 0.087 11870
-0.081 0.087 11882
-0.081 0.087 11894
-0.081 0.087 11906
-0.081 0.087 11918
-0.081 0.087 11930
-0.081 0.087 11942
-0.081 0.087 11954
-0.081 0.087 11966
-0.081 0.087 11978
-0.081 0.087 11990
-0.081 0.087 12002
-0.081 0.087 12014
-0.081 0.087 12026
-0.081 0.087 12038
-0.081 0.087 12050
-0.081 0.087 12062
-0.081 -0.246 12075
-0.081 -0.246 12087
-0.081 -0.246 12099
-0.081 -0.246 12111
-0.081 -0.246 12123
-0.081 -0.246 12135
-0.081 -0.246 12147
-0.081 -0.246 12159
-0.081 -0.246 12171
-0.081 -0.246 12183
-0.081 -0.246 12195
-0.081 -0.246 12207
-0.081 -0.246 12219
-0.081 -0.246 12231
-0.081 -0.246 12243
-0.081 -0.246 12255
-0.081 -0.246 12267
-0.081 -0.246 12279
-0.081 -0.246 12291
-0.081 -0.246 12303
-0.081 -0.246 12315
-0.081 -0.246 12327
-0.081 -0.246 12339
-0.081 -0.246 12351
-0.081 -0.246 12363
-0.081 -0.246 12375
-0.081 -0.246 12387
-0.081 -0.246 12399
0.097 0.559 12411
0.097 0.559 12423
0.097 0.559 12435
0.097 0.559 12447
0.097 0.559 12459
0.097 0.559 12471
0.097 0.559 12483
0.097 0.559 12495
0.097 0.559 12507
0.097 0.559 12519
0.097 0.559 12531
0.097 0.559 12543
0.097 0.559 12555
0.097 0.559 12567
0.097 0.559 12579
0.097 0.559 12591
0.097 0.559 12603
0.097 0.559 12615
0.097 0.559 12627
0.097 0.559 12639
0.097 0.559 12651
0.097 0.559 12663
0.097 0.559 12675
0.097 0.559 12687
0.097 0.559 12699
0.097 0.559 12711
0.097 0.559 12723
0.097 0.559 12735
0.097 0.559 12747
0.097 1.044 12759
0.097 1.044 12771
0.097 1.044 12783
0.097 1.044 12795
0.097 1.044 12807
0.097 1.044 12819
0.097 1.044 12831
0.097 1.044 12843
0.097 1.044 12855
0.097 1.044 12867
0.097 1.044 12879
0.097 1.044 12891
0.097 1.044 12903
0.097 1.044 12915
0.097 1.044 12927
0.097 1.044 12939
0.097 1.044 12951
0.097 1.044 12963
0.097 1.044 12975
0.097 1.044 12987
0.097 1.044 12999
0.097 1.044 13011
0.097 1.044 13023
0.097 1.044 13035
0.097 1.044 13047
0.097 1.044 13059
0.097 1.044 13071
0.097 1.044 13083
0.097 1.044 13095
0.093 1.469 13107
0.093 1.469 13119
0.093 1.469 13131
0.093 1.469 13143
0.093 1.469 13155
0.093 1.469 13167
0.093 1.469 13179
0.093 1.469 13191
0.093 1.469 13203
0.093 1.469 13215
0.093 1.469 13227
0.093 1.469 13239
0.093 1.469 13251
0.093 1.469 13263
0.093 1.469 13275
0.093 1.469 13287
0.093 1.469 13299
0.093 1.469 13311
0.093 1.469 13323
0.093 1.469 13335
0.093 1.469 13347
0.093 1.469 13359
0.093 1.469 13371
0.093 1.469 13383
0.093 1.469 13395
0.093 1.469 13407
0.093 1.469 13419
0.093 1.469 13431
0.089 1.884 13443
0.089 1.884 13455
0.089 1.884 13467
0.089 1.884 13479
0.089 1.884 13491
0.089 1.884 13503
0.089 1.884 13515
0.089 1.884 13527
0.089 1.884 13539
0.089 1.884 13551
0.089 1.884 13563
0.089 1.884 13575
0.089 1.884 13587
0.089 1.884 13599
0.089 1.884 13611
0.089 1.884 13623
0.089 1.884 13635
0.089 1.884 13647
0.089 1.884 13659
0.089 1.884 13671
0.089 1.884 13683
0.089 1.884 13695
0.089 1.884 13707
0.089 1.884 13719
0.089 1.884 13731
0.089 1.884 13743
0.089 1.884 13755
0.089 1.884 13767
0.089 1.884 13779
0.085 2.248 13791
0.085 2.248 13803
0.085 2.248 13815
0.085 2.248 13827
0.085 2.248 13839
0.085 2.248 13851
0.085 2.248 13863
0.085 2.248 13875
0.085 2.248 13887
0.085 2.248 13899
0.085 2.248 13911
0.085 2.248 13923
0.085 2.248 13935
0.085 2.248 13947
0.085 2.248 13959
0.085 2.248 13971
0.085 2.248 13983
0.085 2.248 13995
0.085 2.248 14007
0.085 2.248 14019
0.085 2.248 14031
0.085 2.248 14043
0.085 2.248 14055
0.085 2.248 14067
0.085 2.248 14079
0.085 2.248 14091
0.085 2.248 14103
0.085 2.248 14115
0.085 2.248 14127
0.080 2.607 14139
0.080 2.607 14151
0.080 2.607 14163
0.080 2.607 14175
0.080 2.607 14187
0.080 2.607 14199
0.080 2.607 14211
0.080 2.607 14223
0.080 2.607 14235
0.080 2.607 14247
0.080 2.607 14259
0.080 2.607 14271
0.080 2.607 14283
0.080 2.607 14295
0.080 2.607 14307
0.080 2.607 14319
0.080 2.607 14331
0.080 2.607 14343
0.080 2.607 14355
0.080 2.607 14367
0.080 2.607 14379
0.080 2.607 14391
0.080 2.607 14403
0.080 2.607 14415
0.080 2.607 14427
0.080 2.607 14439
0.080 2.607 14451
0.080 2.607 14463
0.078 2.939 14475
0.078 2.939 14487
0.078 2.939 14499
0.078 2.939 14511
0.078 2.939 14523
0.078 2.939 14535
0.078 2.939 14547
0.078 2.939 14559
0.078 2.939 14571
0.078 2.939 14583
0.078 2.939 14595
0.078 2.939 14607
0.078 2.939 14619
0.078 2.939 14631
0.078 2.939 14643
0.078 2.939 14655
0.078 2.939 14667
0.078 2.939 14679
0.078 2.939 14691
0.078 2.939 14703
0.078 2.939 14715
0.078 2.939 14727
0.078 2.939 14739
0.078 2.939 14751
0.078 2.939 14763
0.078 2.939 14775
0.078 2.939 14787
0.078 2.939 14799
0.078 2.939 14811
0.074 3.246 14823
0.074 3.246 14835
0.074 3.246 14847
0.074 3.246 14859
0.074 3.246 14871
0.074 3.246 14883
0.074 3.246 14895
0.074 3.246 14907
0.074 3.246 14919
0.074 3.246 14931
0.074 3.246 14943
0.074 3.246 14955
0.074 3.246 14967
0.074 3.246 14979
0.074 3.246 14991
0.074 3.246 15003
0.074 3.246 15015
0.074 3.246 15027
0.074 3.246 15039
0.074 3.246 15051
0.074 3.246 15063
0.074 3.246 15075
0.074 3.246 15087
0.074 3.246 15099
0.074 3.246 15111
0.074 3.246 15123
0.074 3.246 15135
0.074 3.246 15147
0.074 3.246 15159
0.070 3.540 15171
0.070 3.540 15183
0.070 3.540 15195
0.070 3.540 15207
0.070 3.540 15219
0.070 3.540 15231
0.070 3.540 15243
0.070 3.540 15255
0.070 3.540 15267
0.070 3.540 15279
0.070 3.540 15291
0.070 3.540 15303
0.070 3.540 15315
0.070 3.540 15327
0.070 3.540 15339
0.070 3.540 15351
0.070 3.540 15363
0.070 3.540 15375
0.070 3.540 15387
0.070 3.540 15399
0.070 3.540 15411
0.070 3.540 15423
0.070 3.540 15435
0.070 3.540 15447
0.070 3.540 15459
0.070 3.540 15471
0.070 3.540 15483
0.070 3.540 15495
0.070 3.540 15507
0.066 3.820 15519
0.066 3.820 15531
0.066 3.820 15543
0.066 3.820 15555
0.066 3.820 15567
0.066 3.820 15579
0.066 3.820 15591
0.066 3.820 15603
0.066 3.820 15615
0.066 3.820 15627
0.066 3.820 15639
0.066 3.820 15651
0.066 3.820 15663
0.066 3.820 15675
0.066 3.820 15687
0.066 3.820 15699
0.066 3.820 15711
0.066 3.820 15723
0.066 3.820 15735
0.066 3.820 15747
0.066 3.820 15759
0.066 3.820 15771
0.066 3.820 15783
0.066 3.820 15795
0.066 3.820 15807
0.066 3.820 15819
0.066 3.820 15831
0.066 3.820 15843
0.063 4.077 15855
0.063 4.077 15868
0.063 4.077 15880
0.063 4.077 15892
0.063 4.077 15904
0.063 4.077 15916
0.063 4.077 15928
0.063 4.077 15940
0.063 4.077 15952
0.063 4.077 15964
0.063 4.077 15976
0.063 4.077 15988
0.063 4.077 16000
0.063 4.077 16012
0.063 4.077 16024
0.063 4.077 16036
0.063 4.077 16048
0.063 4.077 16060
0.063 4.077 16072
0.063 4.077 16084
0.063 4.077 16096
0.063 4.077 16108
0.063 4.077 16120
0.063 4.077 16132
0.063 4.077 16144
0.063 4.077 16156
0.063 4.077 16168
0.063 4.077 16180
0.063 4.077 16192
-0.078 3.470 16204
-0.078 3.470 16216
-0.078 3.470 16228
-0.078 3.470 16240
-0.078 3.470 16252
-0.078 3.470 16264
-0.078 3.470 16276
-0.078 3.470 16288
-0.078 3.470 16300
-0.078 3.470 16312
-0.078 3.470 16324
-0.078 3.470 16336
-0.078 3.470 16348
-0.078 3.470 16360
-0.078 3.470 16372
-0.078 3.470 16384
-0.078 3.470 16396
-0.078 3.470 16408
-0.078 3.470 16420
-0.078 3.470 16432
-0.078 3.470 16444
-0.078 3.470 16456
-0.078 3.470 16468
-0.078 3.470 16480
-0.078 3.470 16492
-0.078 3.470 16504
-0.078 3.470 16516
-0.078 3.470 16528
-0.078 3.470 16540
-0.083 3.144 16552
-0.083 3.144 16564
-0.083 3.144 16576
-0.083 3.144 16588
-0.083 3.144 16600
-0.083 3.144 16612
-0.083 3.144 16624
-0.083 3.144 16636
-0.083 3.144 16648
-0.083 3.144 16660
-0.083 3.144 16672
-0.083 3.144 16684
-0.083 3.144 16696
-0.083 3.144 16708
-0.083 3.144 16720
-0.083 3.144 16732
-0.083 3.144 16744
-0.083 3.144 16756
-0.083 3.144 16768
-0.083 3.144 16780
-0.083 3.144 16792
-0.083 3.144 16804
-0.083 3.144 16816
-0.083 3.144 16828
-0.083 3.144 16840
-0.083 3.144 16852
-0.083 3.144 16864
-0.083 3.144 16876
-0.083 2.840 16888
-0.083 2.840 16900
-0.083 2.840 16912
-0.083 2.840 16924
-0.083 2.840 16936
-0.083 2.840 16948
-0.083 2.840 16960
-0.083 2.840 16972
-0.083 2.840 16984
-0.083 2.840 16996
-0.083 2.840 17008
-0.083 2.840 17020
-0.083 2.840 17032
-0.083 2.840 17044
-0.083 2.840 17056
-0.083 2.840 17068
-0.083 2.840 17080
-0.083 2.840 17092
-0.083 2.840 17104
-0.083 2.840 17116
-0.083 2.840 17128
-0.083 2.840 17140
-0.083 2.840 17152
-0.083 2.840 17164
-0.083 2.840 17176
-0.083 2.840 17188
-0.083 2.840 17200
-0.083 2.840 17212
-0.083 2.840 17224
-0.082 2.496 17236
-0.082 2.496 17248
-0.082 2.496 17260
-0.082 2.496 17272
-0.082 2.496 17284
-0.082 2.496 17296
-0.082 2.496 17308
-0.082 2.496 17320
-0.082 2.496 17332
-0.082 2.496 17344
-0.082 2.496 17356
-0.082 2.496 17368
-0.082 2.496 17380
-0.082 2.496 17392
-0.082 2.496 17404
-0.082 2.496 17416
-0.082 2.496 17428
-0.082 2.496 17440
-0.082 2.496 17452
-0.082 2.496 17464
-0.082 2.496 17476
-0.082 2.496 17488
-0.082 2.496 17500
-0.082 2.496 17512
-0.082 2.496 17524
-0.082 2.496 17536
-0.082 2.496 17548
-0.082 2.496 17560
-0.082 2.496 17572
-0.082 2.187 17584
-0.082 2.187 17596
-0.082 2.187 17608
-0.082 2.187 17620
-0.082 2.187 17632
-0.082 2.187 17644
-0.082 2.187 17656
-0.082 2.187 17668
-0.082 2.187 17680
-0.082 2.187 17692
-0.082 2.187 17704
-0.082 2.187 17716
-0.082 2.187 17728
-0.082 2.187 17740
-0.082 2.187 17752
-0.082 2.187 17764
-0.082 2.187 17776
-0.082 2.187 17788
-0.082 2.187 17800
-0.082 2.187 17812
-0.082 2.187 17824
-0.082 2.187 17836
-0.082 2.187 17848
-0.082 2.187 17860
-0.082 2.187 17872
-0.082 2.187 17884
-0.082 2.187 17896
-0.082 2.187 17908
-0.082 2.187 17920
-0.082 1.860 17932
-0.082 1.860 17944
-0.082 1.860 17956
-0.082 1.860 17968
-0.082 1.860 17980
-0.082 1.860 17992
-0.082 1.860 18004
-0.082 1.860 18016
-0.082 1.860 18028
-0.082 1.860 18040
-0.082 1.860 18052
-0.082 1.860 18064
-0.082 1.860 18076
-0.082 1.860 18088
-0.082 1.860 18100
-0.082 1.860 18112
-0.082 1.860 18124
-0.082 1.860 18136
-0.082 1.860 18148
-0.082 1.860 18160
-0.082 1.860 18172
-0.082 1.860 18184
-0.082 1.860 18196
-0.082 1.860 18208
-0.082 1.860 18220
-0.082 1.860 18232
-0.082 1.860 18244
-0.082 1.860 18256
-0.082 1.525 18268
-0.082 1.525 18280
-0.082 1.525 18292
-0.082 1.525 18304
-0.082 1.525 18316
-0.082 1.525 18328
-0.082 1.525 18340
-0.082 1.525 18352
-0.082 1.525 18364
-0.082 1.525 18376
-0.082 1.525 18388
-0.082 1.525 18400
-0.082 1.525 18412
-0.082 1.525 18424
-0.082 1.525 18436
-0.082 1.525 18448
-0.082 1.525 18460
-0.082 1.525 18472
-0.082 1.525 18484
-0.082 1.525 18496
-0.082 1.525 18508
-0.082 1.525 18520
-0.082 1.525 18532
-0.082 1.525 18544
-0.082 1.525 18556
-0.082 1.525 18568
-0.082 1.525 18580
-0.082 1.525 18592
-0.082 1.525 18604
-0.081 1.207 18616
-0.081 1.207 18628
-0.081 1.207 18640
-0.081 1.207 18652
-0.081 1.207 18664
-0.081 1.207 18676
-0.081 1.207 18688
-0.081 1.207 18700
-0.081 1.207 18712
-0.081 1.207 18724
-0.081 1.207 18736
-0.081 1.207 18748
-0.081 1.207 18760
-0.081 1.207 18772
-0.081 1.207 18784
-0.081 1.207 18796
-0.081 1.207 18808
-0.081 1.207 18820
-0.081 1.207 18832
-0.081 1.207 18844
-0.081 1.207 18856
-0.081 1.207 18868
-0.081 1.207 18880
-0.081 1.207 18892
-0.081 1.207 18904
-0.081 1.207 18916
-0.081 1.207 18928
-0.081 1.207 18940
-0.081 1.207 18952
-0.083 0.857 18964
-0.083 0.857 18976
-0.083 0.857 18988
-0.083 0.857 19000
-0.083 0.857 19012
-0.083 0.857 19024
-0.083 0.857 19036
-0.083 0.857 19048
-0.083 0.857 19060
-0.083 0.857 19072
-0.083 0.857 19084
-0.083 0.857 19096
-0.083 0.857 19108
-0.083 0.857 19120
-0.083 0.857 19132
-0.083 0.857 19144
-0.083 0.857 19156
-0.083 0.857 19168
-0.083 0.857 19180
-0.083 0.857 19192
-0.083 0.857 19204
-0.083 0.857 19216
-0.083 0.857 19228
-0.083 0.857 19240
-0.083 0.857 19252
-0.083 0.857 19264
-0.083 0.857 19276
-0.083 0.857 19288
-0.081 0.519 19300
-0.081 0.519 19312
-0.081 0.519 19324
-0.081 0.519 19336
-0.081 0.519 19348
-0.081 0.519 19360
-0.081 0.519 19372
-0.081 0.519 19384
-0.081 0.519 19396
-0.081 0.519 19408
-0.081 0.519 19420
-0.081 0.519 19432
-0.081 0.519 19444
-0.081 0.519 19456
-0.081 0.519 19468
-0.081 0.519 19480
-0.081 0.519 19492
-0.081 0.519 19504
-0.081 0.519 19516
-0.081 0.519 19528
-0.081 0.519 19540
-0.081 0.519 19552
-0.081 0.519 19564
-0.081 0.519 19576
-0.081 0.519 19588
-0.081 0.519 19600
-0.081 0.519 19612
-0.081 0.519 19624
-0.081 0.519 19636
-0.081 0.180 19648
-0.081 0.180 19660
-0.081 0.180 19672
-0.081 0.180 19684
-0.081 0.180 19696
-0.081 0.180 19708
-0.081 0.180 19720
-0.081 0.180 19732
-0.081 0.180 19744
-0.081 0.180 19756
-0.081 0.180 19768
-0.081 0.180 19780
-0.081 0.180 19792
-0.081 0.180 19804
-0.081 0.180 19816
-0.081 0.180 19828
-0.081 0.180 19840
-0.081 0.180 19852
-0.081 0.180 19864
-0.081 0.180 19876
-0.081 0.180 19888
-0.081 0.180 19900
-0.081 0.180 19912
-0.081 0.180 19924
-0.081 0.180 19936
-0.081 0.180 19948
-0.081 0.180 19960
-0.081 0.180 19972
-0.081 0.180 19984
-0.081 -0.146 19997
-0.081 -0.146 20009
-0.081 -0.146 20021
-0.081 -0.146 20033
-0.081 -0.146 20045
-0.081 -0.146 20057
-0.081 -0.146 20069
-0.081 -0.146 20081
-0.081 -0.146 20093
-0.081 -0.146 20105
-0.081 -0.146 20117
-0.081 -0.146 20129
-0.081 -0.146 20141
-0.081 -0.146 20153
-0.081 -0.146 20165
-0.081 -0.146 20177
-0.081 -0.146 20189
-0.081 -0.146 20201
-0.081 -0.146 20213
-0.081 -0.146 20225
-0.081 -0.146 20237
-0.081 -0.146 20249
-0.081 -0.146 20261
-0.081 -0.146 20273
-0.081 -0.146 20285
-0.081 -0.146 20297
-0.081 -0.146 20309
-0.081 -0.146 20321
-0.081 -0.146 20333
0.097 0.670 20345
0.097 0.670 20357
0.097 0.670 20369
0.097 0.670 20381
0.097 0.670 20393
0.097 0.670 20405
0.097 0.670 20417
0.097 0.670 20429
0.097 0.670 20441
0.097 0.670 20453
0.097 0.670 20465
0.097 0.670 20477
0.097 0.670 20489
0.097 0.670 20501
0.097 0.670 20513
0.097 0.670 20525
0.097 0.670 20537
0.097 0.670 20549
0.097 0.670 20561
0.097 0.670 20573
0.097 0.670 20585
0.097 0.670 20597
0.097 0.670 20609
0.097 0.670 20621
0.097 0.670 20633
0.097 0.670 20645
0.097 0.670 20657
0.097 0.670 20669
0.095 1.137 20681
0.095 1.137 20693
0.095 1.137 20705
0.095 1.137 20717
0.095 1.137 20729
0.095 1.137 20741
0.095 1.137 20753
0.095 1.137 20765
0.095 1.137 20777
0.095 1.137 20789
0.095 1.137 20801
0.095 1.137 20813
0.095 1.137 20825
0.095 1.137 20837
0.095 1.137 20849
0.095 1.137 20861
0.095 1.137 20873
0.095 1.137 20885
0.095 1.137 20897
0.095 1.137 20909
0.095 1.137 20921
0.095 1.137 20933
0.095 1.137 20945
0.095 1.137 20957
0.095 1.137 20969
0.095 1.137 20981
0.095 1.137 20993
0.095 1.137 21005
0.095 1.137 21017
0.094 1.557 21029
0.094 1.557 21041
0.094 1.557 21053
0.094 1.557 21065
0.094 1.557 21077
0.094 1.557 21089
0.094 1.557 21101
0.094 1.557 21113
0.094 1.557 21125
0.094 1.557 21137
0.094 1.557 21149
0.094 1.557 21161
0.094 1.557 21173
0.094 1.557 21185
0.094 1.557 21197
0.094 1.557 21209
0.094 1.557 21221
0.094 1.557 21233
0.094 1.557 21245
0.094 1.557 21257
0.094 1.557 21269
0.094 1.557 21281
0.094 1.557 21293
0.094 1.557 21305
0.094 1.557 21317
0.094 1.557 21329
0.094 1.557 21341
0.094 1.557 21353
0.094 1.557 21365
0.089 1.965 21377
0.089 1.965 21389
0.089 1.965 21401
0.089 1.965 21413
0.089 1.965 21425
0.089 1.965 21437
0.089 1.965 21449
0.089 1.965 21461
0.089 1.965 21473
0.089 1.965 21485
0.089 1.965 21497
0.089 1.965 21509
0.089 1.965 21521
0.089 1.965 21533
0.089 1.965 21545
0.089 1.965 21557
0.089 1.965 21569
0.089 1.965 21581
0.089 1.965 21593
0.089 1.965 21605
0.089 1.965 21617
0.089 1.965 21629
0.089 1.965 21641
0.089 1.965 21653
0.089 1.965 21665
0.089 1.965 21677
0.089 1.965 21689
0.089 1.965 21701
0.086 2.350 21713
0.086 2.350 21725
0.086 2.350 21737
0.086 2.350 21749
0.086 2.350 21761
0.086 2.350 21773
0.086 2.350 21785
0.086 2.350 21797
0.086 2.350 21809
0.086 2.350 21821
0.086 2.350 21833
0.086 2.350 21845
0.086 2.350 21857
0.086 2.350 21869
0.086 2.350 21881
0.086 2.350 21893
0.086 2.350 21905
0.086 2.350 21917
0.086 2.350 21929
0.086 2.350 21941
0.086 2.350 21953
0.086 2.350 21965
0.086 2.350 21977
0.086 2.350 21989
0.086 2.350 22001
0.086 2.350 22013
0.086 2.350 22025
0.086 2.350 22037
0.086 2.350 22049
0.082 2.700 22061
0.082 2.700 22073
0.082 2.700 22085
0.082 2.700 22097
0.082 2.700 22109
0.082 2.700 22121
0.082 2.700 22133
0.082 2.700 22145
0.082 2.700 22157
0.082 2.700 22169
0.082 2.700 22181
0.082 2.700 22193
0.082 2.700 22205
0.082 2.700 22217
0.082 2.700 22229
0.082 2.700 22241
0.082 2.700 22253
0.082 2.700 22265
0.082 2.700 22277
0.082 2.700 22289
0.082 2.700 22301
0.082 2.700 22313
0.082 2.700 22325
0.082 2.700 22337
0.082 2.700 22349
0.082 2.700 22361
0.082 2.700 22373
0.082 2.700 22385
0.082 2.700 22397
0.077 3.027 22409
0.077 3.027 22421
0.077 3.027 22433
0.077 3.027 22445
0.077 3.027 22457
0.077 3.027 22469
0.077 3.027 22481
0.077 3.027 22493
0.077 3.027 22505
0.077 3.027 22517
0.077 3.027 22529
0.077 3.027 22541
0.077 3.027 22553
0.077 3.027 22565
0.077 3.027 22577
0.077 3.027 22589
0.077 3.027 22601
0.077 3.027 22613
0.077 3.027 22625
0.077 3.027 22637
0.077 3.027 22649
0.077 3.027 22661
0.077 3.027 22673
0.077 3.027 22685
0.077 3.027 22697
0.077 3.027 22709
0.077 3.027 22721
0.077 3.027 22733
0.077 3.027 22745
0.073 3.319 22757
0.073 3.319 22769
0.073 3.319 22781
0.073 3.319 22793
0.073 3.319 22805
0.073 3.319 22817
0.073 3.319 22829
0.073 3.319 22841
0.073 3.319 22853
0.073 3.319 22865
0.073 3.319 22877
0.073 3.319 22889
0.073 3.319 22901
0.073 3.319 22913
0.073 3.319 22925
0.073 3.319 22937
0.073 3.319 22949
0.073 3.319 22961
0.073 3.319 22973
0.073 3.319 22985
0.073 3.319 22997
0.073 3.319 23009
0.073 3.319 23021
0.073 3.319 23033
0.073 3.319 23045
0.073 3.319 23057
0.073 3.319 23069
0.073 3.319 23081
0.072 3.616 23093
0.072 3.616 23105
0.072 3.616 23117
0.072 3.616 23129
0.072 3.616 23141
0.072 3.616 23153
0.072 3.616 23165
0.072 3.616 23177
0.072 3.616 23189
0.072 3.616 23201
0.072 3.616 23213
0.072 3.616 23225
0.072 3.616 23237
0.072 3.616 23249
0.072 3.616 23261
0.072 3.616 23273
0.072 3.616 23285
0.072 3.616 23297
0.072 3.616 23309
0.072 3.616 23321
0.072 3.616 23333
0.072 3.616 23345
0.072 3.616 23357
0.072 3.616 23369
0.072 3.616 23381
0.072 3.616 23393
0.072 3.616 23405
0.072 3.616 23417
0.072 3.616 23429
0.066 3.890 23441
0.066 3.890 23453
0.066 3.890 23465
0.066 3.890 23477
0.066 3.890 23489
0.066 3.890 23501
0.066 3.890 23513
0.066 3.890 23525
0.066 3.890 23537
0.066 3.890 23549
0.066 3.890 23561
0.066 3.890 23573
0.066 3.890 23585
0.066 3.890 23597
0.066 3.890 23609
0.066 3.890 23621
0.066 3.890 23633
0.066 3.890 23645
0.066 3.890 23657
0.066 3.890 23669
0.066 3.890 23681
0.066 3.890 23693
0.066 3.890 23705
0.066 3.890 23717
0.066 3.890 23729
0.066 3.890 23741
0.066 3.890 23753
0.066 3.890 23765
0.066 3.890 23777
0.063 4.135 23789
0.063 4.135 23802
0.063 4.135 23814
0.063 4.135 23826
0.063 4.135 23838
0.063 4.135 23850
0.063 4.135 23862
0.063 4.135 23874
0.063 4.135 23886
0.063 4.135 23898
0.063 4.135 23910
0.063 4.135 23922
0.063 4.135 23934
0.063 4.135 23946
0.063 4.135 23958
0.063 4.135 23970
0.063 4.135 23982
0.063 4.135 23994
0.063 4.135 24006
0.063 4.135 24018
0.063 4.135 24030
0.063 4.135 24042
0.063 4.135 24054
0.063 4.135 24066
0.063 4.135 24078
0.063 4.135 24090
0.063 4.135 24102
0.063 4.135 24114
-0.078 3.564 24126
-0.078 3.564 24138
-0.078 3.564 24150
-0.078 3.564 24162
-0.078 3.564 24174
-0.078 3.564 24186
-0.078 3.564 24198
-0.078 3.564 24210
-0.078 3.564 24222
-0.078 3.564 24234
-0.078 3.564 24246
-0.078 3.564 24258
-0.078 3.564 24270
-0.078 3.564 24282
-0.078 3.564 24294
-0.078 3.564 24306
-0.078 3.564 24318
-0.078 3.564 24330
-0.078 3.564 24342
-0.078 3.564 24354
-0.078 3.564 24366
-0.078 3.564 24378
-0.078 3.564 24390
-0.078 3.564 24402
-0.078 3.564 24414
-0.078 3.564 24426
-0.078 3.564 24438
-0.078 3.564 24450
-0.078 3.564 24462
-0.082 3.237 24474
-0.082 3.237 24486
-0.082 3.237 24498
-0.082 3.237 24510
-0.082 3.237 24522
-0.082 3.237 24534
-0.082 3.237 24546
-0.082 3.237 24558
-0.082 3.237 24570
-0.082 3.237 24582
-0.082 3.237 24594
-0.082 3.237 24606
-0.082 3.237 24618
-0.082 3.237 24630
-0.082 3.237 24642
-0.082 3.237 24654
-0.082 3.237 24666
-0.082 3.237 24678
-0.082 3.237 24690
-0.082 3.237 24702
-0.082 3.237 24714
-0.082 3.237 24726
-0.082 3.237 24738
-0.082 3.237 24750
-0.082 3.237 24762
-0.082 3.237 24774
-0.082 3.237 24786
-0.082 3.237 24798
-0.082 3.237 24810
-0.083 2.922 24822
-0.083 2.922 24834
-0.083 2.922 24846
-0.083 2.922 24858
-0.083 2.922 24870
-0.083 2.922 24882
-0.083 2.922 24894
-0.083 2.922 24906
-0.083 2.922 24918
-0.083 2.922 24930
-0.083 2.922 24942
-0.083 2.922 24954
-0.083 2.922 24966
-0.083 2.922 24978
-0.083 2.922 24990
-0.083 2.922 25002
-0.083 2.922 25014
-0.083 2.922 25026
-0.083 2.922 25038
-0.083 2.922 25050
-0.083 2.922 25062
-0.083 2.922 25074
-0.083 2.922 25086
-0.083 2.922 25098
-0.083 2.922 25110
-0.083 2.922 25122
-0.083 2.922 25134
-0.083 2.922 25146
-0.083 2.922 25158
-0.085 2.584 25170
-0.085 2.584 25182
-0.085 2.584 25194
-0.085 2.584 25206
-0.085 2.584 25218
-0.085 2.584 25230
-0.085 2.584 25242
-0.085 2.584 25254
-0.085 2.584 25266
-0.085 2.584 25278
-0.085 2.584 25290
-0.085 2.584 25302
-0.085 2.584 25314
-0.085 2.584 25326
-0.085 2.584 25338
-0.085 2.584 25350
-0.085 2.584 25362
-0.085 2.584 25374
-0.085 2.584 25386
-0.085 2.584 25398
-0.085 2.584 25410
-0.085 2.584 25422
-0.085 2.584 25434
-0.085 2.584 25446
-0.085 2.584 25458
-0.085 2.584 25470
-0.085 2.584 25482
-0.085 2.584 25494
-0.083 2.280 25506
-0.083 2.280 25518
-0.083 2.280 25530
-0.083 2.280 25542
-0.083 2.280 25554
-0.083 2.280 25566
-0.083 2.280 25578
-0.083 2.280 25590
-0.083 2.280 25602
-0.083 2.280 25614
-0.083 2.280 25626
-0.083 2.280 25638
-0.083 2.280 25650
-0.083 2.280 25662
-0.083 2.280 25674
-0.083 2.280 25686
-0.083 2.280 25698
-0.083 2.280 25710
-0.083 2.280 25722
-0.083 2.280 25734
-0.083 2.280 25746
-0.083 2.280 25758
-0.083 2.280 25770
-0.083 2.280 25782
-0.083 2.280 25794
-0.083 2.280 25806
-0.083 2.280 25818
-0.083 2.280 25830
-0.083 2.280 25842
-0.082 1.954 25854
-0.082 1.954 25866
-0.082 1.954 25878
-0.082 1.954 25890
-0.082 1.954 25902
-0.082 1.954 25914
-0.082 1.954 25926
-0.082 1.954 25938
-0.082 1.954 25950
-0.082 1.954 25962
-0.082 1.954 25974
-0.082 1.954 25986
-0.082 1.954 25998
-0.082 1.954 26010
-0.082 1.954 26022
-0.082 1.954 26034
-0.082 1.954 26046
-0.082 1.954 26058
-0.082 1.954 26070
-0.082 1.954 26082
-0.082 1.954 26094
-0.082 1.954 26106
-0.082 1.954 26118
-0.082 1.954 26130
-0.082 1.954 26142
-0.082 1.954 26154
-0.082 1.954 26166
-0.082 1.954 26178
-0.082 1.954 26190
-0.082 1.627 26202
-0.082 1.627 26214
-0.082 1.627 26226
-0.082 1.627 26238
-0.082 1.627 26250
-0.082 1.627 26262
-0.082 1.627 26274
-0.082 1.627 26286
-0.082 1.627 26298
-0.082 1.627 26310
-0.082 1.627 26322
-0.082 1.627 26334
-0.082 1.627 26346
-0.082 1.627 26358
-0.082 1.627 26370
-0.082 1.627 26382
-0.082 1.627 26394
-0.082 1.627 26406
-0.082 1.627 26418
-0.082 1.627 26430
-0.082 1.627 26442
-0.082 1.627 26454
-0.082 1.627 26466
-0.082 1.627 26478
-0.082 1.627 26490
-0.082 1.627 26502
-0.082 1.627 26514
-0.082 1.627 26526
-0.083 1.277 26538
-0.083 1.277 26550
-0.083 1.277 26562
-0.083 1.277 26574
-0.083 1.277 26586
-0.083 1.277 26598
-0.083 1.277 26610
-0.083 1.277 26622
-0.083 1.277 26634
-0.083 1.277 26646
-0.083 1.277 26658
-0.083 1.277 26670
-0.083 1.277 26682
-0.083 1.277 26694
-0.083 1.277 26706
-0.083 1.277 26718
-0.083 1.277 26730
-0.083 1.277 26742
-0.083 1.277 26754
-0.083 1.277 26766
-0.083 1.277 26778
-0.083 1.277 26790
-0.083 1.277 26802
-0.083 1.277 26814
-0.083 1.277 26826
-0.083 1.277 26838
-0.083 1.277 26850
-0.083 1.277 26862
-0.083 1.277 26874
-0.083 0.950 26886
-0.083 0.950 26898
-0.083 0.950 26910
-0.083 0.950 26922
-0.083 0.950 26934
-0.083 0.950 26946
-0.083 0.950 26958
-0.083 0.950 26970
-0.083 0.950 26982
-0.083 0.950 26994
-0.083 0.950 27006
-0.083 0.950 27018
-0.083 0.950 27030
-0.083 0.950 27042
-0.083 0.950 27054
-0.083 0.950 27066
-0.083 0.950 27078
-0.083 0.950 27090
-0.083 0.950 27102
-0.083 0.950 27114
-0.083 0.950 27126
-0.083 0.950 27138
-0.083 0.950 27150
-0.083 0.950 27162
-0.083 0.950 27174
-0.083 0.950 27186
-0.083 0.950 27198
-0.083 0.950 27210
-0.083 0.950 27222
-0.082 0.612 27234
-0.082 0.612 27246
-0.082 0.612 27258
-0.082 0.612 27270
-0.082 0.612 27282
-0.082 0.612 27294
-0.082 0.612 27306
-0.082 0.612 27318
-0.082 0.612 27330
-0.082 0.612 27342
-0.082 0.612 27354
-0.082 0.612 27366
-0.082 0.612 27378
-0.082 0.612 27390
-0.082 0.612 27402
-0.082 0.612 27414
-0.082 0.612 27426
-0.082 0.612 27438
-0.082 0.612 27450
-0.082 0.612 27462
-0.082 0.612 27474
-0.082 0.612 27486
-0.082 0.612 27498
-0.082 0.612 27510
-0.082 0.612 27522
-0.082 0.612 27534
-0.082 0.612 27546
-0.082 0.612 27558
-0.082 0.612 27570
-0.082 0.274 27582
-0.082 0.274 27594
-0.082 0.274 27606
-0.082 0.274 27618
-0.082 0.274 27630
-0.082 0.274 27642
-0.082 0.274 27654
-0.082 0.274 27666
-0.082 0.274 27678
-0.082 0.274 27690
-0.082 0.274 27702
-0.082 0.274 27714
-0.082 0.274 27726
-0.082 0.274 27738
-0.082 0.274 27750
-0.082 0.274 27762
-0.082 0.274 27774
-0.082 0.274 27786
-0.082 0.274 27798
-0.082 0.274 27810
-0.082 0.274 27822
-0.082 0.274 27834
-0.082 0.274 27846
-0.082 0.274 27858
-0.082 0.274 27870
-0.082 0.274 27882
-0.082 0.274 27894
-0.082 0.274 27906
-0.081 -0.065 27919
-0.081 -0.065 27931
-0.081 -0.065 27943
-0.081 -0.065 27955
-0.081 -0.065 27967
-0.081 -0.065 27979
-0.081 -0.065 27991
-0.081 -0.065 28003
-0.081 -0.065 28015
-0.081 -0.065 28027
-0.081 -0.065 28039
-0.081 -0.065 28051
-0.081 -0.065 28063
-0.081 -0.065 28075
-0.081 -0.065 28087
-0.081 -0.065 28099
-0.081 -0.065 28111
-0.081 -0.065 28123
-0.081 -0.065 28135
-0.081 -0.065 28147
-0.081 -0.065 28159
-0.081 -0.065 28171
-0.081 -0.065 28183
-0.081 -0.065 28195
-0.081 -0.065 28207
-0.081 -0.065 28219
-0.081 -0.065 28231
-0.081 -0.065 28243
-0.081 -0.065 28255
0.098 0.755 28267
0.098 0.755 28279
0.098 0.755 28291
0.098 0.755 28303
0.098 0.755 28315
0.098 0.755 28327
0.098 0.755 28339
0.098 0.755 28351
0.098 0.755 28363
0.098 0.755 28375
0.098 0.755 28387
0.098 0.755 28399
0.098 0.755 28411
0.098 0.755 28423
0.098 0.755 28435
0.098 0.755 28447
0.098 0.755 28459
0.098 0.755 28471
0.098 0.755 28483
0.098 0.755 28495
0.098 0.755 28507
0.098 0.755 28519
0.098 0.755 28531
0.098 0.755 28543
0.098 0.755 28555
0.098 0.755 28567
0.098 0.755 28579
0.098 0.755 28591
0.098 0.755 28603
0.096 1.222 28615
0.096 1.222 28627
0.096 1.222 28639
0.096 1.222 28651
0.096 1.222 28663
0.096 1.222 28675
0.096 1.222 28687
0.096 1.222 28699
0.096 1.222 28711
0.096 1.222 28723
0.096 1.222 28735
0.096 1.222 28747
0.096 1.222 28759
0.096 1.222 28771
0.096 1.222 28783
0.096 1.222 28795
0.096 1.222 28807
0.096 1.222 28819
0.096 1.222 28831
0.096 1.222 28843
0.096 1.222 28855
0.096 1.222 28867
0.096 1.222 28879
0.096 1.222 28891
0.096 1.222 28903
0.096 1.222 28915
0.096 1.222 28927
0.096 1.222 28939
0.092 1.653 28951
0.092 1.653 28963
0.092 1.653 28975
0.092 1.653 28987
0.092 1.653 28999
0.092 1.653 29011
0.092 1.653 29023
0.092 1.653 29035
0.092 1.653 29047
0.092 1.653 29059
0.092 1.653 29071
0.092 1.653 29083
0.092 1.653 29095
0.092 1.653 29107
0.092 1.653 29119
0.092 1.653 29131
0.092 1.653 29143
0.092 1.653 29155
0.092 1.653 29167
0.092 1.653 29179
0.092 1.653 29191
0.092 1.653 29203
0.092 1.653 29215
0.092 1.653 29227
0.092 1.653 29239
0.092 1.653 29251
0.092 1.653 29263
0.092 1.653 29275
0.092 1.653 29287
0.089 2.059 29299
0.089 2.059 29311
0.089 2.059 29323
0.089 2.059 29335
0.089 2.059 29347
0.089 2.059 29359
0.089 2.059 29371
0.089 2.059 29383
0.089 2.059 29395
0.089 2.059 29407
0.089 2.059 29419
0.089 2.059 29431
0.089 2.059 29443
0.089 2.059 29455
0.089 2.059 29467
0.089 2.059 29479
0.089 2.059 29491
0.089 2.059 29503
0.089 2.059 29515
0.089 2.059 29527
0.089 2.059 29539
0.089 2.059 29551
0.089 2.059 29563
0.089 2.059 29575
0.089 2.059 29587
0.089 2.059 29599
0.089 2.059 29611
0.089 2.059 29623
0.089 2.059 29635
0.082 2.426 29647
0.082 2.426 29659
0.082 2.426 29671
0.082 2.426 29683
0.082 2.426 29695
0.082 2.426 29707
0.082 2.426 29719
0.082 2.426 29731
0.082 2.426 29743
0.082 2.426 29755
0.082 2.426 29767
0.082 2.426 29779
0.082 2.426 29791
0.082 2.426 29803
0.082 2.426 29815
0.082 2.426 29827
0.082 2.426 29839
0.082 2.426 29851
0.082 2.426 29863
0.082 2.426 29875
0.082 2.426 29887
0.082 2.426 29899
0.082 2.426 29911
0.082 2.426 29923
0.082 2.426 29935
0.082 2.426 29947
0.082 2.426 29959
0.082 2.426 29971
0.082 2.426 29983
0.078 2.770 29995
0.078 2.770 30007
0.078 2.770 30019
0.078 2.770 30031
0.078 2.770 30043
0.078 2.770 30055
0.078 2.770 30067
0.078 2.770 30079
0.078 2.770 30091
0.078 2.770 30103
0.078 2.770 30115
0.078 2.770 30127
0.078 2.770 30139
0.078 2.770 30151
0.078 2.770 30163
0.078 2.770 30175
0.078 2.770 30187
0.078 2.770 30199
0.078 2.770 30211
0.078 2.770 30223
0.078 2.770 30235
0.078 2.770 30247
0.078 2.770 30259
0.078 2.770 30271
0.078 2.770 30283
0.078 2.770 30295
0.078 2.770 30307
0.078 2.770 30319
0.076 3.097 30331
0.076 3.097 30343
0.076 3.097 30355
0.076 3.097 30367
0.076 3.097 30379
0.076 3.097 30391
0.076 3.097 30403
0.076 3.097 30415
0.076 3.097 30427
0.076 3.097 30439
0.076 3.097 30451
0.076 3.097 30463
0.076 3.097 30475
0.076 3.097 30487
0.076 3.097 30499
0.076 3.097 30511
0.076 3.097 30523
0.076 3.097 30535
0.076 3.097 30547
0.076 3.097 30559
0.076 3.097 30571
0.076 3.097 30583
0.076 3.097 30595
0.076 3.097 30607
0.076 3.097 30619
0.076 3.097 30631
0.076 3.097 30643
0.076 3.097 30655
0.076 3.097 30667
0.072 3.400 30679
0.072 3.400 30691
0.072 3.400 30703
0.072 3.400 30715
0.072 3.400 30727
0.072 3.400 30739
0.072 3.400 30751
0.072 3.400 30763
0.072 3.400 30775
0.072 3.400 30787
0.072 3.400 30799
0.072 3.400 30811
0.072 3.400 30823
0.072 3.400 30835
0.072 3.400 30847
0.072 3.400 30859
0.072 3.400 30871
0.072 3.400 30883
0.072 3.400 30895
0.072 3.400 30907
0.072 3.400 30919
0.072 3.400 30931
0.072 3.400 30943
0.072 3.400 30955
0.072 3.400 30967
0.072 3.400 30979
0.072 3.400 30991
0.072 3.400 31003
0.072 3.400 31015
0.068 3.680 31027
0.068 3.680 31039
0.068 3.680 31051
0.068 3.680 31063
0.068 3.680 31075
0.068 3.680 31087
0.068 3.680 31099
0.068 3.680 31111
0.068 3.680 31123
0.068 3.680 31135
0.068 3.680 31147
0.068 3.680 31159
0.068 3.680 31171
0.068 3.680 31183
0.068 3.680 31195
0.068 3.680 31207
0.068 3.680 31219
0.068 3.680 31231
0.068 3.680 31243
0.068 3.680 31255
0.068 3.680 31267
0.068 3.680 31279
0.068 3.680 31291
0.068 3.680 31303
0.068 3.680 31315
0.068 3.680 31327
0.068 3.680 31339
0.068 3.680 31351
0.065 3.949 31363
0.065 3.949 31376
0.065 3.949 31388
0.065 3.949 31400
0.065 3.949 31412
0.065 3.949 31424
0.065 3.949 31436
0.065 3.949 31448
0.065 3.949 31460
0.065 3.949 31472
0.065 3.949 31484
0.065 3.949 31496
0.065 3.949 31508
0.065 3.949 31520
0.065 3.949 31532
0.065 3.949 31544
0.065 3.949 31556
0.065 3.949 31568
0.065 3.949 31580
0.065 3.949 31592
0.065 3.949 31604
0.065 3.949 31616
0.065 3.949 31628
0.065 3.949 31640
0.065 3.949 31652
0.065 3.949 31664
0.065 3.949 31676
0.065 3.949 31688
0.065 3.949 31700
-0.081 3.330 31712
-0.081 3.330 31724
-0.081 3.330 31736
-0.081 3.330 31748
-0.081 3.330 31760
-0.081 3.330 31772
-0.081 3.330 31784
-0.081 3.330 31796
-0.081 3.330 31808
-0.081 3.330 31820
-0.081 3.330 31832
-0.081 3.330 31844
-0.081 3.330 31856
-0.081 3.330 31868
-0.081 3.330 31880
-0.081 3.330 31892
-0.081 3.330 31904
-0.081 3.330 31916
-0.081 3.330 31928
-0.081 3.330 31940
-0.081 3.330 31952
-0.081 3.330 31964
-0.081 3.330 31976
-0.081 3.330 31988
-0.081 3.330 32000
-0.081 3.330 32012
-0.081 3.330 32024
-0.081 3.330 32036
-0.081 3.330 32048
-0.083 3.027 32060
-0.083 3.027 32072
-0.083 3.027 32084
-0.083 3.027 32096
-0.083 3.027 32108
-0.083 3.027 32120
-0.083 3.027 32132
-0.083 3.027 32144
-0.083 3.027 32156
-0.083 3.027 32168
-0.083 3.027 32180
-0.083 3.027 32192
-0.083 3.027 32204
-0.083 3.027 32216
-0.083 3.027 32228
-0.083 3.027 32240
-0.083 3.027 32252
-0.083 3.027 32264
-0.083 3.027 32276
-0.083 3.027 32288
-0.083 3.027 32300
-0.083 3.027 32312
-0.083 3.027 32324
-0.083 3.027 32336
-0.083 3.027 32348
-0.083 3.027 32360
-0.083 3.027 32372
-0.083 3.027 32384
-0.083 3.027 32396
-0.082 2.700 32408
-0.082 2.700 32420
-0.082 2.700 32432
-0.082 2.700 32444
-0.082 2.700 32456
-0.082 2.700 32468
-0.082 2.700 32480
-0.082 2.700 32492
-0.082 2.700 32504
-0.082 2.700 32516
-0.082 2.700 32528
-0.082 2.700 32540
-0.082 2.700 32552
-0.082 2.700 32564
-0.082 2.700 32576
-0.082 2.700 32588
-0.082 2.700 32600
-0.082 2.700 32612
-0.082 2.700 32624
-0.082 2.700 32636
-0.082 2.700 32648
-0.082 2.700 32660
-0.082 2.700 32672
-0.082 2.700 32684
-0.082 2.700 32696
-0.082 2.700 32708
-0.082 2.700 32720
-0.082 2.700 32732
-0.082 2.374 32744
-0.082 2.374 32756
-0.082 2.374 32768
-0.082 2.374 32780
-0.082 2.374 32792
-0.082 2.374 32804
-0.082 2.374 32816
-0.082 2.374 32828
-0.082 2.374 32840
-0.082 2.374 32852
-0.082 2.374 32864
-0.082 2.374 32876
-0.082 2.374 32888
-0.082 2.374 32900
-0.082 2.374 32912
-0.082 2.374 32924
-0.082 2.374 32936
-0.082 2.374 32948
-0.082 2.374 32960
-0.082 2.374 32972
-0.082 2.374 32984
-0.082 2.374 32996
-0.082 2.374 33008
-0.082 2.374 33020
-0.082 2.374 33032
-0.082 2.374 33044
-0.082 2.374 33056
-0.082 2.374 33068
-0.082 2.374 33080
-0.083 2.047 33092
-0.083 2.047 33104
-0.083 2.047 33116
-0.083 2.047 33128
-0.083 2.047 33140
-0.083 2.047 33152
-0.083 2.047 33164
-0.083 2.047 33176
-0.083 2.047 33188
-0.083 2.047 33200
-0.083 2.047 33212
-0.083 2.047 33224
-0.083 2.047 33236
-0.083 2.047 33248
-0.083 2.047 33260
-0.083 2.047 33272
-0.083 2.047 33284
-0.083 2.047 33296
-0.083 2.047 33308
-0.083 2.047 33320
-0.083 2.047 33332
-0.083 2.047 33344
-0.083 2.047 33356
-0.083 2.047 33368
-0.083 2.047 33380
-0.083 2.047 33392
-0.083 2.047 33404
-0.083 2.047 33416
-0.083 2.047 33428
-0.083 1.720 33440
-0.083 1.720 33452
-0.083 1.720 33464
-0.083 1.720 33476
-0.083 1.720 33488
-0.083 1.720 33500
-0.083 1.720 33512
-0.083 1.720 33524
-0.083 1.720 33536
-0.083 1.720 33548
-0.083 1.720 33560
-0.083 1.720 33572
-0.083 1.720 33584
-0.083 1.720 33596
-0.083 1.720 33608
-0.083 1.720 33620
-0.083 1.720 33632
-0.083 1.720 33644
-0.083 1.720 33656
-0.083 1.720 33668
-0.083 1.720 33680
-0.083 1.720 33692
-0.083 1.720 33704
-0.083 1.720 33716
-0.083 1.720 33728
-0.083 1.720 33740
-0.083 1.720 33752
-0.083 1.720 33764
-0.082 1.394 33776
-0.082 1.394 33788
-0.082 1.394 33800
-0.082 1.394 33812
-0.082 1.394 33824
-0.082 1.394 33836
-0.082 1.394 33848
-0.082 1.394 33860
-0.082 1.394 33872
-0.082 1.394 33884
-0.082 1.394 33896
-0.082 1.394 33908
-0.082 1.394 33920
-0.082 1.394 33932
-0.082 1.394 33944
-0.082 1.394 33956
-0.082 1.394 33968
-0.082 1.394 33980
-0.082 1.394 33992
-0.082 1.394 34004
-0.082 1.394 34016
-0.082 1.394 34028
-0.082 1.394 34040
-0.082 1.394 34052
-0.082 1.394 34064
-0.082 1.394 34076
-0.082 1.394 34088
-0.082 1.394 34100
-0.082 1.394 34112
-0.082 1.044 34124
-0.082 1.044 34136
-0.082 1.044 34148
-0.082 1.044 34160
-0.082 1.044 34172
-0.082 1.044 34184
-0.082 1.044 34196
-0.082 1.044 34208
-0.082 1.044 34220
-0.082 1.044 34232
-0.082 1.044 34244
-0.082 1.044 34256
-0.082 1.044 34268
-0.082 1.044 34280
-0.082 1.044 34292
-0.082 1.044 34304
-0.082 1.044 34316
-0.082 1.044 34328
-0.082 1.044 34340
-0.082 1.044 34352
-0.082 1.044 34364
-0.082 1.044 34376
-0.082 1.044 34388
-0.082 1.044 34400
-0.082 1.044 34412
-0.082 1.044 34424
-0.082 1.044 34436
-0.082 1.044 34448
-0.082 1.044 34460
-0.083 0.699 34472
-0.083 0.699 34484
-0.083 0.699 34496
-0.083 0.699 34508
-0.083 0.699 34520
-0.083 0.699 34532
-0.083 0.699 34544
-0.083 0.699 34556
-0.083 0.699 34568
-0.083 0.699 34580
-0.083 0.699 34592
-0.083 0.699 34604
-0.083 0.699 34616
-0.083 0.699 34628
-0.083 0.699 34640
-0.083 0.699 34652
-0.083 0.699 34664
-0.083 0.699 34676
-0.083 0.699 34688
-0.083 0.699 34700
-0.083 0.699 34712
-0.083 0.699 34724
-0.083 0.699 34736
-0.083 0.699 34748
-0.083 0.699 34760
-0.083 0.699 34772
-0.083 0.699 34784
-0.083 0.699 34796
-0.083 0.699 34808
-0.085 0.370 34820
-0.085 0.370 34832
-0.085 0.370 34844
-0.085 0.370 34856
-0.085 0.370 34868
-0.085 0.370 34880
-0.085 0.370 34892
-0.085 0.370 34904
-0.085 0.370 34916
-0.085 0.370 34928
-0.085 0.370 34940
-0.085 0.370 34952
-0.085 0.370 34964
-0.085 0.370 34976
-0.085 0.370 34988
-0.085 0.370 35000
-0.085 0.370 35012
-0.085 0.370 35024
-0.085 0.370 35036
-0.085 0.370 35048
-0.085 0.370 35060
-0.085 0.370 35072
-0.085 0.370 35084
-0.085 0.370 35096
-0.085 0.370 35108
-0.085 0.370 35120
-0.085 0.370 35132
-0.085 0.370 35144
-0.081 0.040 35156
-0.081 0.040 35168
-0.081 0.040 35180
-0.081 0.040 35192
-0.081 0.040 35204
-0.081 0.040 35216
-0.081 0.040 35228
-0.081 0.040 35240
-0.081 0.040 35252
-0.081 0.040 35264
-0.081 0.040 35276
-0.081 0.040 35288
-0.081 0.040 35300
-0.081 0.040 35312
-0.081 0.040 35324
-0.081 0.040 35336
-0.081 0.040 35348
-0.081 0.040 35360
-0.081 0.040 35372
-0.081 0.040 35384
-0.081 0.040 35396
-0.081 0.040 35408
-0.081 0.040 35420
-0.081 0.040 35432
-0.081 0.040 35444
-0.081 0.040 35456
-0.081 0.040 35468
-0.081 0.040 35480
-0.081 0.040 35492
-0.081 -0.286 35505
-0.081 -0.286 35517
-0.081 -0.286 35529
-0.081 -0.286 35541
-0.081 -0.286 35553
-0.081 -0.286 35565
-0.081 -0.286 35577
-0.081 -0.286 35589
-0.081 -0.286 35601
-0.081 -0.286 35613
-0.081 -0.286 35625
-0.081 -0.286 35637
-0.081 -0.286 35649
-0.081 -0.286 35661
-0.081 -0.286 35673
-0.081 -0.286 35685
-0.081 -0.286 35697
-0.081 -0.286 35709
-0.081 -0.286 35721
-0.081 -0.286 35733
-0.081 -0.286 35745
-0.081 -0.286 35757
-0.081 -0.286 35769
-0.081 -0.286 35781
-0.081 -0.286 35793
-0.081 -0.286 35805
-0.081 -0.286 35817
-0.081 -0.286 35829
-0.081 -0.286 35841
0.099 0.519 35853
0.099 0.519 35865
0.099 0.519 35877
0.099 0.519 35889
0.099 0.519 35901
0.099 0.519 35913
0.099 0.519 35925
0.099 0.519 35937
0.099 0.519 35949
0.099 0.519 35961
0.099 0.519 35973
0.099 0.519 35985
0.099 0.519 35997
0.099 0.519 36009
0.099 0.519 36021
0.099 0.519 36033
0.099 0.519 36045
0.099 0.519 36057
0.099 0.519 36069
0.099 0.519 36081
0.099 0.519 36093
0.099 0.519 36105
0.099 0.519 36117
0.099 0.519 36129
0.099 0.519 36141
0.099 0.519 36153
0.099 0.519 36165
0.099 0.519 36177
0.097 0.997 36189
0.097 0.997 36201
0.097 0.997 36213
0.097 0.997 36225
0.097 0.997 36237
0.097 0.997 36249
0.097 0.997 36261
0.097 0.997 36273
0.097 0.997 36285
0.097 0.997 36297
0.097 0.997 36309
0.097 0.997 36321
0.097 0.997 36333
0.097 0.997 36345
0.097 0.997 36357
0.097 0.997 36369
0.097 0.997 36381
0.097 0.997 36393
0.097 0.997 36405
0.097 0.997 36417
0.097 0.997 36429
0.097 0.997 36441
0.097 0.997 36453
0.097 0.997 36465
0.097 0.997 36477
0.097 0.997 36489
0.097 0.997 36501
0.097 0.997 36513
0.097 0.997 36525
0.093 1.440 36537
0.093 1.440 36549
0.093 1.440 36561
0.093 1.440 36573
0.093 1.440 36585
0.093 1.440 36597
0.093 1.440 36609
0.093 1.440 36621
0.093 1.440 36633
0.093 1.440 36645
0.093 1.440 36657
0.093 1.440 36669
0.093 1.440 36681
0.093 1.440 36693
0.093 1.440 36705
0.093 1.440 36717
0.093 1.440 36729
0.093 1.440 36741
0.093 1.440 36753
0.093 1.440 36765
0.093 1.440 36777
0.093 1.440 36789
0.093 1.440 36801
0.093 1.440 36813
0.093 1.440 36825
0.093 1.440 36837
0.093 1.440 36849
0.093 1.440 36861
0.093 1.440 36873
0.087 1.837 36885
0.087 1.837 36897
0.087 1.837 36909
0.087 1.837 36921
0.087 1.837 36933
0.087 1.837 36945
0.087 1.837 36957
0.087 1.837 36969
0.087 1.837 36981
0.087 1.837 36993
0.087 1.837 37005
0.087 1.837 37017
0.087 1.837 37029
0.087 1.837 37041
0.087 1.837 37053
0.087 1.837 37065
0.087 1.837 37077
0.087 1.837 37089
0.087 1.837 37101
0.087 1.837 37113
0.087 1.837 37125
0.087 1.837 37137
0.087 1.837 37149
0.087 1.837 37161
0.087 1.837 37173
0.087 1.837 37185
0.087 1.837 37197
0.087 1.837 37209
0.087 1.837 37221
0.086 2.216 37233
0.086 2.216 37245
0.086 2.216 37257
0.086 2.216 37269
0.086 2.216 37281
0.086 2.216 37293
0.086 2.216 37305
0.086 2.216 37317
0.086 2.216 37329
0.086 2.216 37341
0.086 2.216 37353
0.086 2.216 37365
0.086 2.216 37377
0.086 2.216 37389
0.086 2.216 37401
0.086 2.216 37413
0.086 2.216 37425
0.086 2.216 37437
0.086 2.216 37449
0.086 2.216 37461
0.086 2.216 37473
0.086 2.216 37485
0.086 2.216 37497
0.086 2.216 37509
0.086 2.216 37521
0.086 2.216 37533
0.086 2.216 37545
0.086 2.216 37557
0.080 2.566 37569
0.080 2.566 37581
0.080 2.566 37593
0.080 2.566 37605
0.080 2.566 37617
0.080 2.566 37629
0.080 2.566 37641
0.080 2.566 37653
0.080 2.566 37665
0.080 2.566 37677
0.080 2.566 37689
0.080 2.566 37701
0.080 2.566 37713
0.080 2.566 37725
0.080 2.566 37737
0.080 2.566 37749
0.080 2.566 37761
0.080 2.566 37773
0.080 2.566 37785
0.080 2.566 37797
0.080 2.566 37809
0.080 2.566 37821
0.080 2.566 37833
0.080 2.566 37845
0.080 2.566 37857
0.080 2.566 37869
0.080 2.566 37881
0.080 2.566 37893
0.080 2.566 37905
0.076 2.887 37917
0.076 2.887 37929
0.076 2.887 37941
0.076 2.887 37953
0.076 2.887 37965
0.076 2.887 37977
0.076 2.887 37989
0.076 2.887 38001
0.076 2.887 38013
0.076 2.887 38025
0.076 2.887 38037
0.076 2.887 38049
0.076 2.887 38061
0.076 2.887 38073
0.076 2.887 38085
0.076 2.887 38097
0.076 2.887 38109
0.076 2.887 38121
0.076 2.887 38133
0.076 2.887 38145
0.076 2.887 38157
0.076 2.887 38169
0.076 2.887 38181
0.076 2.887 38193
0.076 2.887 38205
0.076 2.887 38217
0.076 2.887 38229
0.076 2.887 38241
0.076 2.887 38253
0.074 3.214 38265
0.074 3.214 38277
0.074 3.214 38289
0.074 3.214 38301
0.074 3.214 38313
0.074 3.214 38325
0.074 3.214 38337
0.074 3.214 38349
0.074 3.214 38361
0.074 3.214 38373
0.074 3.214 38385
0.074 3.214 38397
0.074 3.214 38409
0.074 3.214 38421
0.074 3.214 38433
0.074 3.214 38445
0.074 3.214 38457
0.074 3.214 38469
0.074 3.214 38481
0.074 3.214 38493
0.074 3.214 38505
0.074 3.214 38517
0.074 3.214 38529
0.074 3.214 38541
0.074 3.214 38553
0.074 3.214 38565
0.074 3.214 38577
0.074 3.214 38589
0.068 3.494 38601
0.068 3.494 38613
0.068 3.494 38625
0.068 3.494 38637
0.068 3.494 38649
0.068 3.494 38661
0.068 3.494 38673
0.068 3.494 38685
0.068 3.494 38697
0.068 3.494 38709
0.068 3.494 38721
0.068 3.494 38733
0.068 3.494 38745
0.068 3.494 38757
0.068 3.494 38769
0.068 3.494 38781
0.068 3.494 38793
0.068 3.494 38805
0.068 3.494 38817
0.068 3.494 38829
0.068 3.494 38841
0.068 3.494 38853
0.068 3.494 38865
0.068 3.494 38877
0.068 3.494 38889
0.068 3.494 38901
0.068 3.494 38913
0.068 3.494 38925
0.068 3.494 38937
0.065 3.774 38949
0.065 3.774 38961
0.065 3.774 38973
0.065 3.774 38985
0.065 3.774 38997
0.065 3.774 39009
0.065 3.774 39021
0.065 3.774 39033
0.065 3.774 39045
0.065 3.774 39057
0.065 3.774 39069
0.065 3.774 39081
0.065 3.774 39093
0.065 3.774 39105
0.065 3.774 39117
0.065 3.774 39129
0.065 3.774 39141
0.065 3.774 39153
0.065 3.774 39165
0.065 3.774 39177
0.065 3.774 39189
0.065 3.774 39201
0.065 3.774 39213
0.065 3.774 39225
0.065 3.774 39237
0.065 3.774 39249
0.065 3.774 39261
0.065 3.774 39273
0.065 3.774 39285
0.061 4.007 39297
-0.002 3.867 40299
  
-0.002 3.867 41301
-0.002 3.855 42303
-0.002 3.844 43305
-0.002 3.832 44307
-0.002 3.832 45309
-0.002 3.820 46311
  
-0.002 3.820 47313
-0.002 3.820 48315
-0.002 3.820 49317
-0.002 3.820 50319
-0.002 3.820 51321
  
-0.002 3.809 52323
-0.002 3.800 53325
  
-0.002 3.820 54327
-0.003 3.800 55329
  
-0.002 3.820 56331
-0.002 3.809 57333
-0.002 3.797 58335
-0.002 3.803 59337
-0.002 3.797 60339
-0.002 3.797 61341
-0.002 3.797 62343
  
-0.002 3.800 63345
-0.002 3.797 64347
-0.003 3.797 65349
-0.002 3.797 66351
-0.002 3.797 67353
-0.002 3.797 68355
-0.002 3.788 69357
-0.002 3.797 70359
-0.002 3.797 71361
  
-0.002 3.797 72363
-0.002 3.797 73365
-0.002 3.797 74367
  
-0.002 3.797 75369
-0.002 3.797 76371
  
-0.002 3.797 77373
-0.002 3.785 78375
0.001 3.785 79377
-0.002 3.797 80379
-0.002 3.785 81381
-0.002 3.797 82383
  
-0.002 3.797 83385
-0.002 3.785 84387
-0.002 3.797 85389
-0.002 3.779 86391
-0.002 3.779 87393
-0.002 3.797 88395
-0.001 3.776 89397
-0.002 3.774 90399
  
-0.002 3.774 91401
-0.002 3.774 92403
-0.002 3.779 93405
-0.002 3.779 94407
  
-0.001 3.774 95409
-0.002 3.774 96411
  
-0.002 3.774 97413
-0.003 3.774 98415
-0.002 3.774 99417
-0.002 3.774 100419
  
-0.002 3.779 101421
-0.002 3.774 102423
-0.002 3.774 103425
-0.002 3.774 104427
-0.002 3.774 105429
-0.003 3.774 106431
-0.002 3.774 107433
  
-0.002 3.774 108435
-0.002 3.774 109437
-0.002 3.774 110439
-0.002 3.774 111441
-0.002 3.774 112443
-0.003 3.774 113445
-0.002 3.774 114447
-0.002 3.774 115449
-0.002 3.774 116451
-0.002 3.774 117453
-0.002 3.774 118455
-0.002 3.774 119457
-0.002 3.774 120459
-0.002 3.759 121461
-0.002 3.774 122463
-0.003 3.774 123465
-0.002 3.774 124467
-0.002 3.774 125469
-0.002 3.774 126471
-0.002 3.774 127473
-0.002 3.774 128475
-0.002 3.774 129477
-0.002 3.774 130479
-0.002 3.774 131481
  
-0.001 3.759 132483
-0.002 3.774 133485
-0.002 3.774 134487
  
-0.002 3.774 135489
-0.002 3.774 136491
-0.002 3.774 137493
-0.002 3.774 138495
-0.002 3.774 139497
  
-0.002 3.774 140499
-0.002 3.774 141501
-0.002 3.774 142503
-0.002 3.774 143505
-0.002 3.774 144507
-0.002 3.762 145509
  
-0.002 3.762 146511
-0.002 3.774 147513
-0.002 3.762 148515
-0.002 3.762 149517
-0.002 3.774 150519
-0.003 3.753 151521
-0.002 3.774 152523
-0.002 3.774 153525
-0.002 3.762 154527
-0.002 3.774 155529
-0.002 3.774 156531
-0.002 3.774 157533
-0.002 3.774 158535
-0.002 3.774 159537
-0.002 3.762 160539
-0.002 3.762 161541
  
-0.002 3.762 162543
-0.002 3.753 163545
-0.003 3.753 164547
-0.002 3.762 165549
  
-0.002 3.762 166551
-0.002 3.762 167553
  
-0.002 3.774 168555
-0.002 3.762 169557
-0.002 3.762 170559
-0.002 3.753 171561
-0.002 3.762 172563
-0.002 3.762 173565
-0.002 3.762 174567
-0.002 3.762 175569
-0.002 3.762 176571
-0.002 3.762 177573
  
-0.002 3.762 178575
-0.002 3.762 179577
-0.002 3.762 180579
-0.002 3.762 181581
-0.002 3.750 182583
-0.002 3.762 183585
-0.003 3.750 184587
-0.002 3.762 185589
-0.002 3.762 186591
-0.002 3.762 187593
-0.002 3.762 188595
-0.002 3.762 189597
  
-0.001 3.750 190599
  
-0.002 3.762 191601
-0.002 3.750 192603
-0.002 3.762 193605
-0.002 3.762 194607
-0.002 3.762 195609
-0.002 3.762 196611
-0.002 3.762 197613
0.001 3.774 198615
-0.002 3.750 199617
-0.002 3.762 200619
-0.003 3.750 201621
-0.002 3.750 202623
  
-0.002 3.762 203625
-0.002 3.750 204627
-0.002 3.750 205629
-0.002 3.750 206631
-0.002 3.750 207633
-0.002 3.750 208635
-0.002 3.750 209637
-0.002 3.750 210639
-0.003 3.750 211641
-0.002 3.750 212643
-0.002 3.750 213645
-0.002 3.750 214647
  
-0.002 3.750 215649
-0.002 3.750 216651
  
-0.002 3.750 217653
-0.002 3.750 218655
  
-0.002 3.762 219657
-0.002 3.750 220659
  
-0.002 3.750 221661
-0.002 3.750 222663
-0.002 3.750 223665
-0.002 3.741 224667
-0.003 3.750 225669
-0.003 3.739 226671
-0.002 3.750 227673
-0.002 3.750 228675
  
-0.002 3.750 229677
  
-0.002 3.750 230679
-0.002 3.750 231681
-0.002 3.750 232683
  
-0.002 3.750 233685
-0.002 3.750 234687
-0.002 3.750 235689
-0.002 3.750 236691
-0.002 3.750 237693
-0.002 3.750 238695
-0.002 3.750 239697
-0.002 3.750 240699
  
-0.002 3.750 241701
-0.002 3.739 242703
  
-0.002 3.750 243705
-0.002 3.750 244707
-0.002 3.750 245709
-0.002 3.750 246711
-0.002 3.750 247713
-0.002 3.750 248715
-0.002 3.750 249717
-0.003 3.739 250719
-0.002 3.750 251721
-0.002 3.750 252723
  
-0.002 3.750 253725
-0.003 3.730 254727
  
-0.002 3.750 255729
-0.002 3.750 256731
-0.002 3.739 257733
-0.002 3.750 258735
-0.002 3.739 259737
-0.002 3.750 260739
-0.002 3.750 261741
-0.002 3.750 262743
-0.002 3.750 263745
  
-0.002 3.750 264747
-0.000 3.750 265749
  
-0.002 3.739 266751
-0.002 3.739 267753
  
-0.002 3.750 268755
-0.002 3.750 269757
  
-0.002 3.750 270759
-0.002 3.750 271761
-0.002 3.750 272763
-0.002 3.750 273765
-0.002 3.730 274767
-0.002 3.750 275769
-0.002 3.739 276771
-0.002 3.750 277773
-0.002 3.739 278775
-0.002 3.750 279777
-0.003 3.739 280779
-0.002 3.739 281781
  
-0.002 3.733 282783
-0.002 3.750 283785
-0.002 3.733 284787
-0.003 3.730 285789
-0.002 3.733 286791
-0.002 3.727 287793
-0.002 3.750 288795
-0.002 3.750 289797
-0.002 3.733 290799
  
-0.002 3.733 291801
  
-0.002 3.739 292803
-0.004 3.727 293805
  
-0.002 3.739 294807
-0.003 3.730 295809
-0.002 3.733 296811
-0.002 3.733 297813
-0.002 3.727 298815
  
-0.002 3.750 299817
-0.002 3.730 300819
  
-0.002 3.727 301821
-0.002 3.727 302823
-0.002 3.733 303825
  
-0.002 3.727 304827
-0.002 3.727 305829
-0.002 3.727 306831
-0.002 3.727 307833
-0.002 3.727 308835
-0.002 3.727 309837
-0.002 3.727 310839
-0.002 3.727 311841
-0.001 3.730 312843
-0.002 3.727 313845
-0.002 3.727 314847
-0.002 3.733 315849
-0.002 3.727 316851
  
-0.002 3.712 317853
-0.002 3.733 318855
-0.002 3.727 319857
  
-0.002 3.727 320859
-0.000 3.750 321861
-0.002 3.733 322863
-0.002 3.727 323865
-0.002 3.727 324867
-0.002 3.727 325869
-0.002 3.727 326871
  
-0.002 3.727 327873
-0.003 3.712 328875
-0.002 3.727 329877
-0.002 3.727 330879
-0.003 3.712 331881
  
-0.002 3.727 332883
-0.002 3.727 333885
-0.002 3.727 334887
  
-0.002 3.727 335889
-0.002 3.727 336891
  
-0.002 3.727 337893
-0.002 3.727 338895
-0.002 3.727 339897
-0.003 3.712 340899
  
-0.002 3.727 341901
-0.002 3.727 342903
  
-0.002 3.727 343905
-0.002 3.727 344907
-0.000 3.739 345909
-0.002 3.727 346911
  
-0.002 3.727 347913
-0.003 3.712 348915
-0.002 3.727 349917
-0.002 3.727 350919
-0.002 3.727 351921
-0.002 3.727 352923
-0.002 3.727 353925
-0.001 3.727 354927
-0.002 3.727 355929
-0.002 3.727 356931
-0.002 3.727 357933
-0.002 3.727 358935
-0.002 3.727 359937
-0.002 3.712 360939
-0.002 3.727 361941
-0.002 3.727 362943
-0.002 3.727 363945
-0.002 3.727 364947
-0.002 3.727 365949
  
-0.002 3.727 366951
-0.002 3.727 367953
  
-0.002 3.727 368955
-0.002 3.727 369957
-0.002 3.727 370959
  
-0.003 3.712 371961
-0.002 3.727 372963
-0.002 3.727 373965
-0.003 3.712 374967
-0.002 3.727 375969
-0.002 3.727 376971
-0.002 3.727 377973
-0.002 3.727 378975
-0.002 3.727 379977
-0.002 3.727 380979
-0.002 3.727 381981
-0.002 3.727 382983
-0.003 3.712 383985
-0.002 3.727 384987
  
-0.002 3.727 385989
-0.002 3.727 386991
-0.002 3.727 387993
-0.002 3.712 388995
-0.002 3.727 389997
  
-0.002 3.727 390999
-0.003 3.712 392001
-0.002 3.727 393003
-0.002 3.727 394005
-0.002 3.727 395007
-0.002 3.727 396009
-0.002 3.706 397011
-0.003 3.712 398013
-0.002 3.727 399015
-0.002 3.727 400017
-0.002 3.727 401019
  
-0.002 3.727 402021
-0.002 3.727 403023
-0.002 3.712 404025
-0.002 3.727 405027
-0.002 3.727 406029
-0.000 3.727 407031
-0.002 3.709 408033
  
-0.002 3.727 409035
-0.002 3.727 410037
  
-0.002 3.727 411039
-0.002 3.727 412041
-0.004 3.709 413043
-0.002 3.727 414045
-0.002 3.727 415047
-0.002 3.727 416049
-0.002 3.727 417051
-0.002 3.727 418053
-0.002 3.727 419055
-0.002 3.727 420057
-0.002 3.727 421059
-0.002 3.727 422061
-0.002 3.727 423063
  
-0.002 3.727 424065
-0.002 3.727 425067
-0.002 3.727 426069
  
-0.001 3.712 427071
-0.002 3.727 428073
-0.002 3.727 429075
-0.002 3.727 430077
-0.002 3.727 431079
-0.002 3.727 432081
-0.002 3.712 433083
0.001 3.712 434085
-0.002 3.727 435087
-0.002 3.709 436089
  
-0.002 3.709 437091
-0.002 3.727 438093
  
-0.002 3.727 439095
-0.002 3.712 440097
-0.002 3.709 441099
-0.002 3.727 442101
-0.003 3.706 443103
-0.002 3.727 444105
  
-0.002 3.727 445107
-0.002 3.709 446109
-0.002 3.727 447111
-0.002 3.727 448113
-0.002 3.706 449115
-0.002 3.709 450117
-0.002 3.709 451119
  
-0.002 3.709 452121
-0.002 3.709 453123
-0.002 3.709 454125
  
-0.002 3.709 455127
-0.002 3.709 456129
-0.002 3.704 457131
  
-0.002 3.706 458133
-0.002 3.709 459135
-0.003 3.706 460137
-0.002 3.704 461139
-0.002 3.704 462141
-0.002 3.709 463143
-0.000 3.727 464145
-0.002 3.706 465147
  
-0.002 3.704 466149
-0.002 3.704 467151
-0.003 3.706 468153
-0.002 3.709 469155
-0.002 3.709 470157
  
-0.002 3.709 471159
-0.002 3.727 472161
-0.002 3.709 473163
-0.002 3.709 474165
-0.002 3.704 475167
-0.002 3.704 476169
  
-0.002 3.709 477171
-0.002 3.709 478173
-0.002 3.704 479175
-0.002 3.704 480177
  
-0.002 3.709 481179
-0.002 3.709 482181
-0.002 3.709 483183
-0.002 3.704 484185
-0.002 3.709 485187
-0.003 3.704 486189
  
-0.002 3.704 487191
-0.002 3.704 488193
-0.002 3.704 489195
-0.002 3.704 490197
  
-0.002 3.704 491199
-0.002 3.709 492201
-0.002 3.709 493203
  
-0.002 3.709 494205
-0.002 3.704 495207
-0.003 3.704 496209
-0.002 3.704 497211
  
-0.002 3.704 498213
-0.002 3.704 499215
-0.002 3.704 500217
-0.002 3.709 501219
-0.002 3.704 502221
-0.002 3.709 503223
-0.002 3.709 504225
-0.002 3.704 505227
-0.002 3.704 506229
  
-0.002 3.709 507231
  
-0.002 3.704 508233
-0.002 3.704 509235
  
-0.002 3.704 510237
-0.003 3.706 511239
-0.002 3.704 512241
-0.002 3.704 513243
-0.002 3.704 514245
-0.002 3.704 515247
-0.002 3.704 516249
-0.002 3.704 517251
-0.002 3.704 518253
-0.002 3.704 519255
-0.003 3.692 520257
-0.002 3.704 521259
-0.002 3.704 522261
  
-0.002 3.704 523263
-0.002 3.704 524265
-0.002 3.704 525267
-0.002 3.704 526269
-0.002 3.704 527271
-0.002 3.704 528273
-0.002 3.704 529275
  
-0.002 3.704 530277
-0.002 3.704 531279
  
-0.002 3.704 532281
-0.002 3.704 533283
-0.002 3.704 534285
-0.002 3.704 535287
  
-0.002 3.704 536289
-0.003 3.704 537291
-0.002 3.704 538293
  
-0.002 3.704 539295
  
-0.002 3.704 540297
-0.002 3.704 541299
-0.002 3.709 542301
-0.002 3.704 543303
  
-0.002 3.704 544305
-0.002 3.704 545307
-0.002 3.704 546309
-0.002 3.704 547311
-0.002 3.704 548313
-0.002 3.704 549315
  
-0.002 3.704 550317
-0.002 3.704 551319
-0.002 3.704 552321
-0.002 3.704 553323
-0.003 3.704 554325
-0.002 3.704 555327
  
-0.002 3.704 556329
-0.002 3.704 557331
-0.002 3.704 558333
  
-0.002 3.704 559335
  
-0.002 3.704 560337
-0.002 3.695 561339
  
-0.003 3.704 562341
  
-0.001 3.704 563343
-0.002 3.704 564345
-0.002 3.704 565347
-0.002 3.704 566349
-0.002 3.704 567351
-0.002 3.704 568353
-0.002 3.704 569355
-0.002 3.704 570357
-0.001 3.704 571359
-0.002 3.704 572361
  
-0.002 3.704 573363
-0.002 3.704 574365
-0.002 3.704 575367
-0.002 3.704 576369
  
-0.002 3.704 577371
-0.002 3.704 578373
-0.002 3.704 579375
-0.002 3.704 580377
-0.002 3.704 581379
  
-0.002 3.704 582381
-0.002 3.704 583383
-0.002 3.704 584385
-0.002 3.704 585387
-0.002 3.704 586389
-0.003 3.704 587391
  
-0.002 3.692 588393
-0.003 3.704 589395
-0.002 3.704 590397
-0.002 3.704 591399
-0.002 3.704 592401
-0.002 3.704 593403
-0.002 3.704 594405
-0.002 3.695 595407
-0.002 3.704 596409
-0.002 3.704 597411
-0.002 3.704 598413
-0.003 3.704 599415
  
-0.002 3.704 600417
-0.002 3.704 601419
-0.002 3.704 602421
-0.002 3.704 603423
  
-0.002 3.704 604425
-0.002 3.704 605427
-0.002 3.704 606429
-0.002 3.704 607431
-0.002 3.704 608433
-0.002 3.704 609435
-0.002 3.704 610437
-0.002 3.704 611439
-0.002 3.704 612441
-0.003 3.692 613443
0.001 3.704 614445
  
-0.002 3.704 615447
-0.002 3.704 616449
-0.002 3.704 617451
-0.002 3.704 618453
-0.002 3.704 619455
-0.004 3.686 620457
-0.002 3.704 621459
  
-0.002 3.692 622461
-0.002 3.704 623463
-0.002 3.704 624465
-0.002 3.704 625467
-0.002 3.704 626469
-0.002 3.704 627471
-0.002 3.704 628473
  
-0.002 3.692 629475
-0.002 3.704 630477
-0.001 3.692 631479
-0.003 3.692 632481
-0.002 3.704 633483
-0.002 3.704 634485
-0.002 3.704 635487
-0.002 3.704 636489
-0.002 3.692 637491
-0.002 3.704 638493
-0.002 3.704 639495
-0.002 3.704 640497
-0.002 3.704 641499
  
-0.003 3.692 642501
-0.002 3.704 643503
-0.002 3.704 644505
-0.002 3.704 645507
-0.002 3.704 646509
-0.001 3.695 647511
-0.002 3.704 648513
  
-0.002 3.704 649515
-0.002 3.704 650517
-0.002 3.704 651519
-0.002 3.704 652521
  
-0.003 3.680 653523
-0.002 3.704 654525
  
-0.002 3.692 655527
-0.002 3.704 656529
-0.002 3.704 657531
  
-0.002 3.704 658533
-0.002 3.704 659535
-0.002 3.704 660537
-0.002 3.704 661539
-0.002 3.704 662541
-0.002 3.704 663543
-0.002 3.704 664545
  
-0.002 3.704 665547
-0.002 3.692 666549
-0.002 3.704 667551
  
-0.002 3.704 668553
-0.002 3.704 669555
-0.002 3.704 670557
-0.002 3.704 671559
-0.002 3.704 672561
  
-0.002 3.692 673563
-0.002 3.704 674565
-0.002 3.686 675567
-0.002 3.704 676569
-0.002 3.704 677571
-0.002 3.686 678573
  
-0.002 3.704 679575
-0.003 3.692 680577
-0.002 3.692 681579
-0.002 3.686 682581
-0.002 3.704 683583
-0.002 3.704 684585
-0.002 3.704 685587
-0.002 3.686 686589
-0.002 3.704 687591
-0.002 3.686 688593
-0.002 3.704 689595
-0.002 3.704 690597
-0.002 3.704 691599
  
-0.002 3.704 692601
-0.002 3.704 693603
  
-0.002 3.692 694605
-0.002 3.686 695607
-0.002 3.686 696609
-0.002 3.704 697611
-0.002 3.704 698613
-0.002 3.704 699615
-0.002 3.686 700617
-0.003 3.680 701619
-0.002 3.686 702621
-0.002 3.692 703623
-0.002 3.686 704625
-0.002 3.680 705627
-0.002 3.704 706629
-0.002 3.683 707631
  
-0.002 3.704 708633
-0.002 3.680 709635
-0.002 3.692 710637
-0.002 3.680 711639
  
-0.002 3.686 712641
-0.002 3.686 713643
-0.002 3.704 714645
-0.002 3.680 715647
-0.002 3.692 716649
-0.002 3.686 717651
  
-0.003 3.680 718653
  
-0.002 3.686 719655
-0.002 3.686 720657
-0.002 3.686 721659
  
-0.002 3.686 722661
-0.002 3.683 723663
-0.003 3.683 724665
-0.002 3.680 725667
-0.002 3.680 726669
-0.002 3.680 727671
-0.003 3.680 728673
-0.002 3.686 729675
-0.002 3.686 730677
  
-0.002 3.686 731679
-0.002 3.704 732681
-0.002 3.680 733683
-0.002 3.686 734685
-0.001 3.683 735687
-0.002 3.680 736689
-0.001 3.692 737691
-0.002 3.680 738693
-0.002 3.680 739695
-0.002 3.686 740697
-0.002 3.686 741699
  
-0.002 3.686 742701
-0.002 3.692 743703
  
-0.002 3.680 744705
-0.002 3.680 745707
-0.002 3.680 746709
-0.002 3.680 747711
-0.002 3.686 748713
  
-0.002 3.680 749715
-0.002 3.680 750717
-0.002 3.686 751719
0.001 3.692 752721
  
-0.002 3.680 753723
-0.002 3.680 754725
-0.002 3.680 755727
-0.002 3.680 756729
-0.002 3.680 757731
-0.002 3.686 758733
-0.002 3.692 759735
-0.002 3.680 760737
-0.003 3.680 761739
  
-0.002 3.680 762741
-0.002 3.680 763743
-0.002 3.680 764745
  
-0.002 3.686 765747
-0.002 3.680 766749
  
-0.002 3.680 767751
-0.002 3.680 768753
-0.002 3.680 769755
-0.002 3.680 770757
-0.003 3.680 771759
-0.002 3.680 772761
-0.002 3.680 773763
-0.002 3.680 774765
-0.002 3.680 775767
-0.002 3.671 776769
-0.002 3.680 777771
  
-0.002 3.680 778773
  
-0.003 3.680 779775
-0.002 3.680 780777
-0.002 3.680 781779
-0.002 3.680 782781
  
-0.002 3.680 783783
-0.002 3.680 784785
  
-0.002 3.680 785787
0.001 3.680 786789
  
-0.003 3.680 787791
-0.002 3.680 788793
  
-0.002 3.680 789795
-0.002 3.680 790797
-0.002 3.680 791799
-0.002 3.680 792801
-0.002 3.680 793803
  
-0.002 3.680 794805
-0.002 3.680 795807
-0.003 3.680 796809
-0.002 3.680 797811
-0.002 3.680 798813
-0.002 3.680 799815
-0.002 3.680 800817
  
-0.002 3.680 801819
-0.002 3.680 802821
0.001 3.680 803823
  
-0.003 3.680 804825
-0.002 3.680 805827
  
-0.002 3.680 806829
-0.002 3.680 807831
-0.002 3.680 808833
-0.002 3.680 809835
  
-0.002 3.680 810837
-0.002 3.680 811839
  
-0.003 3.680 812841
-0.002 3.680 813843
-0.002 3.680 814845
-0.002 3.680 815847
  
-0.002 3.680 816849
-0.002 3.680 817851
-0.002 3.680 818853
  
-0.002 3.680 819855
-0.002 3.680 820857
-0.002 3.680 821859
-0.002 3.680 822861
-0.002 3.680 823863
-0.002 3.680 824865
  
-0.002 3.680 825867
-0.002 3.680 826869
-0.002 3.680 827871
-0.002 3.680 828873
  
-0.001 3.680 829875
  
-0.002 3.680 830877
-0.002 3.680 831879
-0.002 3.680 832881
-0.002 3.680 833883
-0.000 3.680 834885
-0.002 3.680 835887
  
-0.002 3.680 836889
-0.002 3.680 837891
-0.002 3.680 838893
  
-0.002 3.680 839895
-0.003 3.680 840897
-0.002 3.680 841899
-0.002 3.680 842901
-0.002 3.680 843903
-0.002 3.680 844905
-0.002 3.680 845907
-0.002 3.680 846909
-0.002 3.680 847911
  
-0.002 3.680 848913
-0.002 3.680 849915
-0.002 3.680 850917
-0.002 3.680 851919
  
-0.002 3.680 852921
-0.002 3.680 853923
-0.001 3.669 854925
-0.003 3.666 855927
-0.002 3.680 856929
-0.002 3.680 857931
-0.002 3.680 858933
-0.002 3.680 859935
-0.002 3.680 860937
-0.002 3.680 861939
-0.002 3.680 862941
-0.002 3.669 863943
0.001 3.680 864945
-0.003 3.680 865947
  
-0.002 3.680 866949
-0.002 3.680 867951
-0.002 3.680 868953
-0.002 3.680 869955
  
-0.002 3.680 870957
-0.002 3.680 871959
0.001 3.671 872961
  
-0.002 3.680 873963
-0.002 3.680 874965
-0.002 3.680 875967
  
-0.002 3.680 876969
-0.001 3.671 877971
-0.002 3.680 878973
-0.002 3.680 879975
-0.002 3.680 880977
-0.002 3.680 881979
-0.002 3.680 882981
  
-0.003 3.680 883983
-0.002 3.680 884985
-0.002 3.680 885987
-0.002 3.680 886989
  
-0.002 3.680 887991
-0.002 3.680 888993
-0.002 3.680 889995
-0.002 3.680 890997
-0.002 3.680 891999
-0.000 3.680 893001
  
-0.002 3.680 894003
-0.002 3.680 895005
-0.002 3.666 896007
  
-0.002 3.666 897009
-0.001 3.666 898011
-0.003 3.666 899013
-0.002 3.680 900015
  
-0.002 3.680 901017
-0.002 3.680 902019
-0.002 3.680 903021
-0.002 3.680 904023
-0.002 3.666 905025
-0.000 3.680 906027
  
-0.002 3.680 907029
-0.002 3.680 908031
-0.002 3.680 909033
-0.002 3.680 910035
-0.002 3.680 911037
-0.002 3.680 912039
-0.002 3.680 913041
-0.002 3.680 914043
-0.002 3.680 915045
0.001 3.666 916047
-0.002 3.680 917049
-0.002 3.680 918051
-0.002 3.680 919053
-0.002 3.680 920055
  
-0.002 3.660 921057
-0.002 3.680 922059
-0.002 3.680 923061
  
-0.003 3.663 924063
-0.002 3.680 925065
-0.002 3.680 926067
-0.003 3.666 927069
  
-0.002 3.680 928071
-0.002 3.680 929073
-0.002 3.680 930075
-0.002 3.680 931077
  
-0.002 3.666 932079
0.001 3.666 933081
-0.002 3.680 934083
-0.002 3.680 935085
  
-0.002 3.680 936087
-0.002 3.680 937089
-0.002 3.680 938091
-0.002 3.680 939093
  
-0.002 3.680 940095
-0.002 3.680 941097
-0.002 3.680 942099
-0.002 3.680 943101
  
-0.003 3.666 944103
-0.002 3.680 945105
-0.002 3.680 946107
-0.002 3.680 947109
  
-0.002 3.680 948111
-0.002 3.680 949113
-0.002 3.669 950115
-0.002 3.680 951117
  
-0.002 3.680 952119
-0.002 3.680 953121
-0.002 3.680 954123
-0.002 3.680 955125
  
-0.002 3.680 956127
-0.002 3.680 957129
-0.002 3.680 958131
0.001 3.666 959133
-0.002 3.669 960135
-0.002 3.680 961137
-0.002 3.680 962139
  
-0.002 3.680 963141
-0.002 3.660 964143
-0.002 3.680 965145
-0.002 3.680 966147
-0.002 3.660 967149
-0.002 3.680 968151
-0.003 3.663 969153
  
-0.002 3.680 970155
-0.002 3.680 971157
-0.002 3.680 972159
  
-0.002 3.680 973161
-0.002 3.680 974163
  
-0.002 3.660 975165
-0.002 3.680 976167
-0.003 3.663 977169
-0.002 3.680 978171
-0.002 3.680 979173
-0.002 3.669 980175
  
-0.002 3.669 981177
-0.002 3.680 982179
-0.002 3.680 983181
-0.002 3.680 984183
-0.003 3.660 985185
-0.002 3.669 986187
  
-0.002 3.669 987189
-0.002 3.680 988191
-0.002 3.680 989193
  
-0.002 3.680 990195
-0.002 3.660 991197
-0.002 3.669 992199
-0.002 3.669 993201
-0.002 3.669 994203
-0.002 3.669 995205
-0.002 3.669 996207
-0.002 3.669 997209
-0.002 3.669 998211
-0.002 3.680 999213
-0.002 3.680 1000215
-0.001 3.657 1001218
-0.003 3.660 1002221
  
-0.002 3.669 1003224
-0.002 3.669 1004227
-0.002 3.669 1005230
-0.002 3.680 1006233
-0.002 3.680 1007236
-0.002 3.680 1008239
  
-0.002 3.669 1009242
-0.002 3.669 1010245
0.001 3.660 1011248
-0.002 3.669 1012250
-0.002 3.669 1013253
-0.002 3.669 1014256
-0.002 3.669 1015259
-0.002 3.669 1016262
-0.002 3.680 1017265
-0.002 3.680 1018268
-0.001 3.657 1019271
-0.003 3.660 1020274
-0.002 3.669 1021277
-0.002 3.669 1022280
  
-0.002 3.669 1023283
-0.002 3.669 1024286
  
-0.002 3.669 1025289
-0.002 3.660 1026292
0.001 3.660 1027295
-0.002 3.669 1028297
-0.002 3.669 1029300
  
-0.002 3.669 1030303
-0.002 3.669 1031306
-0.002 3.669 1032309
-0.002 3.669 1033312
  
-0.002 3.669 1034315
-0.002 3.669 1035318
  
-0.002 3.669 1036321
0.001 3.660 1037324
  
-0.002 3.669 1038326
-0.002 3.669 1039329
  
-0.002 3.669 1040332
-0.002 3.669 1041335
-0.002 3.669 1042338
-0.003 3.657 1043341
  
0.001 3.660 1044344
-0.002 3.669 1045346
-0.002 3.669 1046349
-0.002 3.669 1047352
-0.002 3.669 1048355
-0.002 3.669 1049358
-0.002 3.657 1050361
-0.002 3.669 1051364
-0.002 3.669 1052367
  
-0.002 3.660 1053370
  
-0.001 3.657 1054373
-0.003 3.657 1055376
-0.002 3.669 1056379
-0.002 3.669 1057382
  
-0.002 3.669 1058385
  
-0.002 3.669 1059388
-0.002 3.669 1060391
-0.002 3.669 1061394
  
0.001 3.660 1062397
-0.002 3.669 1063399
-0.002 3.669 1064402
-0.002 3.669 1065405
-0.002 3.669 1066408
  
-0.002 3.669 1067411
-0.002 3.669 1068414
-0.002 3.669 1069417
-0.002 3.669 1070420
-0.002 3.669 1071423
-0.002 3.669 1072426
-0.002 3.669 1073429
-0.002 3.669 1074432
-0.002 3.669 1075435
  
-0.002 3.669 1076438
-0.002 3.669 1077441
-0.002 3.669 1078444
-0.002 3.657 1079447
-0.002 3.660 1080450
-0.003 3.657 1081453
-0.002 3.669 1082456
-0.002 3.669 1083459
  
-0.002 3.669 1084462
-0.002 3.657 1085465
  
-0.003 3.657 1086468
-0.002 3.669 1087471
-0.002 3.669 1088474
  
-0.002 3.669 1089477
-0.002 3.657 1090480
-0.002 3.669 1091483
  
-0.002 3.657 1092486
-0.002 3.657 1093489
-0.002 3.657 1094492
-0.002 3.657 1095495
-0.002 3.669 1096498
-0.002 3.657 1097501
-0.002 3.657 1098504
-0.002 3.657 1099507
-0.002 3.669 1100510
  
-0.002 3.669 1101513
-0.002 3.669 1102516
-0.001 3.657 1103519
-0.002 3.669 1104522
  
0.001 3.657 1105525
-0.003 3.657 1106527
-0.002 3.669 1107530
-0.000 3.680 1108533
-0.002 3.657 1109536
  
-0.002 3.657 1110539
-0.002 3.669 1111542
  
-0.002 3.669 1112545
-0.002 3.669 1113548
-0.002 3.657 1114551
-0.002 3.657 1115554
  
-0.002 3.669 1116557
-0.002 3.657 1117560
-0.002 3.657 1118563
  
-0.002 3.657 1119566
-0.002 3.657 1120569
-0.002 3.657 1121572
  
-0.002 3.669 1122575
-0.002 3.657 1123578
-0.002 3.657 1124581
-0.002 3.657 1125584
  
-0.002 3.657 1126587
-0.002 3.657 1127590
-0.002 3.657 1128593
  
-0.002 3.669 1129596
  
-0.002 3.657 1130599
-0.002 3.657 1131602
-0.002 3.669 1132605
-0.002 3.657 1133608
-0.002 3.657 1134611
  
-0.002 3.657 1135614
-0.002 3.657 1136617
-0.002 3.657 1137620
-0.002 3.657 1138623
  
-0.002 3.657 1139626
-0.002 3.669 1140629
-0.002 3.657 1141632
-0.002 3.657 1142635
  
-0.002 3.657 1143638
-0.002 3.657 1144641
-0.002 3.669 1145644
-0.000 3.680 1146647
-0.002 3.657 1147650
-0.002 3.657 1148653
-0.002 3.657 1149656
-0.002 3.657 1150659
  
-0.002 3.657 1151662
-0.002 3.657 1152665
  
-0.002 3.657 1153668
-0.002 3.657 1154671
-0.002 3.657 1155674
-0.002 3.657 1156677
  
-0.001 3.657 1157680
-0.002 3.657 1158683
-0.002 3.660 1159686
-0.002 3.657 1160689
-0.002 3.657 1161692
-0.002 3.657 1162695
-0.002 3.657 1163698
-0.003 3.657 1164701
-0.002 3.657 1165704
-0.002 3.657 1166707
-0.002 3.657 1167710
-0.002 3.657 1168713
  
-0.002 3.657 1169716
