  
  
0.000 0.000 57
0.000 0.000 62
0.000 0.000 67
0.000 0.000 72
0.000 0.000 77
0.000 0.000 82
0.000 0.000 87
0.000 0.000 92
0.000 0.000 97
0.057 3.120 102
0.057 3.120 107
0.057 3.120 112
0.057 3.120 117
0.057 3.120 122
0.057 3.120 127
0.057 3.120 132
0.057 3.120 137
0.057 3.120 142
0.057 3.120 147
0.057 3.120 152
0.057 3.120 157
0.057 3.120 162
0.057 3.120 167
0.057 3.120 172
0.057 3.120 177
0.057 3.120 182
0.057 3.120 187
0.057 3.120 192
0.057 3.120 197
0.013 3.047 202
0.013 3.047 207
0.013 3.047 212
0.013 3.047 217
0.013 3.047 222
0.013 3.047 227
0.013 3.047 232
0.013 3.047 237
0.013 3.047 242
0.013 3.047 247
0.013 3.047 252
0.013 3.047 257
0.013 3.047 262
0.013 3.047 267
0.013 3.047 272
0.013 3.047 277
0.013 3.047 282
0.013 3.047 287
0.013 3.047 292
0.013 3.047 297
0.188 2.966 302
0.188 2.966 307
0.188 2.966 312
0.188 2.966 317
0.188 2.966 322
0.188 2.966 327
0.188 2.966 332
0.188 2.966 337
0.188 2.966 342
0.188 2.966 347
0.188 2.966 352
0.188 2.966 357
0.188 2.966 362
0.188 2.966 367
0.188 2.966 372
0.188 2.966 377
0.188 2.966 382
0.188 2.966 387
0.188 2.966 392
0.188 2.966 397
0.318 3.712 402
0.318 3.712 407
0.318 3.712 412
0.318 3.712 417
0.318 3.712 422
0.318 3.712 427
0.318 3.712 432
0.318 3.712 437
0.318 3.712 442
0.318 3.712 447
0.318 3.712 452
0.318 3.712 457
0.318 3.712 462
0.318 3.712 467
0.318 3.712 472
0.318 3.712 477
0.318 3.712 482
0.318 3.712 487
0.318 3.712 492
0.318 3.712 497
0.681 2.534 502
0.681 2.534 507
0.681 2.534 512
0.681 2.534 517
0.681 2.534 522
0.681 2.534 527
0.681 2.534 532
0.681 2.534 537
0.681 2.534 542
0.681 2.534 547
0.681 2.534 552
0.681 2.534 557
0.681 2.534 562
0.681 2.534 567
0.681 2.534 572
0.681 2.534 577
0.681 2.534 582
0.681 2.534 587
0.681 2.534 592
0.681 2.534 597
0.717 3.304 602
0.717 3.304 607
0.717 3.304 612
0.717 3.304 617
0.717 3.304 622
0.717 3.304 627
0.717 3.304 632
0.717 3.304 637
0.717 3.304 642
0.717 3.304 647
0.717 3.304 652
0.717 3.304 657
0.717 3.304 662
0.717 3.304 667
0.717 3.304 672
0.717 3.304 677
0.717 3.304 682
0.717 3.304 687
0.717 3.304 692
0.717 3.304 697
0.541 3.094 702
0.541 3.094 707
0.541 3.094 712
0.541 3.094 717
0.541 3.094 722
0.541 3.094 727
0.541 3.094 732
0.541 3.094 737
0.541 3.094 742
0.541 3.094 747
0.541 3.094 752
0.541 3.094 757
0.541 3.094 762
0.541 3.094 767
0.541 3.094 772
0.541 3.094 777
0.541 3.094 782
0.541 3.094 787
0.541 3.094 792
0.541 3.094 797
0.684 3.269 802
0.684 3.269 807
0.684 3.269 812
0.684 3.269 817
0.684 3.269 822
0.684 3.269 827
0.684 3.269 832
0.684 3.269 837
0.684 3.269 842
0.684 3.269 847
0.684 3.269 852
0.684 3.269 857
0.684 3.269 862
0.684 3.269 867
0.684 3.269 872
0.684 3.269 877
0.684 3.269 882
0.684 3.269 887
0.684 3.269 892
0.684 3.269 897
-0.244 3.082 902
-0.244 3.082 907
-0.244 3.082 912
-0.244 3.082 917
-0.244 3.082 922
-0.244 3.082 927
-0.244 3.082 932
-0.244 3.082 937
-0.244 3.082 942
-0.244 3.082 947
-0.244 3.082 952
-0.244 3.082 957
-0.244 3.082 962
-0.244 3.082 967
-0.244 3.082 972
-0.244 3.082 977
-0.244 3.082 982
-0.244 3.082 987
-0.244 3.082 992
-0.244 3.082 997
-0.276 3.001 1002
-0.276 3.001 1007
-0.276 3.001 1012
-0.276 3.001 1017
-0.276 3.001 1022
-0.276 3.001 1027
-0.276 3.001 1032
-0.276 3.001 1037
-0.276 3.001 1042
-0.276 3.001 1047
-0.276 3.001 1052
-0.276 3.001 1057
-0.276 3.001 1062
-0.276 3.001 1067
-0.276 3.001 1072
-0.276 3.001 1077
-0.276 3.001 1082
-0.276 3.001 1087
-0.276 3.001 1092
-0.276 3.001 1097
-0.273 2.934 1102
-0.273 2.934 1107
-0.273 2.934 1112
-0.273 2.934 1117
-0.273 2.934 1122
-0.273 2.934 1127
-0.273 2.934 1132
-0.273 2.934 1137
-0.273 2.934 1142
-0.273 2.934 1147
-0.273 2.934 1152
-0.273 2.934 1157
-0.273 2.934 1162
-0.273 2.934 1167
-0.273 2.934 1172
-0.273 2.934 1177
-0.273 2.934 1182
-0.273 2.934 1187
-0.273 2.934 1192
-0.273 2.934 1197
-0.275 2.861 1202
-0.275 2.861 1207
-0.275 2.861 1212
-0.275 2.861 1217
-0.275 2.861 1222
-0.275 2.861 1227
-0.275 2.861 1232
-0.275 2.861 1237
-0.275 2.861 1242
-0.275 2.861 1247
-0.275 2.861 1252
-0.275 2.861 1257
-0.275 2.861 1262
-0.275 2.861 1267
-0.275 2.861 1272
-0.275 2.861 1277
-0.275 2.861 1282
-0.275 2.861 1287
-0.275 2.861 1292
-0.275 2.861 1297
-0.276 2.802 1302
-0.276 2.802 1307
-0.276 2.802 1312
-0.276 2.802 1317
-0.276 2.802 1322
-0.276 2.802 1327
-0.276 2.802 1332
-0.276 2.802 1337
-0.276 2.802 1342
-0.276 2.802 1347
-0.276 2.802 1352
-0.276 2.802 1357
-0.276 2.802 1362
-0.276 2.802 1367
-0.276 2.802 1372
-0.276 2.802 1377
-0.276 2.802 1382
-0.276 2.802 1387
-0.276 2.802 1392
-0.276 2.802 1397
-0.278 2.732 1402
-0.278 2.732 1407
-0.278 2.732 1412
-0.278 2.732 1417
-0.278 2.732 1422
-0.278 2.732 1427
-0.278 2.732 1432
-0.278 2.732 1437
-0.278 2.732 1442
-0.278 2.732 1447
-0.278 2.732 1452
-0.278 2.732 1457
-0.278 2.732 1462
-0.278 2.732 1467
-0.278 2.732 1472
-0.278 2.732 1477
-0.278 2.732 1482
-0.278 2.732 1487
-0.278 2.732 1492
-0.278 2.732 1497
-0.282 2.662 1502
-0.282 2.662 1507
-0.282 2.662 1512
-0.282 2.662 1517
-0.282 2.662 1522
-0.282 2.662 1527
-0.282 2.662 1532
-0.282 2.662 1537
-0.282 2.662 1542
-0.282 2.662 1547
-0.282 2.662 1552
-0.282 2.662 1557
-0.282 2.662 1562
-0.282 2.662 1567
-0.282 2.662 1572
-0.282 2.662 1577
-0.282 2.662 1582
-0.282 2.662 1587
-0.282 2.662 1592
-0.282 2.662 1597
-0.283 2.604 1602
-0.283 2.604 1607
-0.283 2.604 1612
-0.283 2.604 1617
-0.283 2.604 1622
-0.283 2.604 1627
-0.283 2.604 1632
-0.283 2.604 1637
-0.283 2.604 1642
-0.283 2.604 1647
-0.283 2.604 1652
-0.283 2.604 1657
-0.283 2.604 1662
-0.283 2.604 1667
-0.283 2.604 1672
-0.283 2.604 1677
-0.283 2.604 1682
-0.283 2.604 1687
-0.283 2.604 1692
-0.283 2.604 1697
-0.286 2.546 1702
-0.286 2.546 1707
-0.286 2.546 1712
-0.286 2.546 1717
-0.286 2.546 1722
-0.286 2.546 1727
-0.286 2.546 1732
-0.286 2.546 1737
-0.286 2.546 1742
-0.286 2.546 1747
-0.286 2.546 1752
-0.286 2.546 1757
-0.286 2.546 1762
-0.286 2.546 1767
-0.286 2.546 1772
-0.286 2.546 1777
-0.286 2.546 1782
-0.286 2.546 1787
-0.286 2.546 1792
-0.286 2.546 1797
-0.291 2.476 1802
-0.291 2.476 1807
-0.291 2.476 1812
-0.291 2.476 1817
-0.291 2.476 1822
-0.291 2.476 1827
-0.291 2.476 1832
-0.291 2.476 1837
-0.291 2.476 1842
-0.291 2.476 1847
-0.291 2.476 1852
-0.291 2.476 1857
-0.291 2.476 1862
-0.291 2.476 1867
-0.291 2.476 1872
-0.291 2.476 1877
-0.291 2.476 1882
-0.291 2.476 1887
-0.291 2.476 1892
-0.291 2.476 1897
-0.295 2.406 1902
-0.295 2.406 1907
-0.295 2.406 1912
-0.295 2.406 1917
-0.295 2.406 1922
-0.295 2.406 1927
-0.295 2.406 1932
-0.295 2.406 1937
-0.295 2.406 1942
-0.295 2.406 1947
-0.295 2.406 1952
-0.295 2.406 1957
-0.295 2.406 1962
-0.295 2.406 1967
-0.295 2.406 1972
-0.295 2.406 1977
-0.295 2.406 1982
-0.295 2.406 1987
-0.295 2.406 1992
-0.295 2.406 1997
-0.300 2.336 2002
-0.300 2.336 2007
-0.300 2.336 2012
-0.300 2.336 2017
-0.300 2.336 2022
-0.300 2.336 2027
-0.300 2.336 2032
-0.300 2.336 2037
-0.300 2.336 2042
-0.300 2.336 2047
-0.300 2.336 2052
-0.300 2.336 2057
-0.300 2.336 2062
-0.300 2.336 2067
-0.300 2.336 2072
-0.300 2.336 2077
-0.300 2.336 2082
-0.300 2.336 2087
-0.300 2.336 2092
-0.300 2.336 2097
-0.304 2.289 2102
-0.304 2.289 2107
-0.304 2.289 2112
-0.304 2.289 2117
-0.304 2.289 2122
-0.304 2.289 2127
-0.304 2.289 2132
-0.304 2.289 2137
-0.304 2.289 2142
-0.304 2.289 2147
-0.304 2.289 2152
-0.304 2.289 2157
-0.304 2.289 2162
-0.304 2.289 2167
-0.304 2.289 2172
-0.304 2.289 2177
-0.304 2.289 2182
-0.304 2.289 2187
-0.304 2.289 2192
-0.304 2.289 2197
-0.311 2.207 2202
-0.311 2.207 2207
-0.311 2.207 2212
-0.311 2.207 2217
-0.311 2.207 2222
-0.311 2.207 2227
-0.311 2.207 2232
-0.311 2.207 2237
-0.311 2.207 2242
-0.311 2.207 2247
-0.311 2.207 2252
-0.311 2.207 2257
-0.311 2.207 2262
-0.311 2.207 2267
-0.311 2.207 2272
-0.311 2.207 2277
-0.311 2.207 2282
-0.311 2.207 2287
-0.311 2.207 2292
-0.311 2.207 2297
-0.313 2.161 2302
-0.313 2.161 2307
-0.313 2.161 2312
-0.313 2.161 2317
-0.313 2.161 2322
-0.313 2.161 2327
-0.313 2.161 2332
-0.313 2.161 2337
-0.313 2.161 2342
-0.313 2.161 2347
-0.313 2.161 2352
-0.313 2.161 2357
-0.313 2.161 2362
-0.313 2.161 2367
-0.313 2.161 2372
-0.313 2.161 2377
-0.313 2.161 2382
-0.313 2.161 2387
-0.313 2.161 2392
-0.313 2.161 2397
-0.315 2.102 2402
-0.315 2.102 2407
-0.315 2.102 2412
-0.315 2.102 2417
-0.315 2.102 2422
-0.315 2.102 2427
-0.315 2.102 2432
-0.315 2.102 2437
-0.315 2.102 2442
-0.315 2.102 2447
-0.315 2.102 2452
-0.315 2.102 2457
-0.315 2.102 2462
-0.315 2.102 2467
-0.315 2.102 2472
-0.315 2.102 2477
-0.315 2.102 2482
-0.315 2.102 2487
-0.315 2.102 2492
-0.315 2.102 2497
-0.315 2.038 2502
-0.315 2.038 2507
-0.315 2.038 2512
-0.315 2.038 2517
-0.315 2.038 2522
-0.315 2.038 2527
-0.315 2.038 2532
-0.315 2.038 2537
-0.315 2.038 2542
-0.315 2.038 2547
-0.315 2.038 2552
-0.315 2.038 2557
-0.315 2.038 2562
-0.315 2.038 2567
-0.315 2.038 2572
-0.315 2.038 2577
-0.315 2.038 2582
-0.315 2.038 2587
-0.315 2.038 2592
-0.315 2.038 2597
-0.317 1.962 2602
-0.317 1.962 2607
-0.317 1.962 2612
-0.317 1.962 2617
-0.317 1.962 2622
-0.317 1.962 2627
-0.317 1.962 2632
-0.317 1.962 2637
-0.317 1.962 2642
-0.317 1.962 2647
-0.317 1.962 2652
-0.317 1.962 2657
-0.317 1.962 2662
-0.317 1.962 2667
-0.317 1.962 2672
-0.317 1.962 2677
-0.317 1.962 2682
-0.317 1.962 2687
-0.317 1.962 2692
-0.317 1.962 2697
-0.317 1.904 2702
-0.317 1.904 2707
-0.317 1.904 2712
-0.317 1.904 2717
-0.317 1.904 2722
-0.317 1.904 2727
-0.317 1.904 2732
-0.317 1.904 2737
-0.317 1.904 2742
-0.317 1.904 2747
-0.317 1.904 2752
-0.317 1.904 2757
-0.317 1.904 2762
-0.317 1.904 2767
-0.317 1.904 2772
-0.317 1.904 2777
-0.317 1.904 2782
-0.317 1.904 2787
-0.317 1.904 2792
-0.317 1.904 2797
-0.318 1.822 2802
-0.318 1.822 2807
-0.318 1.822 2812
-0.318 1.822 2817
-0.318 1.822 2822
-0.318 1.822 2827
-0.318 1.822 2832
-0.318 1.822 2837
-0.318 1.822 2842
-0.318 1.822 2847
-0.318 1.822 2852
-0.318 1.822 2857
-0.318 1.822 2862
-0.318 1.822 2867
-0.318 1.822 2872
-0.318 1.822 2877
-0.318 1.822 2882
-0.318 1.822 2887
-0.318 1.822 2892
-0.318 1.822 2897
-0.317 1.764 2902
-0.317 1.764 2907
-0.317 1.764 2912
-0.317 1.764 2917
-0.317 1.764 2922
-0.317 1.764 2927
-0.317 1.764 2932
-0.317 1.764 2937
-0.317 1.764 2942
-0.317 1.764 2947
-0.317 1.764 2952
-0.317 1.764 2957
-0.317 1.764 2962
-0.317 1.764 2967
-0.317 1.764 2972
-0.317 1.764 2977
-0.317 1.764 2982
-0.317 1.764 2987
-0.317 1.764 2992
-0.317 1.764 2997
-0.318 1.682 3002
-0.318 1.682 3007
-0.318 1.682 3012
-0.318 1.682 3017
-0.318 1.682 3022
-0.318 1.682 3027
-0.318 1.682 3032
-0.318 1.682 3037
-0.318 1.682 3042
-0.318 1.682 3047
-0.318 1.682 3052
-0.318 1.682 3057
-0.318 1.682 3062
-0.318 1.682 3067
-0.318 1.682 3072
-0.318 1.682 3077
-0.318 1.682 3082
-0.318 1.682 3087
-0.318 1.682 3092
-0.318 1.682 3097
-0.317 1.612 3102
-0.317 1.612 3107
-0.317 1.612 3112
-0.317 1.612 3117
-0.317 1.612 3122
-0.317 1.612 3127
-0.317 1.612 3132
-0.317 1.612 3137
-0.317 1.612 3142
-0.317 1.612 3147
-0.317 1.612 3152
-0.317 1.612 3157
-0.317 1.612 3162
-0.317 1.612 3167
-0.317 1.612 3172
-0.317 1.612 3177
-0.317 1.612 3182
-0.317 1.612 3187
-0.317 1.612 3192
-0.317 1.612 3197
-0.319 1.545 3202
-0.319 1.545 3207
-0.319 1.545 3212
-0.319 1.545 3217
-0.319 1.545 3222
-0.319 1.545 3227
-0.319 1.545 3232
-0.319 1.545 3237
-0.319 1.545 3242
-0.319 1.545 3247
-0.319 1.545 3252
-0.319 1.545 3257
-0.319 1.545 3262
-0.319 1.545 3267
-0.319 1.545 3272
-0.319 1.545 3277
-0.319 1.545 3282
-0.319 1.545 3287
-0.319 1.545 3292
-0.319 1.545 3297
-0.318 1.472 3302
-0.318 1.472 3307
-0.318 1.472 3312
-0.318 1.472 3317
-0.318 1.472 3322
-0.318 1.472 3327
-0.318 1.472 3332
-0.318 1.472 3337
-0.318 1.472 3342
-0.318 1.472 3347
-0.318 1.472 3352
-0.318 1.472 3357
-0.318 1.472 3362
-0.318 1.472 3367
-0.318 1.472 3372
-0.318 1.472 3377
-0.318 1.472 3382
-0.318 1.472 3387
-0.318 1.472 3392
-0.318 1.472 3397
-0.317 1.402 3402
-0.317 1.402 3407
-0.317 1.402 3412
-0.317 1.402 3417
-0.317 1.402 3422
-0.317 1.402 3427
-0.317 1.402 3432
-0.317 1.402 3437
-0.317 1.402 3442
-0.317 1.402 3447
-0.317 1.402 3452
-0.317 1.402 3457
-0.317 1.402 3462
-0.317 1.402 3467
-0.317 1.402 3472
-0.317 1.402 3477
-0.317 1.402 3482
-0.317 1.402 3487
-0.317 1.402 3492
-0.317 1.402 3497
-0.317 1.321 3502
-0.317 1.321 3507
-0.317 1.321 3512
-0.317 1.321 3517
-0.317 1.321 3522
-0.317 1.321 3527
-0.317 1.321 3532
-0.317 1.321 3537
-0.317 1.321 3542
-0.317 1.321 3547
-0.317 1.321 3552
-0.317 1.321 3557
-0.317 1.321 3562
-0.317 1.321 3567
-0.317 1.321 3572
-0.317 1.321 3577
-0.317 1.321 3582
-0.317 1.321 3587
-0.317 1.321 3592
-0.317 1.321 3597
-0.317 1.251 3602
-0.317 1.251 3607
-0.317 1.251 3612
-0.317 1.251 3617
-0.317 1.251 3622
-0.317 1.251 3627
-0.317 1.251 3632
-0.317 1.251 3637
-0.317 1.251 3642
-0.317 1.251 3647
-0.317 1.251 3652
-0.317 1.251 3657
-0.317 1.251 3662
-0.317 1.251 3667
-0.317 1.251 3672
-0.317 1.251 3677
-0.317 1.251 3682
-0.317 1.251 3687
-0.317 1.251 3692
-0.317 1.251 3697
-0.317 1.169 3702
-0.317 1.169 3707
-0.317 1.169 3712
-0.317 1.169 3717
-0.317 1.169 3722
-0.317 1.169 3727
-0.317 1.169 3732
-0.317 1.169 3737
-0.317 1.169 3742
-0.317 1.169 3747
-0.317 1.169 3752
-0.317 1.169 3757
-0.317 1.169 3762
-0.317 1.169 3767
-0.317 1.169 3772
-0.317 1.169 3777
-0.317 1.169 3782
-0.317 1.169 3787
-0.317 1.169 3792
-0.317 1.169 3797
-0.316 1.099 3802
-0.316 1.099 3807
-0.316 1.099 3812
-0.316 1.099 3817
-0.316 1.099 3822
-0.316 1.099 3827
-0.316 1.099 3832
-0.316 1.099 3837
-0.316 1.099 3842
-0.316 1.099 3847
-0.316 1.099 3852
-0.316 1.099 3857
-0.316 1.099 3862
-0.316 1.099 3867
-0.316 1.099 3872
-0.316 1.099 3877
-0.316 1.099 3882
-0.316 1.099 3887
-0.316 1.099 3892
-0.316 1.099 3897
-0.316 1.017 3902
-0.316 1.017 3907
-0.316 1.017 3912
-0.316 1.017 3917
-0.316 1.017 3922
-0.316 1.017 3927
-0.316 1.017 3932
-0.316 1.017 3937
-0.316 1.017 3942
-0.316 1.017 3947
-0.316 1.017 3952
-0.316 1.017 3957
-0.316 1.017 3962
-0.316 1.017 3967
-0.316 1.017 3972
-0.316 1.017 3977
-0.316 1.017 3982
-0.316 1.017 3987
-0.316 1.017 3992
-0.316 1.017 3997
-0.316 0.936 4002
-0.316 0.936 4007
-0.316 0.936 4012
-0.316 0.936 4017
-0.316 0.936 4022
-0.316 0.936 4027
-0.316 0.936 4032
-0.316 0.936 4037
-0.316 0.936 4042
-0.316 0.936 4047
  
  
  
