  
0.000 0.000 1
0.151 3.596 12
-0.151 3.552 24
-0.152 3.537 36
-0.152 3.540 48
-0.148 3.537 60
-0.150 3.526 72
-0.152 3.514 84
-0.152 3.517 96
-0.149 3.526 108
-0.152 3.505 120
-0.153 3.502 132
-0.150 3.508 144
-0.152 3.502 156
-0.152 3.482 168
-0.154 3.467 180
-0.152 3.479 192
-0.150 3.479 204
-0.153 3.482 216
-0.152 3.458 228
-0.153 3.470 240
-0.152 3.467 252
-0.152 3.458 264
-0.152 3.456 276
-0.152 3.456 288
-0.152 3.456 300
-0.152 3.444 312
-0.153 3.435 324
-0.152 3.435 336
-0.151 3.435 348
-0.153 3.423 360
-0.152 3.432 372
-0.152 3.423 384
-0.151 3.412 396
-0.149 3.426 408
-0.152 3.412 420
-0.152 3.409 432
-0.152 3.409 444
-0.152 3.388 456
-0.154 3.388 468
-0.152 3.400 480
-0.149 3.403 492
-0.152 3.388 504
-0.152 3.377 516
-0.152 3.374 528
-0.152 3.386 540
-0.151 3.365 552
-0.152 3.356 564
-0.151 3.365 576
-0.152 3.353 588
-0.151 3.353 600
-0.154 3.339 612
-0.152 3.342 624
-0.148 3.356 636
-0.152 3.339 648
-0.153 3.327 660
-0.152 3.330 672
-0.152 3.330 684
-0.151 3.330 696
-0.152 3.316 708
-0.152 3.321 720
-0.149 3.327 732
-0.153 3.307 744
-0.153 3.304 756
-0.152 3.295 768
-0.150 3.292 780
-0.153 3.295 792
-0.152 3.295 804
-0.149 3.292 816
-0.153 3.281 828
-0.153 3.281 840
-0.151 3.283 852
-0.152 3.272 864
-0.150 3.281 876
-0.150 3.269 888
-0.152 3.275 900
-0.152 3.272 912
-0.149 3.269 924
-0.153 3.248 936
-0.153 3.248 948
-0.149 3.257 960
-0.151 3.248 972
-0.149 3.202 984
-0.149 3.228 996
-0.153 3.222 1008
-0.150 3.237 1020
-0.152 3.225 1032
-0.149 3.228 1044
-0.151 3.222 1056
-0.152 3.202 1068
-0.152 3.202 1080
-0.153 3.202 1092
-0.152 3.199 1104
-0.152 3.199 1116
-0.152 3.178 1128
-0.152 3.190 1140
-0.152 3.187 1152
-0.152 3.176 1164
-0.149 3.193 1176
-0.152 3.167 1188
-0.148 3.187 1200
-0.152 3.155 1212
-0.156 3.143 1224
-0.152 3.155 1236
-0.154 3.155 1248
-0.153 3.152 1260
-0.155 3.143 1272
-0.151 3.143 1284
-0.154 3.143 1296
-0.153 3.132 1308
-0.154 3.132 1320
-0.152 3.135 1332
-0.152 3.129 1344
-0.152 3.129 1356
-0.150 3.135 1368
-0.153 3.117 1380
-0.153 3.108 1392
-0.150 3.106 1404
-0.150 3.106 1416
-0.153 3.106 1428
-0.152 3.097 1440
-0.149 3.106 1452
-0.152 3.097 1464
-0.151 3.106 1476
-0.150 3.088 1488
-0.148 3.106 1500
-0.149 3.103 1512
-0.150 3.106 1524
-0.149 3.071 1536
-0.154 3.062 1548
-0.153 3.085 1560
-0.144 3.088 1572
-0.148 3.082 1584
-0.151 3.047 1596
-0.150 3.059 1608
-0.148 3.082 1620
-0.146 3.088 1632
-0.147 3.088 1644
-0.152 3.038 1656
-0.152 3.036 1668
-0.144 3.047 1680
-0.147 3.047 1692
-0.153 3.015 1704
-0.151 3.015 1716
-0.151 3.003 1728
-0.153 2.992 1740
-0.149 3.024 1752
-0.152 3.012 1764
-0.152 2.992 1776
-0.148 3.001 1788
-0.153 2.989 1800
-0.152 2.980 1812
-0.152 2.977 1824
-0.152 2.968 1836
-0.153 2.968 1848
-0.153 2.966 1860
-0.152 2.957 1872
-0.153 2.966 1884
-0.152 2.945 1896
-0.152 2.957 1908
-0.152 2.936 1920
-0.153 2.942 1932
-0.152 2.922 1944
-0.152 2.922 1956
-0.152 2.922 1968
-0.153 2.933 1980
-0.150 2.919 1992
-0.152 2.919 2004
-0.153 2.922 2016
-0.150 2.919 2028
-0.153 2.898 2040
-0.151 2.907 2052
-0.153 2.907 2064
-0.152 2.896 2076
-0.152 2.896 2088
-0.154 2.890 2100
-0.152 2.875 2112
-0.152 2.884 2124
-0.151 2.884 2136
-0.152 2.884 2148
-0.153 2.872 2160
-0.153 2.872 2172
-0.151 2.875 2184
-0.153 2.852 2196
-0.150 2.872 2208
-0.152 2.849 2220
-0.152 2.840 2232
-0.152 2.843 2244
-0.153 2.849 2256
-0.152 2.828 2268
-0.152 2.837 2280
-0.153 2.837 2292
-0.150 2.826 2304
-0.150 2.826 2316
-0.153 2.817 2328
-0.151 2.814 2340
-0.152 2.814 2352
-0.149 2.814 2364
-0.152 2.805 2376
-0.152 2.802 2388
-0.153 2.805 2400
-0.152 2.799 2412
-0.152 2.782 2424
-0.154 2.782 2436
-0.149 2.779 2448
-0.152 2.782 2460
-0.151 2.791 2472
-0.152 2.770 2484
-0.152 2.758 2496
-0.152 2.770 2508
-0.152 2.767 2520
-0.153 2.758 2532
-0.149 2.761 2544
-0.151 2.747 2556
-0.154 2.747 2568
-0.151 2.761 2580
-0.150 2.732 2592
-0.152 2.723 2604
-0.152 2.735 2616
-0.152 2.712 2628
-0.153 2.721 2640
-0.153 2.712 2652
-0.152 2.700 2664
-0.153 2.709 2676
-0.152 2.709 2688
-0.152 2.700 2700
-0.152 2.683 2712
-0.151 2.721 2724
-0.153 2.688 2736
-0.153 2.686 2748
-0.153 2.688 2760
-0.152 2.665 2772
-0.151 2.697 2784
-0.153 2.677 2796
-0.150 2.674 2808
-0.152 2.677 2820
-0.151 2.680 2832
-0.152 2.653 2844
-0.151 2.653 2856
-0.152 2.642 2868
-0.150 2.651 2880
-0.153 2.639 2892
-0.149 2.633 2904
-0.148 2.633 2916
-0.151 2.639 2928
-0.152 2.630 2940
-0.153 2.630 2952
-0.149 2.633 2964
-0.148 2.627 2976
-0.152 2.616 2988
-0.152 2.618 3000
-0.152 2.592 3012
-0.152 2.595 3024
-0.150 2.592 3036
-0.152 2.595 3048
-0.153 2.581 3060
-0.154 2.572 3072
-0.153 2.572 3084
-0.153 2.583 3096
-0.152 2.592 3108
-0.152 2.569 3120
-0.152 2.572 3132
-0.153 2.566 3144
-0.152 2.572 3156
-0.154 2.569 3168
-0.153 2.548 3180
-0.152 2.548 3192
-0.153 2.546 3204
-0.153 2.548 3216
-0.152 2.534 3228
-0.154 2.546 3240
-0.152 2.525 3252
-0.153 2.525 3264
-0.150 2.534 3276
-0.153 2.525 3288
-0.152 2.513 3300
-0.151 2.513 3312
-0.152 2.511 3324
-0.152 2.522 3336
-0.151 2.499 3348
-0.153 2.490 3360
-0.150 2.511 3372
-0.152 2.487 3384
-0.150 2.499 3396
-0.152 2.502 3408
-0.154 2.478 3420
-0.151 2.478 3432
-0.150 2.476 3444
-0.152 2.467 3456
-0.153 2.478 3468
-0.154 2.455 3480
-0.151 2.452 3492
-0.153 2.464 3504
-0.153 2.432 3516
-0.153 2.429 3528
-0.152 2.432 3540
-0.154 2.420 3552
-0.154 2.408 3564
-0.153 2.417 3576
-0.154 2.432 3588
-0.153 2.429 3600
-0.153 2.400 3612
-0.152 2.408 3624
-0.154 2.397 3636
-0.154 2.408 3648
-0.153 2.411 3660
-0.153 2.385 3672
-0.151 2.406 3684
-0.151 2.385 3696
-0.152 2.394 3708
-0.154 2.382 3720
-0.149 2.394 3732
-0.153 2.382 3744
-0.153 2.362 3756
-0.152 2.362 3768
-0.153 2.365 3780
-0.152 2.347 3792
-0.152 2.359 3804
-0.152 2.350 3816
-0.151 2.347 3828
-0.152 2.353 3840
-0.149 2.347 3852
-0.148 2.336 3864
-0.152 2.350 3876
-0.152 2.330 3888
-0.153 2.330 3900
-0.152 2.336 3912
-0.151 2.315 3924
-0.154 2.333 3936
-0.150 2.312 3948
-0.151 2.312 3960
-0.151 2.303 3972
-0.152 2.301 3984
-0.151 2.301 3996
-0.152 2.312 4008
-0.151 2.292 4020
-0.153 2.292 4032
-0.152 2.268 4044
-0.154 2.277 4056
-0.154 2.268 4068
-0.149 2.283 4080
-0.153 2.268 4092
-0.152 2.266 4104
-0.153 2.233 4116
-0.151 2.242 4128
-0.154 2.233 4140
-0.154 2.231 4152
-0.153 2.254 4164
-0.153 2.222 4176
-0.152 2.210 4188
-0.154 2.233 4200
-0.151 2.207 4212
-0.151 2.231 4224
-0.150 2.231 4236
-0.152 2.219 4248
-0.152 2.210 4260
-0.151 2.207 4272
-0.152 2.187 4284
-0.152 2.184 4296
-0.152 2.184 4308
-0.151 2.196 4320
-0.151 2.175 4332
-0.151 2.172 4344
-0.148 2.172 4356
-0.151 2.172 4368
-0.148 2.172 4380
-0.148 2.166 4392
-0.151 2.161 4404
-0.151 2.163 4416
-0.151 2.149 4428
-0.148 2.161 4440
-0.154 2.152 4452
-0.153 2.152 4464
-0.152 2.137 4476
-0.151 2.155 4488
-0.152 2.128 4500
-0.154 2.128 4512
-0.154 2.128 4524
-0.154 2.117 4536
-0.155 2.137 4548
-0.155 2.126 4560
-0.154 2.114 4572
-0.151 2.126 4584
-0.153 2.099 4596
-0.155 2.114 4608
-0.154 2.093 4620
-0.151 2.108 4632
-0.151 2.093 4644
-0.152 2.096 4656
-0.154 2.102 4668
-0.154 2.102 4680
-0.153 2.102 4692
-0.152 2.091 4704
-0.154 2.093 4716
-0.154 2.079 4728
-0.149 2.091 4740
-0.150 2.050 4752
-0.151 2.070 4764
-0.151 2.067 4776
-0.152 2.058 4788
-0.148 2.061 4800
-0.148 2.021 4812
-0.152 1.997 4824
-0.151 2.000 4836
-0.152 2.023 4848
-0.151 2.012 4860
-0.149 1.986 4872
-0.152 1.988 4884
-0.151 1.986 4896
-0.149 1.977 4908
-0.150 2.015 4920
-0.152 2.000 4932
-0.153 1.974 4944
-0.152 1.965 4956
-0.153 1.988 4968
-0.148 1.968 4980
-0.155 1.962 4992
-0.148 1.986 5004
-0.154 1.968 5016
-0.152 1.965 5028
-0.155 1.942 5040
-0.152 1.965 5052
-0.154 1.942 5064
-0.156 1.942 5076
-0.155 1.930 5088
-0.153 1.939 5100
-0.153 1.939 5112
-0.151 1.939 5124
-0.155 1.930 5136
-0.152 1.927 5148
-0.152 1.918 5160
-0.150 1.939 5172
-0.154 1.916 5184
-0.154 1.907 5196
-0.154 1.907 5208
-0.155 1.907 5220
-0.154 1.895 5232
-0.154 1.895 5244
-0.153 1.895 5256
-0.154 1.892 5268
-0.153 1.892 5280
-0.150 1.892 5292
-0.152 1.883 5304
-0.149 1.892 5316
-0.152 1.883 5328
-0.152 1.872 5340
-0.151 1.881 5352
-0.152 1.872 5364
-0.152 1.872 5376
-0.152 1.857 5388
-0.151 1.857 5400
-0.151 1.869 5412
-0.148 1.869 5424
-0.150 1.848 5436
-0.152 1.834 5448
-0.152 1.834 5460
-0.147 1.857 5472
-0.149 1.846 5484
-0.151 1.825 5496
-0.151 1.846 5508
-0.147 1.840 5520
-0.146 1.846 5532
-0.145 1.828 5544
-0.152 1.799 5556
-0.153 1.787 5568
-0.149 1.799 5580
-0.152 1.787 5592
-0.149 1.793 5604
-0.152 1.790 5616
-0.152 1.752 5628
-0.152 1.764 5640
-0.148 1.752 5652
-0.155 1.741 5664
-0.152 1.746 5676
-0.155 1.732 5688
-0.154 1.732 5700
-0.154 1.732 5712
-0.153 1.735 5724
-0.155 1.717 5736
-0.154 1.720 5748
-0.155 1.717 5760
-0.153 1.708 5772
-0.152 1.706 5784
-0.153 1.708 5796
-0.150 1.706 5808
-0.152 1.706 5820
-0.152 1.703 5832
-0.152 1.700 5844
-0.150 1.706 5856
-0.150 1.706 5868
-0.152 1.694 5880
-0.151 1.685 5892
-0.151 1.685 5904
-0.151 1.685 5916
-0.153 1.682 5928
-0.151 1.682 5940
-0.148 1.676 5952
-0.152 1.662 5964
-0.150 1.662 5976
-0.152 1.662 5988
-0.151 1.659 6000
-0.149 1.659 6012
-0.152 1.653 6024
-0.151 1.647 6036
-0.151 1.638 6048
-0.151 1.638 6060
-0.151 1.636 6072
-0.152 1.636 6084
-0.152 1.630 6096
-0.151 1.615 6108
-0.152 1.624 6120
-0.149 1.612 6132
-0.151 1.612 6144
-0.152 1.612 6156
-0.150 1.612 6168
-0.151 1.601 6180
-0.152 1.592 6192
-0.149 1.595 6204
-0.151 1.580 6216
-0.151 1.583 6228
-0.152 1.580 6240
-0.151 1.577 6252
-0.150 1.568 6264
-0.152 1.566 6276
-0.148 1.566 6288
-0.153 1.563 6300
-0.152 1.554 6312
-0.148 1.554 6324
-0.152 1.545 6336
-0.152 1.545 6348
-0.151 1.542 6360
-0.149 1.548 6372
-0.148 1.542 6384
-0.148 1.542 6396
-0.149 1.519 6408
-0.151 1.522 6420
-0.152 1.510 6432
-0.152 1.510 6444
-0.152 1.498 6456
-0.152 1.507 6468
-0.152 1.498 6480
-0.152 1.496 6492
-0.151 1.496 6504
-0.148 1.501 6516
-0.152 1.490 6528
-0.151 1.475 6540
-0.152 1.475 6552
-0.151 1.475 6564
-0.152 1.475 6576
-0.151 1.469 6588
-0.151 1.466 6600
-0.148 1.461 6612
-0.151 1.461 6624
-0.149 1.461 6636
-0.149 1.455 6648
-0.152 1.449 6660
-0.148 1.455 6672
-0.152 1.437 6684
-0.151 1.437 6696
-0.149 1.428 6708
-0.152 1.417 6720
-0.152 1.417 6732
-0.151 1.414 6744
-0.148 1.420 6756
-0.152 1.402 6768
-0.151 1.405 6780
-0.148 1.408 6792
-0.151 1.393 6804
-0.148 1.408 6816
-0.152 1.388 6828
-0.152 1.382 6840
-0.152 1.382 6852
-0.150 1.379 6864
-0.151 1.370 6876
-0.152 1.367 6888
-0.150 1.367 6900
-0.151 1.358 6912
-0.151 1.358 6924
-0.152 1.353 6936
-0.152 1.344 6948
-0.152 1.332 6960
-0.152 1.344 6972
-0.151 1.332 6984
-0.148 1.332 6996
-0.152 1.326 7008
-0.151 1.326 7020
-0.149 1.321 7032
-0.149 1.309 7044
-0.152 1.312 7056
-0.147 1.315 7068
-0.151 1.309 7080
-0.149 1.315 7092
-0.149 1.309 7104
-0.151 1.288 7116
-0.152 1.286 7128
-0.148 1.291 7140
-0.151 1.280 7152
-0.152 1.283 7164
-0.149 1.286 7176
-0.151 1.265 7188
-0.151 1.265 7200
-0.151 1.262 7212
-0.152 1.253 7224
-0.149 1.268 7236
-0.153 1.242 7248
-0.152 1.242 7260
-0.148 1.239 7272
-0.149 1.239 7284
-0.151 1.239 7296
-0.152 1.233 7308
-0.152 1.224 7320
-0.151 1.218 7332
-0.151 1.218 7344
-0.152 1.216 7356
-0.153 1.216 7368
-0.152 1.216 7380
-0.148 1.210 7392
-0.150 1.210 7404
-0.152 1.192 7416
-0.149 1.204 7428
-0.152 1.181 7440
-0.152 1.181 7452
-0.151 1.181 7464
-0.148 1.186 7476
-0.149 1.181 7488
-0.149 1.175 7500
-0.148 1.169 7512
-0.148 1.157 7524
-0.152 1.148 7536
-0.151 1.148 7548
-0.151 1.134 7560
-0.149 1.146 7572
-0.151 1.137 7584
-0.148 1.146 7596
-0.148 1.140 7608
-0.151 1.140 7620
-0.151 1.125 7632
-0.153 1.116 7644
-0.151 1.116 7656
-0.151 1.111 7668
-0.152 1.111 7680
-0.151 1.102 7692
-0.151 1.099 7704
-0.151 1.102 7716
-0.151 1.078 7728
-0.151 1.087 7740
-0.149 1.090 7752
-0.149 1.081 7764
-0.151 1.076 7776
-0.151 1.076 7788
-0.152 1.076 7800
-0.151 1.055 7812
-0.151 1.055 7824
-0.149 1.052 7836
-0.152 1.043 7848
-0.152 1.043 7860
-0.151 1.032 7872
-0.152 1.043 7884
-0.151 1.029 7896
-0.149 1.035 7908
-0.150 1.035 7920
-0.151 1.029 7932
-0.151 1.008 7944
-0.151 1.008 7956
-0.148 1.006 7968
-0.149 1.006 7980
-0.150 1.003 7992
-0.152 1.006 8004
-0.149 1.000 8016
-0.148 0.994 8028
-0.152 0.982 8040
-0.151 0.982 8052
-0.151 0.976 8064
-0.148 0.988 8076
-0.149 0.971 8088
-0.151 0.962 8100
-0.150 0.959 8112
-0.152 0.959 8124
-0.152 0.953 8136
-0.152 0.950 8148
-0.150 0.947 8160
-0.151 0.947 8172
-0.149 0.947 8184
-0.151 0.938 8196
-0.152 0.927 8208
-0.151 0.927 8220
-0.151 0.924 8232
-0.152 0.915 8244
-0.150 0.924 8256
-0.153 0.915 8268
-0.152 0.906 8280
-0.149 0.912 8292
-0.152 0.901 8304
-0.151 0.892 8316
-0.153 0.901 8328
-0.152 0.892 8340
-0.151 0.886 8352
-0.151 0.883 8364
-0.151 0.868 8376
-0.152 0.877 8388
-0.150 0.877 8400
-0.152 0.860 8412
-0.150 0.866 8424
-0.151 0.857 8436
-0.150 0.854 8448
-0.153 0.848 8460
-0.151 0.842 8472
-0.151 0.848 8484
-0.151 0.836 8496
-0.151 0.845 8508
-0.151 0.831 8520
-0.148 0.836 8532
-0.151 0.822 8544
-0.149 0.831 8556
-0.149 0.810 8568
-0.151 0.796 8580
-0.151 0.807 8592
-0.148 0.819 8604
-0.148 0.813 8616
-0.151 0.793 8628
-0.151 0.787 8640
-0.149 0.787 8652
-0.151 0.784 8664
-0.148 0.790 8676
-0.152 0.772 8688
-0.151 0.766 8700
-0.152 0.761 8712
-0.153 0.761 8724
-0.149 0.763 8736
-0.152 0.749 8748
-0.152 0.752 8760
-0.151 0.743 8772
-0.152 0.743 8784
-0.152 0.737 8796
-0.151 0.737 8808
-0.151 0.728 8820
-0.151 0.726 8832
-0.149 0.726 8844
-0.151 0.717 8856
-0.149 0.726 8868
-0.151 0.717 8880
-0.152 0.702 8892
-0.152 0.702 8904
-0.152 0.702 8916
-0.151 0.705 8928
-0.150 0.705 8940
-0.151 0.682 8952
-0.152 0.679 8964
-0.151 0.682 8976
-0.152 0.670 8988
-0.150 0.682 9000
-0.151 0.667 9012
-0.151 0.658 9024
-0.152 0.658 9036
-0.151 0.653 9048
-0.149 0.650 9060
-0.149 0.650 9072
-0.149 0.644 9084
-0.149 0.638 9096
-0.152 0.623 9108
-0.152 0.626 9120
-0.151 0.632 9132
-0.151 0.621 9144
-0.152 0.623 9156
-0.152 0.609 9168
-0.153 0.600 9180
-0.151 0.603 9192
-0.152 0.609 9204
-0.152 0.597 9216
-0.154 0.588 9228
-0.153 0.588 9240
-0.148 0.586 9252
-0.151 0.586 9264
-0.149 0.586 9276
-0.149 0.580 9288
-0.152 0.577 9300
-0.151 0.565 9312
-0.148 0.574 9324
-0.152 0.562 9336
-0.149 0.568 9348
-0.151 0.551 9360
-0.148 0.556 9372
-0.151 0.542 9384
-0.151 0.542 9396
-0.152 0.530 9408
-0.152 0.530 9420
-0.149 0.539 9432
-0.152 0.524 9444
-0.152 0.530 9456
-0.147 0.539 9468
-0.151 0.527 9480
-0.151 0.510 9492
-0.151 0.507 9504
-0.151 0.495 9516
-0.151 0.504 9528
-0.152 0.495 9540
-0.152 0.486 9552
-0.152 0.489 9564
-0.149 0.486 9576
-0.151 0.472 9588
-0.152 0.486 9600
-0.152 0.466 9612
-0.151 0.460 9624
-0.152 0.463 9636
-0.151 0.454 9648
-0.151 0.457 9660
-0.151 0.448 9672
-0.151 0.446 9684
-0.151 0.437 9696
-0.151 0.434 9708
-0.150 0.440 9720
-0.151 0.434 9732
-0.152 0.425 9744
-0.152 0.425 9756
-0.152 0.422 9768
-0.152 0.428 9780
-0.153 0.402 9792
-0.152 0.411 9804
-0.152 0.399 9816
-0.152 0.393 9828
-0.153 0.393 9840
-0.152 0.387 9852
-0.148 0.393 9864
-0.152 0.378 9876
-0.151 0.376 9888
-0.153 0.370 9900
-0.151 0.370 9912
-0.153 0.364 9924
-0.153 0.355 9936
-0.152 0.355 9948
-0.152 0.352 9960
-0.148 0.364 9972
-0.152 0.352 9984
-0.152 0.346 9996
-0.152 0.341 10008
-0.153 0.329 10020
-0.152 0.332 10032
-0.151 0.335 10044
-0.152 0.320 10056
-0.151 0.326 10068
-0.153 0.308 10080
-0.152 0.317 10092
-0.151 0.308 10104
-0.152 0.308 10116
-0.151 0.308 10128
-0.152 0.285 10140
-0.152 0.285 10152
-0.152 0.285 10164
-0.152 0.294 10176
-0.152 0.285 10188
-0.152 0.273 10200
-0.150 0.282 10212
-0.152 0.271 10224
-0.152 0.271 10236
-0.152 0.259 10248
-0.153 0.259 10260
-0.153 0.259 10272
-0.152 0.253 10284
-0.151 0.247 10296
-0.151 0.238 10308
-0.152 0.238 10320
-0.150 0.236 10332
-0.151 0.233 10344
-0.152 0.236 10356
-0.152 0.215 10368
-0.153 0.218 10380
-0.152 0.215 10392
-0.152 0.212 10404
-0.150 0.212 10416
-0.152 0.203 10428
-0.152 0.212 10440
-0.152 0.192 10452
-0.153 0.192 10464
-0.150 0.201 10476
-0.149 0.195 10488
-0.152 0.180 10500
-0.151 0.177 10512
-0.152 0.168 10524
-0.148 0.177 10536
-0.152 0.160 10548
-0.150 0.166 10560
-0.151 0.166 10572
-0.148 0.166 10584
-0.151 0.154 10596
-0.150 0.154 10608
-0.152 0.133 10620
-0.152 0.136 10632
-0.153 0.136 10644
-0.152 0.131 10656
-0.153 0.122 10668
-0.152 0.113 10680
-0.152 0.122 10692
-0.152 0.122 10704
-0.152 0.113 10716
-0.153 0.098 10728
-0.151 0.090 10740
-0.149 0.107 10752
-0.152 0.096 10764
-0.151 0.098 10776
-0.151 0.087 10788
-0.152 0.084 10800
-0.151 0.075 10812
-0.152 0.072 10824
-0.152 0.072 10836
-0.152 0.072 10848
-0.151 0.072 10860
-0.150 0.072 10872
-0.151 0.052 10884
-0.149 0.066 10896
-0.152 0.052 10908
-0.151 0.040 10920
-0.152 0.037 10932
-0.152 0.046 10944
-0.151 0.028 10956
-0.151 0.028 10968
-0.151 0.026 10980
-0.150 0.026 10992
-0.152 0.020 11004
-0.152 0.026 11016
-0.152 0.002 11028
-0.149 0.026 11040
-0.152 0.002 11052
-0.152 -0.007 11065
0.154 0.061 11077
0.152 0.061 11089
0.152 0.084 11101
0.154 0.101 11113
0.151 0.096 11125
0.154 0.113 11137
0.151 0.098 11149
0.152 0.110 11161
0.155 0.119 11173
0.152 0.122 11185
0.154 0.119 11197
0.152 0.131 11209
0.152 0.142 11221
0.154 0.154 11233
0.152 0.145 11245
0.154 0.154 11257
0.152 0.142 11269
0.152 0.160 11281
0.154 0.166 11293
0.152 0.166 11305
0.154 0.177 11317
0.152 0.166 11329
0.153 0.177 11341
0.151 0.183 11353
0.151 0.189 11365
0.151 0.189 11377
0.152 0.189 11389
0.152 0.209 11401
0.153 0.209 11413
0.152 0.212 11425
0.152 0.212 11437
0.152 0.212 11449
0.154 0.241 11461
0.152 0.233 11473
0.152 0.236 11485
0.152 0.230 11497
0.152 0.238 11509
0.152 0.247 11521
0.154 0.259 11533
0.154 0.259 11545
0.151 0.259 11557
0.152 0.262 11569
0.151 0.273 11581
0.152 0.273 11593
0.152 0.276 11605
0.152 0.285 11617
0.152 0.282 11629
0.151 0.285 11641
0.152 0.294 11653
0.152 0.300 11665
0.155 0.306 11677
0.152 0.300 11689
0.152 0.308 11701
0.155 0.306 11713
0.151 0.320 11725
0.154 0.329 11737
0.154 0.335 11749
0.152 0.332 11761
0.153 0.352 11773
0.154 0.346 11785
0.151 0.338 11797
0.152 0.343 11809
0.154 0.370 11821
0.152 0.352 11833
0.152 0.367 11845
0.152 0.364 11857
0.152 0.364 11869
0.152 0.378 11881
0.151 0.387 11893
0.154 0.393 11905
0.152 0.390 11917
0.152 0.402 11929
0.152 0.396 11941
0.154 0.416 11953
0.152 0.402 11965
0.155 0.422 11977
0.152 0.413 11989
0.154 0.428 12001
0.152 0.422 12013
0.151 0.434 12025
0.150 0.425 12037
0.151 0.434 12049
0.152 0.440 12061
0.154 0.446 12073
0.151 0.446 12085
0.152 0.448 12097
0.152 0.457 12109
0.152 0.457 12121
0.152 0.469 12133
0.152 0.472 12145
0.154 0.475 12157
0.152 0.469 12169
0.152 0.481 12181
0.152 0.492 12193
0.153 0.492 12205
0.153 0.492 12217
0.152 0.495 12229
0.151 0.510 12241
0.152 0.504 12253
0.153 0.516 12265
0.151 0.516 12277
0.151 0.516 12289
0.152 0.518 12301
0.153 0.527 12313
0.155 0.539 12325
0.154 0.539 12337
0.151 0.542 12349
0.152 0.551 12361
0.155 0.556 12373
0.152 0.551 12385
0.153 0.553 12397
0.152 0.565 12409
0.154 0.574 12421
0.152 0.565 12433
0.153 0.565 12445
0.154 0.586 12457
0.154 0.597 12469
0.152 0.588 12481
0.152 0.588 12493
0.152 0.597 12505
0.154 0.603 12517
0.151 0.603 12529
0.152 0.612 12541
0.152 0.618 12553
0.152 0.612 12565
0.153 0.632 12577
0.155 0.632 12589
0.151 0.632 12601
0.151 0.632 12613
0.151 0.635 12625
0.152 0.644 12637
0.151 0.644 12649
0.152 0.644 12661
0.152 0.658 12673
0.151 0.658 12685
0.152 0.664 12697
0.151 0.667 12709
0.151 0.670 12721
0.152 0.670 12733
0.151 0.679 12745
0.151 0.682 12757
0.151 0.682 12769
0.152 0.682 12781
0.154 0.708 12793
0.153 0.693 12805
0.152 0.705 12817
0.150 0.705 12829
0.154 0.720 12841
0.152 0.714 12853
0.153 0.720 12865
0.151 0.726 12877
0.151 0.728 12889
0.152 0.737 12901
0.154 0.737 12913
0.152 0.743 12925
0.152 0.740 12937
0.154 0.749 12949
0.152 0.752 12961
0.153 0.766 12973
0.152 0.761 12985
0.152 0.763 12997
0.151 0.775 13009
0.154 0.784 13021
0.153 0.784 13033
0.152 0.784 13045
0.152 0.796 13057
0.154 0.801 13069
0.153 0.796 13081
0.152 0.807 13093
0.151 0.813 13105
0.152 0.807 13117
0.153 0.819 13129
0.152 0.819 13141
0.155 0.831 13153
0.152 0.831 13165
0.154 0.848 13177
0.154 0.831 13189
0.152 0.842 13201
0.152 0.842 13213
0.152 0.845 13225
0.152 0.845 13237
0.152 0.857 13249
0.151 0.866 13261
0.152 0.866 13273
0.151 0.868 13285
0.153 0.877 13297
0.152 0.866 13309
0.152 0.886 13321
0.152 0.886 13333
0.155 0.901 13345
0.151 0.892 13357
0.154 0.901 13369
0.154 0.912 13381
0.152 0.906 13393
0.151 0.912 13405
0.152 0.912 13417
0.151 0.912 13429
0.151 0.927 13441
0.155 0.936 13453
0.152 0.915 13465
0.154 0.947 13477
0.151 0.927 13489
0.151 0.947 13501
0.151 0.947 13513
0.152 0.950 13525
0.151 0.959 13537
0.150 0.953 13549
0.154 0.976 13561
0.154 0.976 13573
0.153 0.959 13585
0.155 0.976 13597
0.151 0.985 13609
0.152 0.982 13621
0.152 0.997 13633
0.152 0.994 13645
0.152 0.997 13657
0.153 1.000 13669
0.153 1.008 13681
0.154 1.017 13693
0.151 1.029 13705
0.151 1.017 13717
0.151 1.017 13729
0.154 1.035 13741
0.152 1.032 13753
0.152 1.041 13765
0.154 1.041 13777
0.151 1.041 13789
0.152 1.052 13801
0.154 1.052 13813
0.152 1.055 13825
0.153 1.070 13837
0.152 1.055 13849
0.152 1.070 13861
0.155 1.081 13873
0.153 1.076 13885
0.152 1.078 13897
0.152 1.078 13909
0.152 1.093 13921
0.151 1.093 13933
0.153 1.076 13945
0.153 1.105 13957
0.151 1.099 13969
0.153 1.113 13981
0.152 1.113 13993
0.152 1.113 14005
0.152 1.113 14017
0.152 1.122 14029
0.152 1.125 14041
0.151 1.137 14053
0.150 1.125 14065
0.155 1.140 14077
0.152 1.148 14089
0.152 1.148 14101
0.154 1.157 14113
0.150 1.148 14125
0.154 1.175 14137
0.152 1.169 14149
0.153 1.163 14161
0.152 1.181 14173
0.152 1.172 14185
0.154 1.186 14197
0.153 1.192 14209
0.152 1.192 14221
0.152 1.195 14233
0.152 1.195 14245
0.152 1.195 14257
0.152 1.195 14269
0.154 1.221 14281
0.151 1.218 14293
0.151 1.216 14305
0.154 1.227 14317
0.154 1.239 14329
0.154 1.239 14341
0.151 1.239 14353
0.152 1.239 14365
0.153 1.239 14377
0.151 1.239 14389
0.151 1.251 14401
0.153 1.262 14413
0.154 1.277 14425
0.153 1.274 14437
0.155 1.274 14449
0.154 1.286 14461
0.152 1.265 14473
0.152 1.286 14485
0.150 1.286 14497
0.152 1.277 14509
0.152 1.288 14521
0.153 1.309 14533
0.151 1.309 14545
0.152 1.309 14557
0.150 1.309 14569
0.151 1.312 14581
0.151 1.312 14593
0.150 1.306 14605
0.152 1.321 14617
0.152 1.309 14629
0.154 1.332 14641
0.154 1.332 14653
0.154 1.335 14665
0.153 1.344 14677
0.151 1.344 14689
0.152 1.356 14701
0.152 1.358 14713
0.152 1.358 14725
0.153 1.356 14737
0.154 1.373 14749
0.152 1.379 14761
0.151 1.379 14773
0.152 1.382 14785
0.152 1.382 14797
0.150 1.382 14809
0.152 1.393 14821
0.151 1.402 14833
0.156 1.420 14845
0.153 1.414 14857
0.155 1.420 14869
0.152 1.414 14881
0.152 1.417 14893
0.152 1.426 14905
0.154 1.426 14917
0.152 1.428 14929
0.152 1.440 14941
0.152 1.440 14953
0.152 1.452 14965
0.151 1.446 14977
0.153 1.452 14989
0.152 1.452 15001
0.155 1.472 15013
0.152 1.472 15025
0.152 1.466 15037
0.150 1.472 15049
0.151 1.484 15061
0.152 1.484 15073
0.151 1.487 15085
0.152 1.487 15097
0.152 1.498 15109
0.151 1.498 15121
0.155 1.507 15133
0.152 1.498 15145
0.152 1.498 15157
0.153 1.513 15169
0.152 1.516 15181
0.155 1.519 15193
0.152 1.522 15205
0.151 1.522 15217
0.152 1.522 15229
0.152 1.533 15241
0.152 1.542 15253
0.152 1.542 15265
0.152 1.545 15277
0.152 1.554 15289
0.151 1.557 15301
0.153 1.566 15313
0.154 1.577 15325
0.152 1.583 15337
0.152 1.568 15349
0.152 1.577 15361
0.152 1.580 15373
0.150 1.577 15385
0.151 1.580 15397
0.152 1.589 15409
0.152 1.592 15421
0.152 1.606 15433
0.153 1.601 15445
0.152 1.603 15457
0.151 1.606 15469
0.153 1.624 15481
0.152 1.612 15493
0.152 1.615 15505
0.155 1.641 15517
0.152 1.636 15529
0.153 1.647 15541
0.152 1.636 15553
0.152 1.638 15565
0.155 1.659 15577
0.151 1.647 15589
0.152 1.659 15601
0.154 1.676 15613
0.152 1.650 15625
0.152 1.662 15637
0.152 1.671 15649
0.151 1.682 15661
0.155 1.688 15673
0.151 1.685 15685
0.154 1.694 15697
0.151 1.676 15709
0.153 1.685 15721
0.154 1.706 15733
0.151 1.685 15745
0.151 1.706 15757
0.152 1.717 15769
0.152 1.717 15781
0.155 1.729 15793
0.152 1.717 15805
0.152 1.732 15817
0.154 1.741 15829
0.151 1.732 15841
0.154 1.746 15853
0.152 1.732 15865
0.153 1.741 15877
0.151 1.741 15889
0.151 1.764 15901
0.151 1.752 15913
0.152 1.755 15925
0.152 1.767 15937
0.153 1.764 15949
0.152 1.764 15961
0.154 1.787 15973
0.151 1.776 15985
0.151 1.790 15997
0.155 1.799 16009
0.152 1.799 16021
0.152 1.802 16033
0.154 1.799 16045
0.152 1.802 16057
0.152 1.802 16069
0.152 1.813 16081
0.154 1.828 16093
0.157 1.834 16105
0.151 1.825 16117
0.151 1.825 16129
0.153 1.834 16141
0.151 1.843 16153
0.151 1.848 16165
0.151 1.848 16177
0.154 1.846 16189
0.151 1.848 16201
0.154 1.875 16213
0.152 1.860 16225
0.154 1.869 16237
0.154 1.875 16249
0.151 1.869 16261
0.153 1.881 16273
0.153 1.886 16285
0.152 1.872 16297
0.152 1.883 16309
0.152 1.892 16321
0.154 1.892 16333
0.151 1.895 16345
0.154 1.904 16357
0.151 1.904 16369
0.154 1.921 16381
0.152 1.907 16393
0.152 1.916 16405
0.152 1.916 16417
0.153 1.918 16429
0.151 1.939 16441
0.154 1.951 16453
0.151 1.930 16465
0.152 1.939 16477
0.154 1.962 16489
0.151 1.962 16501
0.152 1.953 16513
0.155 1.962 16525
0.154 1.968 16537
0.152 1.974 16549
0.151 1.977 16561
0.153 1.980 16573
0.153 1.986 16585
0.152 1.986 16597
0.153 1.986 16609
0.150 1.988 16621
0.151 2.000 16633
0.153 2.015 16645
0.151 2.009 16657
0.151 1.988 16669
0.151 1.988 16681
0.152 2.000 16693
0.151 2.021 16705
0.150 2.029 16717
0.151 2.012 16729
0.152 2.021 16741
0.152 2.035 16753
0.152 2.035 16765
0.152 2.044 16777
0.152 2.035 16789
0.152 2.053 16801
0.155 2.061 16813
0.150 2.047 16825
0.151 2.058 16837
0.152 2.056 16849
0.154 2.079 16861
0.152 2.070 16873
0.153 2.067 16885
0.153 2.079 16897
0.153 2.082 16909
0.153 2.082 16921
0.154 2.102 16933
0.152 2.093 16945
0.152 2.091 16957
0.152 2.102 16969
0.154 2.108 16981
0.150 2.105 16993
0.152 2.120 17005
0.153 2.126 17017
0.153 2.126 17029
0.151 2.105 17041
0.150 2.126 17053
0.149 2.128 17065
0.152 2.128 17077
0.151 2.140 17089
0.150 2.143 17101
0.153 2.161 17113
0.152 2.166 17125
0.151 2.161 17137
0.152 2.161 17149
0.154 2.172 17161
0.151 2.175 17173
0.152 2.163 17185
0.150 2.161 17197
0.151 2.163 17209
0.154 2.201 17221
0.154 2.172 17233
0.156 2.201 17245
0.154 2.201 17257
0.155 2.207 17269
0.153 2.187 17281
0.153 2.201 17293
0.155 2.207 17305
0.153 2.198 17317
0.153 2.207 17329
0.152 2.222 17341
0.155 2.236 17353
0.157 2.242 17365
0.153 2.231 17377
0.156 2.248 17389
0.153 2.242 17401
0.154 2.254 17413
0.152 2.245 17425
0.151 2.245 17437
0.150 2.263 17449
0.153 2.268 17461
0.152 2.280 17473
0.154 2.295 17485
0.151 2.266 17497
0.151 2.280 17509
0.150 2.292 17521
0.151 2.289 17533
0.151 2.289 17545
0.155 2.295 17557
0.150 2.289 17569
0.151 2.301 17581
0.151 2.301 17593
0.154 2.324 17605
0.154 2.312 17617
0.151 2.303 17629
0.152 2.327 17641
0.151 2.336 17653
0.152 2.324 17665
0.153 2.341 17677
0.150 2.336 17689
0.151 2.347 17701
0.152 2.347 17713
0.152 2.356 17725
0.152 2.347 17737
0.153 2.347 17749
0.151 2.362 17761
0.153 2.362 17773
0.154 2.359 17785
0.153 2.350 17797
0.152 2.362 17809
0.153 2.362 17821
0.152 2.371 17833
0.156 2.388 17845
0.151 2.388 17857
0.155 2.388 17869
0.152 2.382 17881
0.150 2.394 17893
0.152 2.406 17905
0.154 2.400 17917
0.153 2.385 17929
0.151 2.423 17941
0.152 2.429 17953
0.150 2.417 17965
0.151 2.435 17977
0.151 2.420 17989
0.152 2.446 18001
0.155 2.435 18013
0.151 2.443 18025
0.152 2.446 18037
0.150 2.441 18049
0.150 2.452 18061
0.152 2.452 18073
0.153 2.452 18085
0.151 2.464 18097
0.150 2.467 18109
0.151 2.487 18121
0.151 2.478 18133
0.151 2.478 18145
0.152 2.478 18157
0.152 2.478 18169
0.154 2.499 18181
0.151 2.502 18193
0.154 2.516 18205
0.151 2.511 18217
0.155 2.511 18229
0.152 2.499 18241
0.154 2.528 18253
0.152 2.478 18265
0.153 2.534 18277
0.154 2.534 18289
0.152 2.502 18301
0.153 2.534 18313
0.151 2.525 18325
0.150 2.525 18337
0.155 2.534 18349
0.154 2.546 18361
0.153 2.525 18373
0.153 2.534 18385
0.157 2.546 18397
0.153 2.543 18409
0.156 2.546 18421
0.154 2.546 18433
0.152 2.548 18445
0.151 2.548 18457
0.150 2.560 18469
0.150 2.572 18481
0.154 2.581 18493
0.151 2.581 18505
0.152 2.586 18517
0.149 2.592 18529
0.152 2.604 18541
0.152 2.604 18553
0.152 2.616 18565
0.150 2.595 18577
0.150 2.604 18589
0.152 2.627 18601
0.153 2.627 18613
0.152 2.639 18625
0.152 2.639 18637
0.151 2.630 18649
0.153 2.656 18661
0.154 2.662 18673
0.152 2.639 18685
0.153 2.642 18697
0.153 2.651 18709
0.151 2.662 18721
0.152 2.677 18733
0.152 2.651 18745
0.156 2.686 18757
0.152 2.683 18769
0.152 2.697 18781
0.153 2.700 18793
-0.149 2.651 18806
-0.150 2.627 18818
-0.149 2.618 18830
-0.151 2.607 18842
-0.148 2.610 18854
-0.152 2.581 18866
-0.147 2.604 18878
-0.147 2.604 18890
-0.149 2.583 18902
-0.148 2.572 18914
-0.148 2.581 18926
-0.149 2.566 18938
-0.147 2.575 18950
-0.154 2.537 18962
-0.153 2.537 18974
-0.149 2.511 18986
-0.149 2.502 18998
-0.152 2.513 19010
-0.153 2.502 19022
-0.153 2.499 19034
-0.153 2.502 19046
-0.151 2.499 19058
-0.153 2.499 19070
-0.154 2.490 19082
-0.154 2.478 19094
-0.153 2.487 19106
-0.153 2.478 19118
-0.153 2.481 19130
-0.153 2.476 19142
-0.151 2.487 19154
-0.153 2.473 19166
-0.152 2.464 19178
-0.152 2.467 19190
-0.152 2.452 19202
-0.152 2.455 19214
-0.153 2.452 19226
-0.152 2.449 19238
-0.148 2.452 19250
-0.151 2.446 19262
-0.152 2.449 19274
-0.151 2.441 19286
-0.151 2.443 19298
-0.148 2.432 19310
-0.151 2.429 19322
-0.150 2.429 19334
-0.152 2.441 19346
-0.148 2.417 19358
-0.150 2.432 19370
-0.152 2.408 19382
-0.149 2.408 19394
-0.152 2.394 19406
-0.153 2.394 19418
-0.148 2.417 19430
-0.153 2.373 19442
-0.152 2.376 19454
-0.151 2.385 19466
-0.153 2.362 19478
-0.155 2.359 19490
-0.152 2.362 19502
-0.151 2.362 19514
-0.151 2.359 19526
-0.150 2.359 19538
-0.152 2.359 19550
-0.149 2.347 19562
-0.151 2.338 19574
-0.154 2.338 19586
-0.154 2.333 19598
-0.154 2.327 19610
-0.153 2.327 19622
-0.153 2.324 19634
-0.153 2.315 19646
-0.151 2.315 19658
-0.152 2.312 19670
-0.152 2.303 19682
-0.149 2.306 19694
-0.153 2.301 19706
-0.152 2.289 19718
-0.152 2.292 19730
-0.152 2.289 19742
-0.150 2.292 19754
-0.152 2.277 19766
-0.152 2.268 19778
-0.149 2.245 19790
-0.152 2.266 19802
-0.152 2.254 19814
-0.152 2.257 19826
-0.149 2.266 19838
-0.152 2.242 19850
-0.152 2.245 19862
-0.152 2.233 19874
-0.152 2.231 19886
-0.149 2.248 19898
-0.152 2.222 19910
-0.152 2.219 19922
-0.148 2.236 19934
-0.152 2.213 19946
-0.149 2.219 19958
-0.152 2.196 19970
-0.148 2.213 19982
-0.151 2.198 19994
-0.154 2.187 20006
-0.148 2.201 20018
-0.152 2.187 20030
-0.151 2.175 20042
-0.150 2.172 20054
-0.152 2.175 20066
-0.152 2.175 20078
-0.151 2.166 20090
-0.150 2.166 20102
-0.151 2.166 20114
-0.149 2.172 20126
-0.152 2.161 20138
-0.154 2.140 20150
-0.153 2.140 20162
-0.150 2.155 20174
-0.154 2.137 20186
-0.153 2.140 20198
-0.152 2.137 20210
-0.151 2.126 20222
-0.151 2.117 20234
-0.148 2.137 20246
-0.153 2.128 20258
-0.152 2.099 20270
-0.152 2.105 20282
-0.149 2.114 20294
-0.153 2.102 20306
-0.153 2.102 20318
-0.151 2.105 20330
-0.153 2.091 20342
-0.152 2.079 20354
-0.153 2.082 20366
-0.152 2.067 20378
-0.150 2.073 20390
-0.152 2.058 20402
-0.150 2.079 20414
-0.149 2.067 20426
-0.148 2.067 20438
-0.153 2.058 20450
-0.152 2.047 20462
-0.151 2.056 20474
-0.150 2.044 20486
-0.150 2.044 20498
-0.152 2.035 20510
-0.152 2.021 20522
-0.153 2.021 20534
-0.152 2.021 20546
-0.151 2.021 20558
-0.152 2.012 20570
-0.150 2.015 20582
-0.151 2.015 20594
-0.149 2.003 20606
-0.151 1.988 20618
-0.152 1.988 20630
-0.152 1.988 20642
-0.151 1.986 20654
-0.153 1.974 20666
-0.152 1.980 20678
-0.151 1.974 20690
-0.149 1.980 20702
-0.153 1.965 20714
-0.151 1.974 20726
-0.151 1.962 20738
-0.150 1.968 20750
-0.153 1.942 20762
-0.153 1.942 20774
-0.152 1.942 20786
-0.153 1.942 20798
-0.151 1.942 20810
-0.152 1.939 20822
-0.152 1.927 20834
-0.149 1.939 20846
-0.152 1.918 20858
-0.152 1.907 20870
-0.149 1.910 20882
-0.153 1.907 20894
-0.151 1.895 20906
-0.152 1.895 20918
-0.152 1.892 20930
-0.151 1.883 20942
-0.150 1.892 20954
-0.148 1.892 20966
-0.151 1.872 20978
-0.152 1.860 20990
-0.148 1.881 21002
-0.152 1.869 21014
-0.152 1.857 21026
-0.151 1.857 21038
-0.153 1.846 21050
-0.151 1.848 21062
-0.151 1.860 21074
-0.150 1.846 21086
-0.152 1.834 21098
-0.150 1.846 21110
-0.152 1.846 21122
-0.152 1.837 21134
-0.149 1.840 21146
-0.150 1.834 21158
-0.153 1.813 21170
-0.151 1.802 21182
-0.152 1.793 21194
-0.152 1.802 21206
-0.152 1.787 21218
-0.152 1.805 21230
-0.148 1.799 21242
-0.153 1.776 21254
-0.152 1.790 21266
-0.151 1.776 21278
-0.152 1.755 21290
-0.149 1.781 21302
-0.151 1.755 21314
-0.151 1.755 21326
-0.153 1.755 21338
-0.152 1.752 21350
-0.151 1.741 21362
-0.150 1.732 21374
-0.152 1.741 21386
-0.148 1.741 21398
-0.152 1.729 21410
-0.152 1.717 21422
-0.152 1.729 21434
-0.151 1.720 21446
-0.151 1.717 21458
-0.154 1.708 21470
-0.152 1.708 21482
-0.149 1.706 21494
-0.153 1.697 21506
-0.151 1.694 21518
-0.152 1.685 21530
-0.153 1.691 21542
-0.152 1.688 21554
-0.151 1.706 21566
-0.153 1.685 21578
-0.151 1.688 21590
-0.153 1.662 21602
-0.151 1.688 21614
-0.154 1.662 21626
-0.152 1.662 21638
-0.153 1.653 21650
-0.152 1.647 21662
-0.154 1.647 21674
-0.151 1.636 21686
-0.152 1.650 21698
-0.152 1.615 21710
-0.152 1.630 21722
-0.153 1.615 21734
-0.149 1.630 21746
-0.153 1.624 21758
-0.151 1.606 21770
-0.150 1.612 21782
-0.151 1.601 21794
-0.151 1.603 21806
-0.152 1.592 21818
-0.152 1.589 21830
-0.152 1.577 21842
-0.148 1.577 21854
-0.151 1.568 21866
-0.149 1.574 21878
-0.151 1.568 21890
-0.149 1.566 21902
-0.151 1.568 21914
-0.148 1.566 21926
-0.150 1.554 21938
-0.153 1.545 21950
-0.152 1.554 21962
-0.153 1.545 21974
-0.152 1.554 21986
-0.152 1.542 21998
-0.151 1.536 22010
-0.152 1.519 22022
-0.153 1.522 22034
-0.153 1.519 22046
-0.153 1.522 22058
-0.155 1.516 22070
-0.151 1.507 22082
-0.151 1.513 22094
-0.152 1.513 22106
-0.153 1.510 22118
-0.152 1.498 22130
-0.153 1.498 22142
-0.152 1.484 22154
-0.153 1.496 22166
-0.153 1.490 22178
-0.152 1.475 22190
-0.152 1.484 22202
-0.152 1.472 22214
-0.151 1.475 22226
-0.153 1.469 22238
-0.151 1.463 22250
-0.152 1.461 22262
-0.151 1.449 22274
-0.152 1.440 22286
-0.151 1.452 22298
-0.150 1.440 22310
-0.151 1.443 22322
-0.149 1.437 22334
-0.149 1.414 22346
-0.149 1.402 22358
-0.151 1.426 22370
-0.149 1.402 22382
-0.149 1.396 22394
-0.152 1.393 22406
-0.149 1.382 22418
-0.151 1.391 22430
-0.151 1.408 22442
-0.152 1.382 22454
-0.154 1.379 22466
-0.153 1.379 22478
-0.152 1.379 22490
-0.153 1.367 22502
-0.152 1.356 22514
-0.155 1.367 22526
-0.153 1.358 22538
-0.153 1.367 22550
-0.153 1.367 22562
-0.151 1.332 22574
-0.154 1.347 22586
-0.154 1.344 22598
-0.153 1.356 22610
-0.154 1.332 22622
-0.153 1.323 22634
-0.154 1.326 22646
-0.153 1.323 22658
-0.151 1.326 22670
-0.151 1.329 22682
-0.152 1.312 22694
-0.151 1.315 22706
-0.152 1.309 22718
-0.151 1.309 22730
-0.151 1.312 22742
-0.150 1.297 22754
-0.149 1.309 22766
-0.153 1.300 22778
-0.152 1.288 22790
-0.149 1.274 22802
-0.149 1.274 22814
-0.150 1.274 22826
-0.152 1.277 22838
-0.151 1.265 22850
-0.149 1.265 22862
-0.151 1.262 22874
-0.149 1.242 22886
-0.149 1.218 22898
-0.149 1.224 22910
-0.148 1.221 22922
-0.148 1.221 22934
-0.148 1.216 22946
-0.152 1.204 22958
-0.153 1.204 22970
-0.153 1.195 22982
-0.149 1.192 22994
-0.153 1.192 23006
-0.154 1.192 23018
-0.155 1.189 23030
-0.152 1.186 23042
-0.153 1.172 23054
-0.153 1.172 23066
-0.154 1.172 23078
-0.154 1.172 23090
-0.154 1.160 23102
-0.154 1.163 23114
-0.152 1.175 23126
-0.153 1.160 23138
-0.154 1.157 23150
-0.154 1.148 23162
-0.153 1.146 23174
-0.151 1.146 23186
-0.153 1.146 23198
-0.153 1.137 23210
-0.153 1.134 23222
-0.152 1.128 23234
-0.152 1.134 23246
-0.152 1.134 23258
-0.151 1.116 23270
-0.151 1.125 23282
-0.149 1.122 23294
-0.152 1.102 23306
-0.151 1.111 23318
-0.152 1.090 23330
-0.149 1.116 23342
-0.148 1.116 23354
-0.151 1.102 23366
-0.149 1.099 23378
-0.149 1.087 23390
-0.148 1.081 23402
-0.149 1.076 23414
-0.152 1.064 23426
-0.152 1.055 23438
-0.153 1.043 23450
-0.149 1.055 23462
-0.150 1.055 23474
-0.151 1.043 23486
-0.151 1.052 23498
-0.152 1.029 23510
-0.152 1.020 23522
-0.152 1.008 23534
-0.151 1.017 23546
-0.151 1.017 23558
-0.153 1.008 23570
-0.153 0.997 23582
-0.154 0.994 23594
-0.152 1.006 23606
-0.153 0.985 23618
-0.150 0.988 23630
-0.151 0.988 23642
-0.153 0.994 23654
-0.152 0.973 23666
-0.152 0.982 23678
-0.153 0.971 23690
-0.149 0.976 23702
-0.152 0.962 23714
-0.152 0.962 23726
-0.148 0.976 23738
-0.152 0.973 23750
-0.152 0.950 23762
-0.152 0.959 23774
-0.152 0.950 23786
-0.151 0.938 23798
-0.149 0.941 23810
-0.152 0.936 23822
-0.152 0.930 23834
-0.152 0.927 23846
-0.152 0.927 23858
-0.151 0.918 23870
-0.152 0.915 23882
-0.149 0.906 23894
-0.152 0.906 23906
-0.153 0.895 23918
-0.149 0.901 23930
-0.151 0.892 23942
-0.150 0.892 23954
-0.151 0.877 23966
-0.152 0.889 23978
-0.149 0.866 23990
-0.151 0.868 24002
-0.152 0.868 24014
-0.152 0.866 24026
-0.151 0.868 24038
-0.149 0.866 24050
-0.151 0.854 24062
-0.148 0.854 24074
-0.151 0.845 24086
-0.152 0.833 24098
-0.151 0.831 24110
-0.151 0.831 24122
-0.149 0.836 24134
-0.151 0.831 24146
-0.149 0.836 24158
-0.152 0.813 24170
-0.152 0.819 24182
-0.151 0.798 24194
-0.152 0.798 24206
-0.152 0.807 24218
-0.151 0.801 24230
-0.151 0.796 24242
-0.150 0.798 24254
-0.153 0.775 24266
-0.152 0.775 24278
-0.152 0.772 24290
-0.152 0.775 24302
-0.152 0.766 24314
-0.152 0.752 24326
-0.149 0.772 24338
-0.150 0.761 24350
-0.150 0.755 24362
-0.151 0.737 24374
-0.148 0.743 24386
-0.151 0.743 24398
-0.148 0.726 24410
-0.149 0.737 24422
-0.152 0.728 24434
-0.148 0.726 24446
-0.151 0.714 24458
-0.151 0.717 24470
-0.152 0.705 24482
-0.151 0.714 24494
-0.152 0.702 24506
-0.151 0.702 24518
-0.151 0.691 24530
-0.149 0.691 24542
-0.151 0.682 24554
-0.151 0.682 24566
-0.151 0.679 24578
-0.149 0.679 24590
-0.152 0.670 24602
-0.152 0.667 24614
-0.151 0.658 24626
-0.152 0.658 24638
-0.152 0.650 24650
-0.149 0.661 24662
-0.152 0.647 24674
-0.150 0.661 24686
-0.152 0.647 24698
-0.150 0.632 24710
-0.150 0.644 24722
-0.152 0.635 24734
-0.152 0.621 24746
-0.152 0.623 24758
-0.151 0.621 24770
-0.150 0.626 24782
-0.152 0.609 24794
-0.152 0.600 24806
-0.152 0.588 24818
-0.152 0.597 24830
-0.151 0.588 24842
-0.151 0.588 24854
-0.152 0.583 24866
-0.151 0.588 24878
-0.151 0.577 24890
-0.149 0.565 24902
-0.151 0.559 24914
-0.152 0.562 24926
-0.148 0.562 24938
-0.149 0.551 24950
-0.151 0.553 24962
-0.149 0.542 24974
-0.148 0.556 24986
-0.149 0.539 24998
-0.151 0.539 25010
-0.151 0.527 25022
-0.151 0.530 25034
-0.151 0.527 25046
-0.152 0.527 25058
-0.151 0.516 25070
-0.151 0.516 25082
-0.148 0.521 25094
-0.149 0.492 25106
-0.150 0.527 25118
-0.153 0.495 25130
-0.152 0.495 25142
-0.151 0.492 25154
-0.151 0.492 25166
-0.152 0.492 25178
-0.153 0.483 25190
-0.152 0.469 25202
-0.149 0.481 25214
-0.153 0.472 25226
-0.152 0.469 25238
-0.150 0.475 25250
-0.152 0.466 25262
-0.151 0.434 25274
-0.151 0.448 25286
-0.151 0.463 25298
-0.151 0.457 25310
-0.151 0.434 25322
-0.151 0.437 25334
-0.151 0.422 25346
-0.148 0.440 25358
-0.151 0.416 25370
-0.147 0.416 25382
-0.151 0.402 25394
-0.152 0.402 25406
-0.151 0.390 25418
-0.149 0.411 25430
-0.151 0.390 25442
-0.149 0.387 25454
-0.150 0.378 25466
-0.148 0.387 25478
-0.152 0.376 25490
-0.151 0.364 25502
-0.151 0.364 25514
-0.152 0.364 25526
-0.148 0.364 25538
-0.150 0.364 25550
-0.151 0.352 25562
-0.151 0.349 25574
-0.149 0.341 25586
-0.152 0.343 25598
-0.152 0.349 25610
-0.152 0.332 25622
-0.152 0.332 25634
-0.152 0.329 25646
-0.153 0.329 25658
-0.151 0.323 25670
-0.152 0.329 25682
-0.152 0.308 25694
-0.151 0.317 25706
-0.151 0.306 25718
-0.152 0.300 25730
-0.152 0.306 25742
-0.152 0.300 25754
-0.151 0.294 25766
-0.151 0.282 25778
-0.148 0.294 25790
-0.151 0.285 25802
-0.151 0.282 25814
-0.152 0.273 25826
-0.150 0.259 25838
-0.151 0.247 25850
-0.149 0.253 25862
-0.149 0.238 25874
-0.151 0.253 25886
-0.151 0.236 25898
-0.149 0.233 25910
-0.151 0.236 25922
-0.151 0.236 25934
-0.152 0.224 25946
-0.151 0.224 25958
-0.153 0.212 25970
-0.151 0.203 25982
-0.151 0.203 25994
-0.152 0.201 26006
-0.151 0.201 26018
-0.151 0.192 26030
-0.151 0.192 26042
-0.152 0.180 26054
-0.151 0.192 26066
-0.148 0.183 26078
-0.153 0.168 26090
-0.151 0.180 26102
-0.150 0.195 26114
-0.151 0.168 26126
-0.151 0.157 26138
-0.153 0.166 26150
-0.151 0.166 26162
-0.151 0.157 26174
-0.152 0.157 26186
-0.149 0.166 26198
-0.150 0.154 26210
-0.151 0.145 26222
-0.152 0.133 26234
-0.152 0.145 26246
-0.151 0.142 26258
-0.151 0.122 26270
-0.151 0.131 26282
-0.150 0.113 26294
-0.151 0.122 26306
-0.149 0.122 26318
-0.151 0.107 26330
-0.149 0.110 26342
-0.151 0.107 26354
-0.149 0.098 26366
-0.149 0.090 26378
-0.152 0.072 26390
-0.149 0.084 26402
-0.151 0.061 26414
-0.153 0.063 26426
-0.148 0.066 26438
-0.151 0.061 26450
-0.151 0.043 26462
-0.148 0.049 26474
-0.154 0.040 26486
-0.153 0.040 26498
-0.152 0.028 26510
-0.153 0.028 26522
-0.153 0.028 26534
-0.151 0.037 26546
-0.153 0.026 26558
-0.153 0.026 26570
-0.149 0.026 26582
-0.153 0.014 26594
-0.151 0.014 26606
-0.152 0.005 26618
-0.152 0.002 26630
-0.152 0.002 26642
-0.151 0.002 26654
-0.153 0.002 26666
-0.152 -0.007 26679
0.152 0.061 26691
0.154 0.069 26703
0.157 0.084 26715
0.154 0.101 26727
0.153 0.096 26739
0.153 0.110 26751
0.152 0.110 26763
0.156 0.113 26775
0.154 0.122 26787
0.154 0.119 26799
0.154 0.136 26811
0.153 0.142 26823
0.154 0.142 26835
0.152 0.142 26847
0.155 0.145 26859
0.154 0.154 26871
0.155 0.177 26883
0.152 0.145 26895
0.155 0.177 26907
0.152 0.160 26919
0.152 0.166 26931
0.155 0.177 26943
0.152 0.168 26955
0.152 0.168 26967
0.153 0.186 26979
0.152 0.189 26991
0.151 0.189 27003
0.152 0.192 27015
0.151 0.198 27027
0.151 0.203 27039
0.152 0.215 27051
0.152 0.212 27063
0.152 0.212 27075
0.152 0.215 27087
0.151 0.215 27099
0.153 0.241 27111
0.154 0.247 27123
0.151 0.238 27135
0.154 0.247 27147
0.152 0.236 27159
0.152 0.253 27171
0.152 0.250 27183
0.152 0.259 27195
0.153 0.262 27207
0.151 0.265 27219
0.151 0.271 27231
0.153 0.276 27243
0.152 0.273 27255
0.154 0.288 27267
0.152 0.285 27279
0.154 0.300 27291
0.151 0.294 27303
0.152 0.294 27315
0.151 0.317 27327
0.151 0.306 27339
0.151 0.320 27351
0.153 0.323 27363
0.152 0.329 27375
0.150 0.329 27387
0.151 0.329 27399
0.152 0.341 27411
0.154 0.352 27423
0.154 0.352 27435
0.154 0.352 27447
0.154 0.352 27459
0.153 0.376 27471
0.152 0.364 27483
0.152 0.367 27495
0.151 0.370 27507
0.152 0.376 27519
0.154 0.387 27531
0.152 0.378 27543
0.152 0.387 27555
0.152 0.399 27567
0.152 0.393 27579
0.151 0.402 27591
0.154 0.416 27603
0.152 0.396 27615
0.152 0.402 27627
0.154 0.428 27639
0.155 0.434 27651
0.151 0.425 27663
0.151 0.434 27675
0.154 0.440 27687
0.152 0.434 27699
0.152 0.437 27711
0.154 0.457 27723
0.154 0.457 27735
0.154 0.463 27747
0.155 0.475 27759
0.152 0.460 27771
0.154 0.469 27783
0.155 0.481 27795
0.152 0.469 27807
0.152 0.472 27819
0.152 0.483 27831
0.151 0.492 27843
0.152 0.492 27855
0.152 0.489 27867
0.152 0.495 27879
0.152 0.504 27891
0.152 0.510 27903
0.151 0.516 27915
0.152 0.518 27927
0.151 0.527 27939
0.151 0.527 27951
0.154 0.527 27963
0.151 0.539 27975
0.152 0.539 27987
0.153 0.542 27999
0.152 0.551 28011
0.153 0.562 28023
0.153 0.568 28035
0.152 0.553 28047
0.152 0.551 28059
0.154 0.574 28071
0.151 0.574 28083
0.151 0.577 28095
0.153 0.586 28107
0.151 0.574 28119
0.154 0.597 28131
0.154 0.586 28143
0.152 0.588 28155
0.152 0.600 28167
0.152 0.600 28179
0.152 0.609 28191
0.154 0.626 28203
0.152 0.612 28215
0.152 0.612 28227
0.156 0.632 28239
0.151 0.626 28251
0.153 0.635 28263
0.151 0.635 28275
0.155 0.650 28287
0.151 0.644 28299
0.152 0.656 28311
0.152 0.653 28323
0.153 0.667 28335
0.154 0.667 28347
0.152 0.658 28359
0.152 0.682 28371
0.155 0.679 28383
0.155 0.679 28395
0.155 0.679 28407
0.153 0.691 28419
0.152 0.691 28431
0.155 0.708 28443
0.152 0.696 28455
0.155 0.714 28467
0.152 0.714 28479
0.152 0.711 28491
0.153 0.717 28503
0.152 0.723 28515
0.152 0.728 28527
0.152 0.728 28539
0.152 0.737 28551
0.155 0.749 28563
0.154 0.755 28575
0.154 0.761 28587
0.152 0.752 28599
0.152 0.749 28611
0.151 0.761 28623
0.152 0.763 28635
0.152 0.772 28647
0.151 0.775 28659
0.152 0.784 28671
0.151 0.775 28683
0.152 0.784 28695
0.152 0.775 28707
0.152 0.787 28719
0.152 0.798 28731
0.154 0.813 28743
0.154 0.807 28755
0.152 0.810 28767
0.154 0.819 28779
0.152 0.819 28791
0.155 0.831 28803
0.152 0.819 28815
0.155 0.842 28827
0.154 0.836 28839
0.153 0.842 28851
0.152 0.842 28863
0.154 0.848 28875
0.154 0.854 28887
0.151 0.854 28899
0.152 0.860 28911
0.155 0.866 28923
0.153 0.868 28935
0.153 0.883 28947
0.154 0.866 28959
0.153 0.883 28971
0.152 0.880 28983
0.154 0.895 28995
0.153 0.901 29007
0.151 0.892 29019
0.152 0.901 29031
0.152 0.906 29043
0.153 0.906 29055
0.154 0.918 29067
0.152 0.912 29079
0.151 0.924 29091
0.152 0.930 29103
0.151 0.936 29115
0.153 0.947 29127
0.152 0.936 29139
0.153 0.947 29151
0.155 0.953 29163
0.152 0.950 29175
0.152 0.959 29187
0.153 0.950 29199
0.152 0.971 29211
0.152 0.971 29223
0.152 0.973 29235
0.152 0.985 29247
0.151 0.982 29259
0.152 0.982 29271
0.152 0.985 29283
0.153 0.994 29295
0.153 1.006 29307
0.151 0.997 29319
0.154 1.006 29331
0.154 1.017 29343
0.152 1.017 29355
0.152 1.020 29367
0.150 1.017 29379
0.152 1.029 29391
0.151 1.032 29403
0.153 1.041 29415
0.150 1.041 29427
0.152 1.041 29439
0.152 1.046 29451
0.155 1.052 29463
0.152 1.052 29475
0.152 1.064 29487
0.152 1.055 29499
0.152 1.067 29511
0.152 1.076 29523
0.152 1.076 29535
0.151 1.078 29547
0.151 1.067 29559
0.152 1.087 29571
0.151 1.090 29583
0.152 1.090 29595
0.154 1.099 29607
0.151 1.102 29619
0.154 1.116 29631
0.152 1.113 29643
0.150 1.119 29655
0.156 1.122 29667
0.153 1.122 29679
0.152 1.134 29691
0.152 1.134 29703
0.152 1.137 29715
0.153 1.134 29727
0.154 1.146 29739
0.152 1.148 29751
0.150 1.148 29763
0.152 1.148 29775
0.153 1.172 29787
0.151 1.160 29799
0.152 1.169 29811
0.155 1.181 29823
0.152 1.181 29835
0.152 1.172 29847
0.152 1.181 29859
0.152 1.192 29871
0.152 1.192 29883
0.154 1.210 29895
0.151 1.204 29907
0.152 1.207 29919
0.151 1.207 29931
0.154 1.239 29943
0.151 1.227 29955
0.153 1.218 29967
0.151 1.218 29979
0.152 1.236 29991
0.154 1.239 30003
0.153 1.239 30015
0.152 1.242 30027
0.150 1.242 30039
0.152 1.256 30051
0.151 1.253 30063
0.154 1.274 30075
0.152 1.262 30087
0.151 1.262 30099
0.150 1.274 30111
0.153 1.286 30123
0.152 1.286 30135
0.152 1.265 30147
0.152 1.286 30159
0.151 1.288 30171
0.152 1.297 30183
0.151 1.288 30195
0.152 1.303 30207
0.153 1.312 30219
0.151 1.318 30231
0.154 1.326 30243
0.151 1.321 30255
0.152 1.332 30267
0.155 1.332 30279
0.152 1.335 30291
0.152 1.335 30303
0.153 1.332 30315
0.151 1.344 30327
0.154 1.361 30339
0.153 1.347 30351
0.151 1.358 30363
0.152 1.358 30375
0.152 1.358 30387
0.151 1.367 30399
0.152 1.370 30411
0.153 1.391 30423
0.152 1.379 30435
0.154 1.402 30447
0.152 1.391 30459
0.151 1.402 30471
0.152 1.393 30483
0.154 1.414 30495
0.152 1.393 30507
0.151 1.405 30519
0.151 1.414 30531
0.154 1.420 30543
0.152 1.426 30555
0.155 1.426 30567
0.150 1.426 30579
0.151 1.440 30591
0.152 1.440 30603
0.151 1.440 30615
0.153 1.449 30627
0.151 1.449 30639
0.152 1.461 30651
0.151 1.463 30663
0.152 1.463 30675
0.152 1.461 30687
0.154 1.472 30699
0.152 1.475 30711
0.152 1.472 30723
0.154 1.496 30735
0.151 1.487 30747
0.151 1.490 30759
0.151 1.498 30771
0.152 1.498 30783
0.151 1.498 30795
0.151 1.510 30807
0.152 1.519 30819
0.152 1.519 30831
0.152 1.522 30843
0.151 1.516 30855
0.150 1.533 30867
0.152 1.522 30879
0.152 1.539 30891
0.151 1.536 30903
0.151 1.536 30915
0.153 1.548 30927
0.152 1.542 30939
0.151 1.557 30951
0.151 1.557 30963
0.152 1.566 30975
0.152 1.577 30987
0.152 1.568 30999
0.152 1.568 31011
0.154 1.595 31023
0.151 1.577 31035
0.153 1.557 31047
0.151 1.589 31059
0.151 1.601 31071
0.152 1.601 31083
0.152 1.603 31095
0.153 1.615 31107
0.153 1.612 31119
0.152 1.624 31131
0.152 1.615 31143
0.152 1.612 31155
0.154 1.612 31167
0.155 1.612 31179
0.154 1.647 31191
0.152 1.636 31203
0.152 1.638 31215
0.150 1.656 31227
0.152 1.650 31239
0.151 1.659 31251
0.153 1.671 31263
0.151 1.662 31275
0.154 1.682 31287
0.151 1.671 31299
0.150 1.682 31311
0.154 1.688 31323
0.150 1.676 31335
0.151 1.685 31347
0.152 1.685 31359
0.151 1.685 31371
0.155 1.706 31383
0.152 1.694 31395
0.151 1.708 31407
0.152 1.706 31419
0.154 1.729 31431
0.151 1.729 31443
0.151 1.720 31455
0.155 1.706 31467
0.152 1.732 31479
0.152 1.732 31491
0.153 1.741 31503
0.152 1.732 31515
0.154 1.752 31527
0.155 1.752 31539
0.154 1.764 31551
0.151 1.764 31563
0.152 1.767 31575
0.155 1.770 31587
0.152 1.767 31599
0.152 1.773 31611
0.153 1.787 31623
0.150 1.787 31635
0.152 1.799 31647
0.152 1.778 31659
0.153 1.790 31671
0.154 1.799 31683
0.152 1.790 31695
0.150 1.799 31707
0.151 1.802 31719
0.152 1.813 31731
0.156 1.828 31743
0.151 1.822 31755
0.154 1.840 31767
0.152 1.825 31779
0.154 1.840 31791
0.152 1.846 31803
0.151 1.837 31815
0.153 1.863 31827
0.151 1.840 31839
0.152 1.848 31851
0.152 1.857 31863
0.151 1.860 31875
0.153 1.846 31887
0.151 1.866 31899
0.151 1.872 31911
0.152 1.872 31923
0.153 1.892 31935
0.154 1.875 31947
0.151 1.892 31959
0.153 1.892 31971
0.152 1.892 31983
0.152 1.895 31995
0.156 1.892 32007
0.151 1.895 32019
0.155 1.921 32031
0.152 1.916 32043
0.154 1.895 32055
0.154 1.927 32067
0.151 1.927 32079
0.155 1.939 32091
0.152 1.939 32103
0.152 1.927 32115
0.149 1.942 32127
0.153 1.962 32139
0.154 1.956 32151
0.152 1.951 32163
0.153 1.968 32175
0.150 1.965 32187
0.154 1.980 32199
0.153 1.980 32211
0.153 1.980 32223
0.153 1.986 32235
0.150 1.974 32247
0.151 1.977 32259
0.152 1.988 32271
0.154 1.986 32283
0.152 1.997 32295
0.151 2.009 32307
0.155 2.021 32319
0.151 2.012 32331
0.151 2.012 32343
0.151 2.012 32355
0.150 2.035 32367
0.154 2.032 32379
0.152 2.032 32391
0.154 2.032 32403
0.151 2.032 32415
0.154 2.073 32427
0.151 2.035 32439
0.151 2.047 32451
0.152 2.047 32463
0.151 2.058 32475
0.149 2.058 32487
0.150 2.070 32499
0.151 2.070 32511
0.150 2.070 32523
0.152 2.079 32535
0.154 2.079 32547
0.152 2.079 32559
0.151 2.082 32571
0.153 2.058 32583
0.152 2.093 32595
0.152 2.096 32607
0.152 2.099 32619
0.154 2.120 32631
0.152 2.114 32643
0.152 2.117 32655
0.154 2.126 32667
0.154 2.120 32679
0.153 2.126 32691
0.154 2.137 32703
0.152 2.128 32715
0.154 2.114 32727
0.154 2.155 32739
0.152 2.149 32751
0.152 2.152 32763
0.151 2.152 32775
0.150 2.149 32787
0.152 2.169 32799
0.152 2.161 32811
0.152 2.172 32823
0.153 2.172 32835
0.152 2.172 32847
0.152 2.172 32859
0.152 2.184 32871
0.154 2.172 32883
0.154 2.201 32895
0.153 2.201 32907
0.154 2.213 32919
0.156 2.213 32931
0.152 2.207 32943
0.152 2.210 32955
0.151 2.219 32967
0.152 2.198 32979
0.152 2.207 32991
0.148 2.207 33003
0.152 2.231 33015
0.152 2.236 33027
0.153 2.231 33039
0.152 2.242 33051
0.152 2.242 33063
0.155 2.254 33075
0.153 2.268 33087
0.151 2.245 33099
0.152 2.254 33111
0.153 2.254 33123
0.150 2.268 33135
0.157 2.301 33147
0.150 2.266 33159
0.154 2.283 33171
0.152 2.289 33183
0.152 2.289 33195
0.152 2.280 33207
0.155 2.312 33219
0.152 2.301 33231
0.154 2.312 33243
0.152 2.315 33255
0.154 2.338 33267
0.150 2.312 33279
0.154 2.324 33291
0.151 2.327 33303
0.150 2.324 33315
0.154 2.341 33327
0.152 2.327 33339
0.153 2.336 33351
0.155 2.353 33363
0.154 2.353 33375
0.154 2.359 33387
0.151 2.338 33399
0.152 2.350 33411
0.154 2.359 33423
0.151 2.362 33435
0.152 2.359 33447
0.152 2.371 33459
0.155 2.388 33471
0.154 2.388 33483
0.151 2.373 33495
0.153 2.388 33507
0.153 2.400 33519
0.152 2.382 33531
0.151 2.406 33543
0.151 2.406 33555
0.153 2.406 33567
0.155 2.406 33579
0.151 2.408 33591
0.154 2.423 33603
0.153 2.432 33615
0.154 2.417 33627
0.154 2.435 33639
0.151 2.420 33651
0.151 2.432 33663
0.152 2.443 33675
0.152 2.432 33687
0.151 2.441 33699
0.152 2.452 33711
0.152 2.455 33723
0.154 2.452 33735
0.151 2.464 33747
0.154 2.452 33759
0.150 2.473 33771
0.150 2.487 33783
0.154 2.487 33795
0.151 2.476 33807
0.151 2.487 33819
0.151 2.478 33831
0.154 2.499 33843
0.151 2.484 33855
0.151 2.490 33867
0.154 2.499 33879
0.152 2.511 33891
0.154 2.522 33903
0.154 2.511 33915
0.154 2.516 33927
0.152 2.511 33939
0.151 2.525 33951
0.152 2.525 33963
0.154 2.540 33975
0.152 2.525 33987
0.152 2.537 33999
0.154 2.546 34011
0.152 2.546 34023
0.152 2.534 34035
0.151 2.548 34047
0.151 2.560 34059
0.152 2.572 34071
0.152 2.560 34083
0.154 2.575 34095
0.151 2.569 34107
0.154 2.592 34119
0.153 2.586 34131
0.155 2.592 34143
0.152 2.589 34155
0.151 2.583 34167
0.152 2.592 34179
0.152 2.595 34191
0.151 2.607 34203
0.151 2.607 34215
0.153 2.621 34227
0.151 2.610 34239
0.152 2.616 34251
0.151 2.618 34263
0.150 2.633 34275
0.154 2.639 34287
0.154 2.639 34299
0.156 2.639 34311
0.154 2.639 34323
0.156 2.639 34335
0.152 2.662 34347
0.155 2.656 34359
0.151 2.642 34371
0.154 2.674 34383
0.152 2.665 34395
0.151 2.662 34407
0.154 2.674 34419
0.151 2.688 34431
0.152 2.677 34443
0.152 2.674 34455
0.152 2.677 34467
0.153 2.688 34479
0.151 2.686 34491
0.152 2.697 34503
0.152 2.700 34515
-0.152 2.653 34528
-0.152 2.616 34540
-0.151 2.630 34552
-0.152 2.610 34564
-0.151 2.607 34576
-0.152 2.595 34588
-0.152 2.616 34600
-0.148 2.610 34612
-0.150 2.581 34624
-0.152 2.572 34636
-0.152 2.581 34648
-0.148 2.604 34660
-0.152 2.560 34672
-0.150 2.575 34684
-0.150 2.569 34696
-0.154 2.548 34708
-0.151 2.537 34720
-0.152 2.546 34732
-0.154 2.546 34744
-0.154 2.534 34756
-0.153 2.525 34768
-0.152 2.519 34780
-0.154 2.522 34792
-0.153 2.525 34804
-0.151 2.528 34816
-0.152 2.513 34828
-0.151 2.522 34840
-0.151 2.502 34852
-0.152 2.502 34864
-0.152 2.499 34876
-0.151 2.490 34888
-0.152 2.487 34900
-0.151 2.478 34912
-0.149 2.478 34924
-0.152 2.476 34936
-0.153 2.473 34948
-0.151 2.476 34960
-0.152 2.467 34972
-0.151 2.476 34984
-0.152 2.467 34996
-0.151 2.467 35008
-0.149 2.476 35020
-0.148 2.452 35032
-0.153 2.441 35044
-0.151 2.441 35056
-0.152 2.429 35068
-0.149 2.443 35080
-0.148 2.441 35092
-0.153 2.417 35104
-0.152 2.417 35116
-0.151 2.417 35128
-0.153 2.397 35140
-0.151 2.406 35152
-0.152 2.420 35164
-0.152 2.397 35176
-0.152 2.394 35188
-0.153 2.397 35200
-0.153 2.394 35212
-0.152 2.385 35224
-0.151 2.373 35236
-0.151 2.373 35248
-0.153 2.362 35260
-0.152 2.362 35272
-0.149 2.359 35284
-0.152 2.362 35296
-0.152 2.353 35308
-0.152 2.350 35320
-0.151 2.362 35332
-0.152 2.336 35344
-0.152 2.336 35356
-0.153 2.336 35368
-0.148 2.347 35380
-0.151 2.315 35392
-0.153 2.324 35404
-0.151 2.324 35416
-0.153 2.315 35428
-0.151 2.306 35440
-0.152 2.292 35452
-0.149 2.315 35464
-0.152 2.301 35476
-0.151 2.292 35488
-0.150 2.315 35500
-0.151 2.289 35512
-0.150 2.266 35524
-0.149 2.295 35536
-0.152 2.280 35548
-0.148 2.277 35560
-0.151 2.277 35572
-0.152 2.257 35584
-0.152 2.257 35596
-0.153 2.254 35608
-0.149 2.254 35620
-0.152 2.245 35632
-0.152 2.245 35644
-0.153 2.254 35656
-0.152 2.242 35668
-0.149 2.233 35680
-0.153 2.222 35692
-0.152 2.233 35704
-0.153 2.222 35716
-0.152 2.213 35728
-0.152 2.198 35740
-0.148 2.219 35752
-0.151 2.210 35764
-0.153 2.207 35776
-0.150 2.207 35788
-0.151 2.207 35800
-0.151 2.187 35812
-0.152 2.198 35824
-0.152 2.187 35836
-0.153 2.175 35848
-0.148 2.172 35860
-0.148 2.166 35872
-0.151 2.193 35884
-0.153 2.152 35896
-0.151 2.149 35908
-0.151 2.172 35920
-0.151 2.163 35932
-0.150 2.137 35944
-0.151 2.155 35956
-0.152 2.140 35968
-0.154 2.114 35980
-0.148 2.114 35992
-0.152 2.140 36004
-0.153 2.126 36016
-0.152 2.114 36028
-0.151 2.137 36040
-0.154 2.105 36052
-0.152 2.114 36064
-0.152 2.102 36076
-0.153 2.093 36088
-0.153 2.091 36100
-0.153 2.082 36112
-0.154 2.082 36124
-0.149 2.096 36136
-0.150 2.079 36148
-0.151 2.096 36160
-0.154 2.082 36172
-0.151 2.091 36184
-0.151 2.058 36196
-0.152 2.067 36208
-0.152 2.035 36220
-0.153 2.035 36232
-0.152 2.056 36244
-0.152 2.050 36256
-0.152 2.035 36268
-0.152 2.032 36280
-0.153 2.029 36292
-0.149 2.044 36304
-0.153 2.023 36316
-0.149 2.000 36328
-0.153 2.009 36340
-0.148 2.026 36352
-0.152 2.009 36364
-0.152 2.009 36376
-0.152 1.988 36388
-0.152 1.997 36400
-0.155 2.009 36412
-0.153 1.988 36424
-0.151 1.988 36436
-0.152 1.977 36448
-0.153 1.977 36460
-0.152 1.974 36472
-0.152 1.965 36484
-0.152 1.965 36496
-0.154 1.956 36508
-0.150 1.942 36520
-0.154 1.951 36532
-0.151 1.951 36544
-0.152 1.942 36556
-0.152 1.939 36568
-0.152 1.918 36580
-0.154 1.918 36592
-0.154 1.951 36604
-0.152 1.918 36616
-0.152 1.916 36628
-0.155 1.939 36640
-0.154 1.916 36652
-0.149 1.921 36664
-0.150 1.910 36676
-0.152 1.907 36688
-0.154 1.918 36700
-0.153 1.907 36712
-0.153 1.895 36724
-0.152 1.892 36736
-0.153 1.881 36748
-0.151 1.895 36760
-0.152 1.872 36772
-0.152 1.883 36784
-0.149 1.881 36796
-0.149 1.875 36808
-0.153 1.869 36820
-0.150 1.872 36832
-0.151 1.813 36844
-0.152 1.846 36856
-0.152 1.848 36868
-0.152 1.851 36880
-0.151 1.825 36892
-0.152 1.825 36904
-0.153 1.825 36916
-0.150 1.828 36928
-0.149 1.790 36940
-0.148 1.834 36952
-0.151 1.778 36964
-0.153 1.802 36976
-0.153 1.799 36988
-0.147 1.787 37000
-0.152 1.778 37012
-0.150 1.781 37024
-0.149 1.793 37036
-0.152 1.778 37048
-0.155 1.764 37060
-0.155 1.752 37072
-0.153 1.764 37084
-0.152 1.764 37096
-0.154 1.767 37108
-0.147 1.752 37120
-0.153 1.741 37132
-0.152 1.752 37144
-0.152 1.755 37156
-0.153 1.732 37168
-0.155 1.726 37180
-0.154 1.720 37192
-0.155 1.720 37204
-0.151 1.720 37216
-0.153 1.717 37228
-0.154 1.708 37240
-0.152 1.708 37252
-0.154 1.717 37264
-0.150 1.694 37276
-0.153 1.708 37288
-0.150 1.706 37300
-0.152 1.700 37312
-0.151 1.706 37324
-0.152 1.685 37336
-0.153 1.685 37348
-0.152 1.685 37360
-0.148 1.688 37372
-0.151 1.697 37384
-0.153 1.659 37396
-0.152 1.662 37408
-0.150 1.673 37420
-0.145 1.676 37432
-0.149 1.662 37444
-0.153 1.650 37456
-0.152 1.650 37468
-0.148 1.662 37480
-0.147 1.662 37492
-0.147 1.650 37504
-0.150 1.630 37516
-0.153 1.627 37528
-0.147 1.647 37540
-0.152 1.615 37552
-0.152 1.615 37564
-0.151 1.612 37576
-0.151 1.606 37588
-0.153 1.592 37600
-0.152 1.603 37612
-0.151 1.615 37624
-0.151 1.589 37636
-0.152 1.580 37648
-0.152 1.603 37660
-0.149 1.601 37672
-0.153 1.568 37684
-0.149 1.577 37696
-0.153 1.577 37708
-0.151 1.554 37720
-0.153 1.554 37732
-0.153 1.545 37744
-0.151 1.542 37756
-0.152 1.554 37768
-0.152 1.533 37780
-0.149 1.536 37792
-0.152 1.533 37804
-0.151 1.533 37816
-0.151 1.522 37828
-0.151 1.522 37840
-0.152 1.519 37852
-0.152 1.510 37864
-0.151 1.498 37876
-0.151 1.513 37888
-0.152 1.507 37900
-0.152 1.487 37912
-0.154 1.484 37924
-0.152 1.487 37936
-0.149 1.484 37948
-0.153 1.490 37960
-0.151 1.484 37972
-0.151 1.472 37984
-0.153 1.463 37996
-0.150 1.472 38008
-0.152 1.466 38020
-0.153 1.452 38032
-0.149 1.461 38044
-0.153 1.449 38056
-0.153 1.449 38068
-0.153 1.440 38080
-0.153 1.428 38092
-0.151 1.428 38104
-0.152 1.426 38116
-0.153 1.414 38128
-0.152 1.426 38140
-0.152 1.414 38152
-0.153 1.405 38164
-0.153 1.402 38176
-0.152 1.402 38188
-0.151 1.414 38200
-0.150 1.414 38212
-0.152 1.402 38224
-0.153 1.391 38236
-0.153 1.379 38248
-0.150 1.396 38260
-0.152 1.367 38272
-0.149 1.367 38284
-0.153 1.370 38296
-0.153 1.358 38308
-0.152 1.358 38320
-0.150 1.361 38332
-0.151 1.347 38344
-0.152 1.347 38356
-0.150 1.356 38368
-0.152 1.344 38380
-0.150 1.332 38392
-0.152 1.332 38404
-0.153 1.312 38416
-0.153 1.321 38428
-0.152 1.303 38440
-0.153 1.309 38452
-0.151 1.300 38464
-0.149 1.309 38476
-0.153 1.300 38488
-0.153 1.306 38500
-0.153 1.309 38512
-0.152 1.300 38524
-0.152 1.286 38536
-0.153 1.265 38548
-0.148 1.303 38560
-0.152 1.274 38572
-0.152 1.286 38584
-0.153 1.262 38596
-0.150 1.268 38608
-0.148 1.286 38620
-0.151 1.239 38632
-0.152 1.242 38644
-0.153 1.239 38656
-0.152 1.239 38668
-0.151 1.227 38680
-0.148 1.227 38692
-0.150 1.239 38704
-0.149 1.227 38716
-0.153 1.227 38728
-0.150 1.227 38740
-0.150 1.216 38752
-0.153 1.192 38764
-0.152 1.195 38776
-0.153 1.213 38788
-0.151 1.204 38800
-0.151 1.183 38812
-0.151 1.183 38824
-0.148 1.204 38836
-0.152 1.181 38848
-0.151 1.178 38860
-0.151 1.163 38872
-0.153 1.169 38884
-0.152 1.172 38896
-0.153 1.160 38908
-0.151 1.160 38920
-0.151 1.146 38932
-0.152 1.140 38944
-0.152 1.146 38956
-0.153 1.148 38968
-0.148 1.146 38980
-0.153 1.146 38992
-0.153 1.125 39004
-0.153 1.134 39016
-0.152 1.134 39028
-0.151 1.134 39040
-0.152 1.122 39052
-0.149 1.116 39064
-0.149 1.116 39076
-0.150 1.111 39088
-0.153 1.128 39100
-0.152 1.090 39112
-0.151 1.087 39124
-0.153 1.102 39136
-0.153 1.070 39148
-0.153 1.078 39160
-0.152 1.076 39172
-0.152 1.055 39184
-0.152 1.073 39196
-0.152 1.067 39208
-0.153 1.067 39220
-0.152 1.055 39232
-0.154 1.064 39244
-0.154 1.055 39256
-0.151 1.041 39268
-0.152 1.043 39280
-0.151 1.032 39292
-0.151 1.017 39304
-0.153 1.032 39316
-0.151 1.035 39328
-0.152 1.006 39340
-0.152 0.997 39352
-0.152 1.023 39364
-0.151 1.006 39376
-0.154 1.008 39388
-0.152 0.985 39400
-0.151 0.971 39412
-0.153 0.971 39424
-0.152 0.997 39436
-0.152 0.982 39448
-0.152 0.994 39460
-0.154 0.973 39472
-0.153 0.971 39484
-0.149 0.982 39496
-0.153 0.962 39508
-0.152 0.962 39520
-0.151 0.941 39532
-0.152 0.947 39544
-0.151 0.959 39556
-0.153 0.927 39568
-0.152 0.933 39580
-0.151 0.924 39592
-0.153 0.915 39604
-0.152 0.924 39616
-0.153 0.936 39628
-0.151 0.924 39640
-0.152 0.915 39652
-0.153 0.912 39664
-0.149 0.912 39676
-0.152 0.892 39688
-0.155 0.892 39700
-0.153 0.868 39712
-0.153 0.877 39724
-0.154 0.880 39736
-0.151 0.892 39748
-0.152 0.866 39760
-0.152 0.868 39772
-0.151 0.860 39784
-0.149 0.889 39796
-0.152 0.854 39808
-0.155 0.845 39820
-0.154 0.845 39832
-0.153 0.833 39844
-0.149 0.866 39856
-0.153 0.845 39868
-0.155 0.831 39880
-0.154 0.845 39892
-0.154 0.845 39904
-0.149 0.842 39916
-0.150 0.848 39928
-0.154 0.822 39940
-0.153 0.819 39952
-0.154 0.822 39964
-0.152 0.787 39976
-0.152 0.822 39988
-0.153 0.772 40000
-0.154 0.807 40012
-0.154 0.784 40024
-0.153 0.787 40036
-0.154 0.796 40048
-0.151 0.766 40060
-0.154 0.752 40072
-0.151 0.775 40084
-0.151 0.769 40096
-0.150 0.772 40108
-0.148 0.761 40120
-0.151 0.737 40132
-0.152 0.737 40144
-0.150 0.755 40156
-0.152 0.723 40168
-0.153 0.717 40180
-0.150 0.717 40192
-0.152 0.717 40204
-0.151 0.714 40216
-0.151 0.705 40228
-0.153 0.702 40240
-0.152 0.705 40252
-0.149 0.693 40264
-0.151 0.693 40276
-0.152 0.705 40288
-0.151 0.693 40300
-0.148 0.679 40312
-0.151 0.682 40324
-0.152 0.691 40336
-0.155 0.682 40348
-0.151 0.679 40360
-0.148 0.679 40372
-0.151 0.673 40384
-0.152 0.667 40396
-0.155 0.667 40408
-0.152 0.658 40420
-0.148 0.661 40432
-0.154 0.644 40444
-0.154 0.635 40456
-0.154 0.647 40468
-0.152 0.632 40480
-0.151 0.632 40492
-0.151 0.632 40504
-0.152 0.623 40516
-0.155 0.635 40528
-0.153 0.621 40540
-0.148 0.632 40552
-0.148 0.632 40564
-0.154 0.621 40576
-0.154 0.621 40588
-0.154 0.600 40600
-0.149 0.612 40612
-0.153 0.609 40624
-0.152 0.600 40636
-0.151 0.597 40648
-0.149 0.574 40660
-0.146 0.539 40672
-0.146 0.539 40684
-0.149 0.539 40696
-0.149 0.568 40708
-0.152 0.518 40720
-0.149 0.518 40732
-0.151 0.518 40744
-0.152 0.542 40756
-0.152 0.542 40768
-0.151 0.504 40780
-0.149 0.539 40792
-0.151 0.527 40804
-0.152 0.518 40816
-0.151 0.492 40828
-0.149 0.486 40840
-0.149 0.483 40852
-0.151 0.504 40864
-0.153 0.510 40876
-0.154 0.481 40888
-0.156 0.483 40900
-0.151 0.472 40912
-0.149 0.481 40924
-0.157 0.472 40936
-0.156 0.469 40948
-0.157 0.469 40960
-0.154 0.457 40972
-0.156 0.460 40984
-0.156 0.448 40996
-0.154 0.463 41008
-0.155 0.446 41020
-0.155 0.437 41032
-0.155 0.446 41044
-0.155 0.437 41056
-0.155 0.437 41068
-0.155 0.434 41080
-0.152 0.434 41092
-0.152 0.434 41104
-0.152 0.434 41116
-0.151 0.428 41128
-0.153 0.422 41140
-0.152 0.402 41152
-0.152 0.413 41164
-0.152 0.413 41176
-0.153 0.411 41188
-0.153 0.402 41200
-0.151 0.402 41212
-0.149 0.399 41224
-0.150 0.399 41236
-0.149 0.399 41248
-0.149 0.390 41260
-0.151 0.390 41272
-0.151 0.387 41284
-0.148 0.393 41296
-0.151 0.378 41308
-0.148 0.370 41320
-0.149 0.387 41332
-0.149 0.373 41344
-0.149 0.367 41356
-0.146 0.370 41368
-0.146 0.352 41380
-0.152 0.332 41392
-0.152 0.332 41404
-0.153 0.332 41416
-0.152 0.323 41428
-0.153 0.320 41440
-0.146 0.352 41452
-0.152 0.320 41464
-0.147 0.288 41476
-0.151 0.329 41488
-0.148 0.273 41500
-0.152 0.306 41512
-0.154 0.317 41524
-0.154 0.262 41536
-0.151 0.285 41548
-0.152 0.259 41560
-0.154 0.250 41572
-0.154 0.259 41584
-0.151 0.282 41596
-0.155 0.236 41608
-0.154 0.238 41620
-0.153 0.238 41632
-0.154 0.233 41644
-0.153 0.227 41656
-0.150 0.241 41668
-0.153 0.230 41680
-0.151 0.238 41692
-0.152 0.238 41704
-0.152 0.236 41716
-0.151 0.227 41728
-0.153 0.215 41740
-0.152 0.224 41752
-0.151 0.218 41764
-0.151 0.201 41776
-0.151 0.206 41788
-0.153 0.206 41800
-0.151 0.201 41812
-0.150 0.206 41824
-0.151 0.192 41836
-0.151 0.192 41848
-0.153 0.177 41860
-0.148 0.195 41872
-0.151 0.180 41884
-0.151 0.157 41896
-0.149 0.177 41908
-0.146 0.160 41920
-0.151 0.168 41932
-0.152 0.166 41944
-0.152 0.154 41956
-0.152 0.145 41968
-0.148 0.142 41980
-0.152 0.142 41992
-0.149 0.148 42004
-0.151 0.122 42016
-0.152 0.122 42028
-0.152 0.122 42040
-0.149 0.119 42052
-0.151 0.119 42064
-0.152 0.110 42076
-0.150 0.119 42088
-0.153 0.107 42100
-0.148 0.096 42112
-0.147 0.096 42124
-0.150 0.096 42136
-0.152 0.090 42148
-0.151 0.096 42160
-0.150 0.075 42172
-0.151 0.075 42184
-0.152 0.066 42196
-0.151 0.075 42208
-0.151 0.072 42220
-0.151 0.052 42232
-0.151 0.052 42244
-0.152 0.049 42256
-0.152 0.052 42268
-0.149 0.063 42280
-0.151 0.040 42292
-0.152 0.049 42304
-0.151 0.026 42316
-0.151 0.028 42328
-0.151 0.037 42340
-0.152 0.017 42352
-0.148 0.020 42364
-0.152 0.014 42376
-0.151 0.014 42388
-0.153 0.017 42400
-0.152 0.002 42412
-0.149 0.014 42424
-0.153 -0.004 42437
0.125 0.040 42449
0.124 0.061 42461
0.125 0.066 42473
0.127 0.084 42485
0.124 0.084 42497
0.125 0.084 42509
0.124 0.090 42521
0.124 0.096 42533
0.125 0.096 42545
0.125 0.107 42557
0.126 0.113 42569
0.127 0.113 42581
0.124 0.110 42593
0.124 0.119 42605
0.126 0.119 42617
0.125 0.122 42629
0.122 0.122 42641
0.122 0.122 42653
0.122 0.131 42665
0.125 0.148 42677
0.125 0.145 42689
0.127 0.166 42701
0.126 0.160 42713
0.122 0.154 42725
0.121 0.154 42737
0.122 0.166 42749
0.124 0.168 42761
0.124 0.168 42773
0.122 0.166 42785
0.124 0.177 42797
0.124 0.183 42809
0.125 0.189 42821
0.124 0.186 42833
0.124 0.201 42845
0.124 0.192 42857
0.124 0.201 42869
0.125 0.215 42881
0.125 0.203 42893
0.127 0.212 42905
0.124 0.206 42917
0.124 0.212 42929
0.125 0.224 42941
0.125 0.224 42953
0.124 0.227 42965
0.124 0.227 42977
0.126 0.241 42989
0.124 0.236 43001
0.125 0.253 43013
0.124 0.259 43025
0.124 0.238 43037
0.122 0.247 43049
0.125 0.262 43061
0.127 0.271 43073
0.125 0.262 43085
0.124 0.262 43097
0.122 0.282 43109
0.125 0.282 43121
0.125 0.276 43133
0.125 0.285 43145
0.127 0.288 43157
0.125 0.282 43169
0.124 0.294 43181
0.127 0.288 43193
0.127 0.306 43205
0.122 0.300 43217
0.124 0.308 43229
0.125 0.306 43241
0.128 0.306 43253
0.125 0.306 43265
0.125 0.329 43277
0.122 0.320 43289
0.125 0.317 43301
0.125 0.341 43313
0.124 0.341 43325
0.124 0.341 43337
0.124 0.332 43349
0.125 0.341 43361
0.127 0.341 43373
0.125 0.352 43385
0.125 0.352 43397
0.125 0.370 43409
0.124 0.352 43421
0.127 0.364 43433
0.127 0.355 43445
0.125 0.364 43457
0.127 0.381 43469
0.124 0.370 43481
0.124 0.376 43493
0.125 0.367 43505
0.126 0.399 43517
0.125 0.387 43529
0.125 0.387 43541
0.124 0.387 43553
0.125 0.393 43565
0.125 0.402 43577
0.124 0.393 43589
0.124 0.399 43601
0.124 0.402 43613
0.124 0.416 43625
0.124 0.416 43637
0.126 0.428 43649
0.122 0.422 43661
0.124 0.425 43673
0.124 0.425 43685
0.124 0.446 43697
0.122 0.434 43709
0.124 0.446 43721
0.126 0.457 43733
0.122 0.448 43745
0.125 0.457 43757
0.124 0.469 43769
0.122 0.457 43781
0.125 0.481 43793
0.122 0.469 43805
0.124 0.472 43817
0.124 0.481 43829
0.125 0.486 43841
0.124 0.481 43853
0.124 0.492 43865
0.127 0.486 43877
0.125 0.492 43889
0.125 0.492 43901
0.125 0.495 43913
0.121 0.495 43925
0.127 0.510 43937
0.124 0.504 43949
0.125 0.495 43961
0.124 0.507 43973
0.124 0.507 43985
0.124 0.518 43997
0.124 0.516 44009
0.125 0.539 44021
0.124 0.542 44033
0.122 0.551 44045
0.127 0.539 44057
0.124 0.542 44069
0.124 0.565 44081
0.126 0.574 44093
0.125 0.565 44105
0.125 0.551 44117
0.124 0.553 44129
0.125 0.577 44141
0.125 0.577 44153
0.124 0.583 44165
0.127 0.574 44177
0.124 0.577 44189
0.127 0.597 44201
0.125 0.580 44213
0.125 0.588 44225
0.125 0.603 44237
0.124 0.597 44249
0.124 0.603 44261
0.124 0.609 44273
0.124 0.609 44285
0.127 0.626 44297
0.126 0.626 44309
0.123 0.612 44321
0.125 0.623 44333
0.122 0.621 44345
0.125 0.632 44357
0.125 0.635 44369
0.126 0.632 44381
0.126 0.626 44393
0.126 0.647 44405
0.125 0.644 44417
0.127 0.644 44429
0.125 0.667 44441
0.126 0.656 44453
0.124 0.647 44465
0.126 0.673 44477
0.125 0.667 44489
0.125 0.673 44501
0.127 0.673 44513
0.125 0.679 44525
0.127 0.679 44537
0.122 0.673 44549
0.126 0.679 44561
0.124 0.691 44573
0.122 0.682 44585
0.125 0.696 44597
0.122 0.693 44609
0.125 0.708 44621
0.122 0.705 44633
0.122 0.714 44645
0.125 0.720 44657
0.122 0.714 44669
0.124 0.728 44681
0.122 0.728 44693
0.124 0.737 44705
0.125 0.737 44717
0.122 0.749 44729
0.125 0.746 44741
0.125 0.763 44753
0.124 0.749 44765
0.124 0.752 44777
0.125 0.749 44789
0.125 0.772 44801
0.127 0.755 44813
0.126 0.752 44825
0.126 0.772 44837
0.126 0.772 44849
0.126 0.752 44861
0.128 0.790 44873
0.124 0.775 44885
0.127 0.772 44897
0.125 0.790 44909
0.125 0.775 44921
0.126 0.790 44933
0.127 0.807 44945
0.124 0.784 44957
0.124 0.787 44969
0.124 0.807 44981
0.125 0.796 44993
0.124 0.810 45005
0.122 0.807 45017
0.124 0.807 45029
0.124 0.810 45041
0.124 0.807 45053
0.125 0.831 45065
0.121 0.819 45077
0.124 0.819 45089
0.125 0.836 45101
0.122 0.822 45113
0.122 0.836 45125
0.121 0.836 45137
0.122 0.842 45149
0.125 0.868 45161
0.124 0.866 45173
0.126 0.866 45185
0.124 0.863 45197
0.124 0.866 45209
0.125 0.880 45221
0.127 0.895 45233
0.125 0.883 45245
0.127 0.895 45257
0.125 0.883 45269
0.124 0.901 45281
0.127 0.892 45293
0.126 0.912 45305
0.124 0.903 45317
0.128 0.924 45329
0.126 0.903 45341
0.128 0.912 45353
0.126 0.930 45365
0.125 0.930 45377
0.125 0.924 45389
0.125 0.915 45401
0.125 0.927 45413
0.124 0.936 45425
0.124 0.938 45437
0.125 0.947 45449
0.122 0.927 45461
0.125 0.941 45473
0.124 0.936 45485
0.125 0.953 45497
0.122 0.947 45509
0.122 0.938 45521
0.124 0.950 45533
0.123 0.950 45545
0.124 0.959 45557
0.122 0.959 45569
0.124 0.959 45581
0.125 0.959 45593
0.124 0.971 45605
0.122 0.973 45617
0.122 0.973 45629
0.124 0.982 45641
0.125 0.988 45653
0.122 0.985 45665
0.124 1.000 45677
0.121 0.994 45689
0.124 1.000 45701
0.122 0.997 45713
0.124 1.006 45725
0.124 1.008 45737
0.124 1.017 45749
0.124 1.017 45761
0.127 1.035 45773
0.121 1.032 45785
0.124 1.023 45797
0.124 1.029 45809
0.122 1.032 45821
0.125 1.029 45833
0.122 1.032 45845
0.124 1.043 45857
0.126 1.046 45869
0.125 1.052 45881
0.123 1.052 45893
0.124 1.052 45905
0.124 1.067 45917
0.122 1.064 45929
0.124 1.067 45941
0.126 1.081 45953
0.124 1.076 45965
0.125 1.087 45977
0.122 1.087 45989
0.124 1.078 46001
0.125 1.099 46013
0.125 1.099 46025
0.126 1.111 46037
0.122 1.102 46049
0.122 1.102 46061
0.122 1.102 46073
0.123 1.102 46085
0.122 1.111 46097
0.121 1.113 46109
0.124 1.122 46121
0.122 1.125 46133
0.122 1.125 46145
0.124 1.134 46157
0.124 1.137 46169
0.126 1.146 46181
0.125 1.146 46193
0.121 1.146 46205
0.126 1.146 46217
0.122 1.146 46229
0.122 1.160 46241
0.125 1.175 46253
0.124 1.148 46265
0.126 1.163 46277
0.125 1.169 46289
0.126 1.181 46301
0.122 1.181 46313
0.122 1.183 46325
0.125 1.183 46337
0.124 1.181 46349
0.122 1.192 46361
0.125 1.204 46373
0.122 1.204 46385
0.124 1.192 46397
0.122 1.192 46409
0.122 1.207 46421
0.124 1.216 46433
0.126 1.221 46445
0.125 1.207 46457
0.125 1.216 46469
0.122 1.227 46481
0.125 1.227 46493
0.125 1.239 46505
0.124 1.227 46517
0.122 1.230 46529
0.125 1.242 46541
0.124 1.242 46553
0.124 1.242 46565
0.124 1.242 46577
0.124 1.242 46589
0.124 1.262 46601
0.122 1.265 46613
0.124 1.265 46625
0.125 1.274 46637
0.122 1.265 46649
0.124 1.277 46661
0.126 1.286 46673
0.124 1.274 46685
0.124 1.274 46697
0.122 1.286 46709
0.122 1.288 46721
0.127 1.315 46733
0.125 1.315 46745
0.126 1.309 46757
0.124 1.303 46769
0.126 1.321 46781
0.125 1.306 46793
0.124 1.297 46805
0.122 1.312 46817
0.123 1.312 46829
0.124 1.326 46841
0.125 1.321 46853
0.126 1.332 46865
0.126 1.332 46877
0.124 1.332 46889
0.124 1.335 46901
0.126 1.332 46913
0.127 1.332 46925
0.127 1.361 46937
0.124 1.344 46949
0.124 1.356 46961
0.122 1.356 46973
0.124 1.347 46985
0.122 1.367 46997
0.125 1.373 47009
0.125 1.367 47021
0.125 1.358 47033
0.124 1.358 47045
0.124 1.379 47057
0.122 1.382 47069
0.126 1.396 47081
0.127 1.391 47093
0.125 1.391 47105
0.124 1.391 47117
0.124 1.393 47129
0.124 1.399 47141
0.127 1.414 47153
0.125 1.414 47165
0.122 1.399 47177
0.124 1.414 47189
0.124 1.414 47201
0.124 1.414 47213
0.125 1.417 47225
0.124 1.417 47237
0.124 1.426 47249
0.127 1.426 47261
0.124 1.428 47273
0.124 1.428 47285
0.122 1.440 47297
0.122 1.449 47309
0.122 1.443 47321
0.122 1.440 47333
0.124 1.449 47345
0.122 1.461 47357
0.124 1.463 47369
0.124 1.461 47381
0.125 1.472 47393
0.122 1.466 47405
0.125 1.484 47417
0.124 1.484 47429
0.122 1.475 47441
0.122 1.475 47453
0.122 1.475 47465
0.122 1.490 47477
0.121 1.487 47489
0.125 1.501 47501
0.125 1.507 47513
0.125 1.507 47525
0.126 1.513 47537
0.124 1.498 47549
0.122 1.510 47561
0.122 1.510 47573
0.125 1.519 47585
0.124 1.522 47597
0.122 1.519 47609
0.122 1.522 47621
0.122 1.533 47633
0.124 1.542 47645
0.122 1.542 47657
0.124 1.542 47669
0.122 1.545 47681
0.124 1.545 47693
0.125 1.554 47705
0.124 1.554 47717
0.124 1.557 47729
0.122 1.560 47741
0.124 1.577 47753
0.122 1.568 47765
0.124 1.568 47777
0.121 1.580 47789
0.122 1.577 47801
0.122 1.580 47813
0.124 1.589 47825
0.124 1.589 47837
0.124 1.592 47849
0.124 1.592 47861
0.124 1.592 47873
0.122 1.603 47885
0.122 1.601 47897
0.124 1.612 47909
0.124 1.612 47921
0.122 1.615 47933
0.125 1.630 47945
0.125 1.612 47957
0.124 1.630 47969
0.122 1.636 47981
0.125 1.653 47993
0.124 1.630 48005
0.124 1.638 48017
0.124 1.650 48029
0.122 1.650 48041
0.122 1.659 48053
0.124 1.659 48065
0.122 1.650 48077
0.124 1.662 48089
0.126 1.682 48101
0.127 1.676 48113
0.124 1.676 48125
0.124 1.676 48137
0.124 1.662 48149
0.125 1.676 48161
0.124 1.694 48173
0.122 1.685 48185
0.124 1.682 48197
0.124 1.694 48209
0.124 1.706 48221
0.124 1.706 48233
0.124 1.708 48245
0.125 1.706 48257
0.125 1.706 48269
0.124 1.706 48281
0.124 1.723 48293
0.121 1.717 48305
0.127 1.708 48317
0.122 1.720 48329
0.124 1.732 48341
0.125 1.741 48353
0.124 1.741 48365
0.125 1.729 48377
0.125 1.732 48389
0.124 1.752 48401
0.126 1.752 48413
0.125 1.755 48425
0.124 1.755 48437
0.124 1.752 48449
0.124 1.755 48461
0.121 1.755 48473
0.124 1.755 48485
0.121 1.767 48497
0.126 1.770 48509
0.124 1.776 48521
0.124 1.778 48533
0.122 1.787 48545
0.124 1.787 48557
0.122 1.787 48569
0.126 1.787 48581
0.127 1.799 48593
0.124 1.799 48605
0.125 1.799 48617
0.125 1.816 48629
0.125 1.799 48641
0.125 1.799 48653
0.127 1.799 48665
0.125 1.822 48677
0.122 1.811 48689
0.124 1.816 48701
0.124 1.816 48713
0.124 1.822 48725
0.125 1.840 48737
0.122 1.822 48749
0.122 1.825 48761
0.124 1.837 48773
0.122 1.825 48785
0.124 1.846 48797
0.126 1.846 48809
0.124 1.846 48821
0.126 1.846 48833
0.122 1.848 48845
0.125 1.857 48857
0.124 1.860 48869
0.122 1.857 48881
0.122 1.869 48893
0.121 1.872 48905
0.124 1.872 48917
0.122 1.872 48929
0.121 1.869 48941
0.122 1.881 48953
0.122 1.881 48965
0.126 1.892 48977
0.122 1.886 48989
0.122 1.892 49001
0.122 1.892 49013
0.121 1.904 49025
0.124 1.895 49037
0.124 1.916 49049
0.122 1.907 49061
0.122 1.916 49073
0.122 1.916 49085
0.125 1.921 49097
0.122 1.927 49109
0.124 1.930 49121
0.122 1.927 49133
0.122 1.927 49145
0.124 1.939 49157
0.124 1.942 49169
0.121 1.942 49181
0.124 1.951 49193
0.122 1.951 49205
0.125 1.962 49217
0.124 1.956 49229
0.122 1.956 49241
0.124 1.962 49253
0.122 1.962 49265
0.124 1.965 49277
0.125 1.986 49289
0.121 1.974 49301
0.125 1.986 49313
0.122 1.986 49325
0.125 1.986 49337
0.124 1.988 49349
0.122 1.988 49361
0.122 1.986 49373
0.122 1.988 49385
0.122 1.997 49397
0.122 2.000 49409
0.122 2.009 49421
0.125 2.021 49433
0.124 2.021 49445
0.125 2.021 49457
0.127 2.021 49469
0.126 2.032 49481
0.125 2.038 49493
0.122 2.032 49505
0.124 2.035 49517
0.124 2.032 49529
0.126 2.056 49541
0.126 2.050 49553
0.124 2.047 49565
0.123 2.047 49577
0.124 2.056 49589
0.122 2.058 49601
0.124 2.058 49613
0.125 2.067 49625
0.125 2.067 49637
0.125 2.079 49649
0.124 2.079 49661
0.127 2.102 49673
0.124 2.082 49685
0.124 2.082 49697
0.126 2.102 49709
0.128 2.079 49721
0.123 2.108 49733
0.124 2.102 49745
0.122 2.102 49757
0.126 2.126 49769
0.122 2.105 49781
0.124 2.117 49793
0.126 2.120 49805
0.125 2.114 49817
0.124 2.126 49829
0.125 2.128 49841
0.126 2.143 49853
0.124 2.128 49865
0.124 2.128 49877
0.127 2.137 49889
0.125 2.143 49901
0.124 2.137 49913
0.125 2.149 49925
0.126 2.161 49937
0.125 2.161 49949
0.124 2.163 49961
0.127 2.172 49973
0.125 2.163 49985
0.127 2.166 49997
0.124 2.172 50009
0.125 2.175 50021
0.125 2.175 50033
0.127 2.172 50045
0.122 2.175 50057
0.124 2.175 50069
0.125 2.196 50081
0.124 2.187 50093
0.124 2.198 50105
0.124 2.187 50117
0.124 2.196 50129
0.124 2.198 50141
0.126 2.207 50153
0.125 2.198 50165
0.124 2.210 50177
0.124 2.213 50189
0.124 2.222 50201
0.124 2.216 50213
0.122 2.222 50225
0.124 2.219 50237
0.124 2.233 50249
0.124 2.233 50261
0.125 2.248 50273
0.125 2.222 50285
0.126 2.248 50297
0.124 2.222 50309
0.124 2.233 50321
0.124 2.242 50333
0.122 2.245 50345
0.124 2.245 50357
0.124 2.254 50369
0.124 2.242 50381
0.125 2.266 50393
0.124 2.266 50405
0.122 2.268 50417
0.121 2.266 50429
0.122 2.277 50441
0.124 2.268 50453
0.125 2.289 50465
0.122 2.283 50477
0.122 2.280 50489
0.122 2.286 50501
0.127 2.301 50513
0.122 2.301 50525
0.124 2.303 50537
0.122 2.303 50549
0.122 2.303 50561
0.126 2.312 50573
0.122 2.303 50585
0.126 2.324 50597
0.122 2.327 50609
0.122 2.315 50621
0.125 2.336 50633
0.124 2.330 50645
0.124 2.327 50657
0.125 2.347 50669
0.121 2.336 50681
0.125 2.341 50693
0.125 2.341 50705
0.125 2.359 50717
0.122 2.359 50729
0.124 2.359 50741
0.125 2.362 50753
0.125 2.359 50765
0.124 2.359 50777
0.122 2.362 50789
0.125 2.359 50801
0.124 2.373 50813
0.125 2.359 50825
0.124 2.382 50837
0.124 2.385 50849
0.122 2.382 50861
0.124 2.385 50873
0.122 2.397 50885
0.127 2.400 50897
0.124 2.394 50909
0.125 2.400 50921
0.124 2.406 50933
0.122 2.408 50945
0.122 2.408 50957
0.124 2.406 50969
0.126 2.435 50981
0.122 2.420 50993
0.124 2.435 51005
0.125 2.435 51017
0.126 2.429 51029
0.124 2.426 51041
0.124 2.432 51053
0.124 2.432 51065
0.126 2.446 51077
0.122 2.441 51089
0.124 2.443 51101
0.125 2.452 51113
0.124 2.452 51125
0.125 2.452 51137
0.126 2.452 51149
0.122 2.467 51161
0.124 2.464 51173
0.126 2.481 51185
0.121 2.476 51197
0.122 2.467 51209
0.124 2.476 51221
0.124 2.487 51233
0.124 2.478 51245
0.124 2.487 51257
0.125 2.493 51269
0.122 2.490 51281
0.124 2.493 51293
0.124 2.496 51305
0.005 2.487 51317
0.004 2.476 51329
0.006 2.455 51341
0.003 2.476 51353
0.001 2.467 51365
0.001 2.464 51377
0.004 2.467 51389
0.003 2.464 51401
0.004 2.464 51413
0.002 2.455 51425
0.001 2.470 51437
0.003 2.467 51449
0.005 2.481 51461
0.005 2.452 51473
0.004 2.476 51485
0.005 2.452 51497
0.006 2.455 51509
0.001 2.464 51521
0.005 2.481 51533
0.004 2.452 51545
0.004 2.452 51557
0.004 2.481 51569
0.002 2.467 51581
0.005 2.476 51593
0.003 2.455 51605
0.003 2.476 51617
0.001 2.455 51629
0.002 2.467 51641
0.003 2.470 51653
0.002 2.464 51665
0.002 2.467 51677
0.004 2.452 51689
0.003 2.464 51701
0.004 2.452 51713
0.005 2.452 51725
0.004 2.481 51737
0.004 2.455 51749
0.002 2.464 51761
0.005 2.452 51773
0.001 2.455 51785
0.004 2.452 51797
0.005 2.481 51809
0.004 2.467 51821
0.003 2.455 51833
0.005 2.452 51845
0.003 2.464 51857
0.002 2.464 51869
0.006 2.452 51881
0.002 2.464 51893
0.124 2.478 51905
0.122 2.487 51917
0.124 2.487 51929
0.124 2.511 51941
0.124 2.511 51953
0.124 2.513 51965
0.124 2.516 51977
0.127 2.528 51989
0.125 2.528 52001
0.124 2.534 52013
0.122 2.534 52025
0.124 2.537 52037
0.124 2.537 52049
0.125 2.546 52061
0.122 2.543 52073
0.126 2.540 52085
0.125 2.546 52097
0.121 2.548 52109
0.124 2.546 52121
0.122 2.548 52133
0.124 2.548 52145
0.122 2.560 52157
0.124 2.569 52169
0.125 2.575 52181
0.122 2.569 52193
0.125 2.569 52205
0.124 2.572 52217
0.122 2.581 52229
0.125 2.581 52241
0.126 2.592 52253
0.125 2.592 52265
0.126 2.598 52277
0.122 2.595 52289
0.122 2.604 52301
0.125 2.592 52313
0.003 2.592 52325
0.005 2.581 52337
0.003 2.572 52349
0.003 2.583 52361
0.124 2.595 52373
0.124 2.595 52385
0.125 2.607 52397
0.123 2.595 52409
0.122 2.618 52421
0.125 2.627 52433
0.124 2.621 52445
0.124 2.627 52457
0.124 2.627 52469
0.124 2.642 52481
0.124 2.639 52493
0.122 2.630 52505
0.122 2.642 52517
0.124 2.630 52529
0.124 2.639 52541
0.123 2.656 52553
0.124 2.662 52565
0.125 2.662 52577
0.124 2.665 52589
0.122 2.665 52601
0.124 2.665 52613
0.127 2.686 52625
0.122 2.665 52637
0.003 2.653 52649
0.004 2.639 52661
0.125 2.642 52673
0.124 2.665 52685
0.126 2.680 52697
0.124 2.674 52709
0.122 2.683 52721
0.127 2.686 52733
0.122 2.697 52745
0.126 2.697 52757
0.124 2.688 52769
0.124 2.700 52781
0.001 2.665 52793
0.003 2.686 52805
0.003 2.674 52817
-0.001 2.677 52829
0.001 2.674 52841
0.001 2.665 52853
-0.002 2.665 52865
-0.001 2.677 52877
-0.001 2.662 52889
-0.001 2.677 52901
-0.001 2.665 52913
0.000 2.653 52925
-0.001 2.665 52937
-0.001 2.665 52949
-0.001 2.665 52961
-0.001 2.674 52973
-0.002 2.659 52985
-0.000 2.662 52997
-0.001 2.665 53009
0.001 2.674 53021
0.001 2.674 53033
-0.001 2.674 53045
-0.001 2.659 53057
-0.000 2.674 53069
-0.001 2.653 53081
-0.001 2.665 53093
-0.001 2.662 53105
0.000 2.662 53117
0.001 2.668 53129
-0.001 2.656 53141
0.001 2.662 53153
-0.001 2.653 53165
0.002 2.668 53177
0.003 2.668 53189
0.001 2.662 53201
0.001 2.668 53213
-0.000 2.651 53225
  
  
  
