  
0.908 0.656 58
0.910 0.627 185
0.910 0.609 313
0.910 0.586 441
0.910 0.574 569
0.910 0.551 697
0.910 0.539 825
0.910 0.516 953
0.910 0.504 1081
0.910 0.481 1209
0.910 0.469 1337
0.910 0.452 1465
0.910 0.434 1593
0.910 0.411 1721
0.910 0.399 1849
0.910 0.376 1977
0.912 0.367 2105
0.910 0.341 2233
0.910 0.329 2361
0.910 0.317 2489
0.910 0.294 2617
0.910 0.282 2745
0.911 0.265 2873
0.910 0.236 3001
0.910 0.236 3129
0.910 0.212 3257
0.910 0.201 3385
0.910 0.189 3513
0.911 0.172 3641
0.910 0.142 3769
0.910 0.137 3897
0.910 0.119 4025
0.910 0.107 4153
0.910 0.096 4281
0.910 0.078 4409
0.910 0.061 4537
0.910 0.049 4665
0.910 0.026 4793
0.910 0.014 4921
0.910 0.002 5049
0.910 -0.015 5177
0.910 -0.021 5305
0.911 -0.021 5433
0.910 -0.027 5561
0.910 -0.021 5689
0.911 -0.033 5817
0.910 -0.033 5945
0.911 -0.027 6073
0.910 -0.027 6201
0.910 -0.021 6329
0.912 -0.021 6457
0.910 -0.021 6585
0.910 -0.021 6713
0.911 -0.021 6841
0.911 -0.015 6969
0.912 -0.009 7097
0.911 -0.009 7225
0.910 -0.009 7353
0.910 -0.009 7481
0.910 -0.009 7609
0.912 -0.003 7737
0.910 -0.003 7865
0.911 -0.003 7993
0.910 -0.003 8121
0.912 0.002 8249
0.910 0.002 8377
0.912 0.002 8505
0.910 0.002 8633
0.911 0.002 8761
0.910 0.002 8889
0.910 0.002 9017
0.911 0.014 9145
0.910 0.014 9273
0.912 0.026 9401
0.910 0.023 9529
0.910 0.026 9657
0.910 0.026 9785
0.911 0.026 9913
0.911 0.026 10041
0.910 0.026 10169
0.910 0.037 10297
0.911 0.037 10425
0.912 0.037 10553
0.910 0.037 10681
0.910 0.043 10809
0.910 0.043 10937
0.911 0.049 11065
0.912 0.049 11193
0.911 0.049 11321
0.911 0.049 11449
0.911 0.049 11577
0.910 0.049 11705
0.910 0.049 11833
0.912 0.067 11961
0.910 0.049 12089
0.910 0.061 12217
0.911 0.061 12345
0.912 0.072 12473
0.910 0.067 12601
0.910 0.067 12729
0.912 0.078 12857
0.912 0.078 12985
0.912 0.078 13113
0.912 0.084 13241
0.912 0.084 13369
0.912 0.084 13497
0.912 0.084 13625
0.912 0.090 13753
0.911 0.090 13881
0.912 0.096 14009
0.911 0.096 14137
0.912 0.096 14265
0.911 0.096 14393
0.912 0.096 14521
0.912 0.096 14649
0.912 0.096 14777
0.911 0.107 14905
0.912 0.107 15033
0.912 0.113 15161
0.912 0.107 15289
0.912 0.113 15417
0.912 0.113 15545
0.912 0.119 15673
0.912 0.125 15801
0.912 0.131 15929
0.911 0.119 16057
0.910 0.125 16185
0.912 0.134 16313
0.911 0.131 16441
0.912 0.131 16569
0.911 0.131 16697
0.914 0.134 16825
0.912 0.137 16953
0.912 0.142 17081
0.911 0.142 17209
0.912 0.142 17337
0.910 0.142 17465
0.910 0.142 17593
0.912 0.142 17721
0.911 0.154 17849
0.910 0.154 17977
0.911 0.154 18105
0.911 0.154 18233
0.910 0.160 18361
0.911 0.160 18489
0.912 0.166 18617
0.912 0.166 18745
0.910 0.166 18873
0.912 0.172 19001
0.911 0.177 19129
0.912 0.172 19257
0.912 0.177 19385
0.912 0.177 19513
0.910 0.177 19641
0.912 0.183 19769
0.912 0.183 19897
0.911 0.189 20025
0.910 0.189 20153
0.912 0.189 20281
0.910 0.189 20409
0.911 0.189 20537
0.911 0.189 20665
0.912 0.189 20793
0.912 0.201 20921
0.911 0.201 21049
0.912 0.201 21177
0.912 0.207 21305
0.912 0.207 21433
0.912 0.207 21561
0.912 0.212 21689
0.912 0.212 21817
0.912 0.212 21945
0.912 0.212 22073
0.912 0.221 22201
0.910 0.212 22329
0.911 0.224 22457
0.912 0.224 22585
0.911 0.230 22713
0.912 0.224 22841
0.911 0.230 22969
0.912 0.236 23097
0.912 0.236 23225
0.912 0.236 23353
0.912 0.236 23481
0.912 0.236 23609
0.912 0.236 23737
0.912 0.236 23865
0.911 0.247 23993
0.912 0.247 24121
0.910 0.247 24249
0.912 0.253 24377
0.911 0.259 24505
0.912 0.259 24633
0.912 0.259 24761
0.911 0.259 24889
0.912 0.259 25017
0.911 0.271 25145
0.912 0.271 25273
0.911 0.271 25401
0.912 0.271 25529
0.912 0.277 25657
0.911 0.277 25785
0.912 0.282 25913
0.912 0.282 26041
0.912 0.282 26169
0.912 0.282 26297
0.911 0.282 26425
0.912 0.282 26553
0.911 0.282 26681
0.911 0.282 26809
0.912 0.294 26937
0.912 0.294 27065
0.912 0.300 27193
0.912 0.300 27321
0.912 0.300 27449
0.912 0.306 27577
0.911 0.306 27705
0.912 0.306 27833
0.912 0.306 27961
0.912 0.306 28089
0.912 0.317 28217
0.912 0.317 28345
0.912 0.317 28473
0.912 0.317 28601
0.912 0.317 28729
0.912 0.323 28857
0.910 0.329 28985
0.912 0.329 29113
0.912 0.329 29241
0.912 0.329 29369
0.912 0.329 29497
0.912 0.329 29625
0.912 0.329 29753
0.912 0.341 29881
0.912 0.341 30009
0.912 0.341 30137
0.912 0.347 30265
0.912 0.352 30393
0.912 0.352 30521
0.912 0.352 30649
0.912 0.358 30777
0.912 0.352 30905
0.910 0.361 31033
0.912 0.358 31161
0.912 0.364 31289
0.912 0.364 31417
0.914 0.367 31545
0.912 0.364 31673
0.912 0.370 31801
0.912 0.376 31929
0.912 0.376 32057
0.912 0.376 32185
0.911 0.376 32313
0.912 0.376 32441
0.910 0.376 32569
0.912 0.376 32697
0.912 0.387 32825
0.911 0.387 32953
0.911 0.387 33081
0.912 0.399 33209
0.911 0.399 33337
0.911 0.399 33465
0.912 0.399 33593
0.912 0.399 33721
0.912 0.399 33849
0.912 0.399 33977
0.912 0.411 34105
0.911 0.411 34233
0.912 0.411 34361
0.912 0.411 34489
0.912 0.411 34617
0.912 0.417 34745
0.912 0.422 34873
0.912 0.422 35001
0.911 0.422 35129
0.912 0.422 35257
0.912 0.422 35385
0.912 0.422 35513
0.912 0.434 35641
0.912 0.434 35769
0.910 0.434 35897
0.910 0.434 36025
0.910 0.440 36153
0.910 0.446 36281
0.910 0.440 36409
0.910 0.446 36537
0.910 0.446 36665
0.910 0.446 36793
0.909 0.446 36921
0.066 0.609 37049
0.908 0.452 37177
0.909 0.457 37305
0.909 0.457 37433
0.910 0.457 37561
0.909 0.457 37689
0.909 0.457 37817
0.908 0.469 37945
0.665 0.627 38073
0.619 0.632 38201
0.745 0.632 38329
0.654 0.632 38457
0.608 0.632 38585
0.713 0.632 38713
-0.923 0.694 38841
0.617 0.644 38969
0.597 0.644 39097
0.678 0.644 39225
0.617 0.650 39353
0.720 0.656 39481
0.666 0.650 39609
0.610 0.656 39737
0.577 0.656 39865
0.687 0.656 39993
0.624 0.656 40121
0.596 0.656 40249
0.695 0.656 40377
0.632 0.667 40505
0.583 0.667 40633
0.688 0.667 40761
0.637 0.673 40889
0.587 0.679 41017
0.685 0.673 41145
0.622 0.679 41273
0.574 0.679 41401
0.684 0.679 41529
0.623 0.679 41657
0.573 0.688 41785
0.670 0.691 41913
0.608 0.691 42041
0.579 0.691 42169
0.671 0.691 42297
0.614 0.691 42425
0.565 0.697 42553
0.657 0.702 42681
0.614 0.702 42809
0.565 0.702 42937
0.661 0.702 43065
0.597 0.702 43193
0.552 0.702 43321
0.659 0.702 43449
0.596 0.702 43577
0.555 0.714 43705
0.647 0.714 43833
0.583 0.720 43961
0.555 0.726 44089
0.645 0.720 44217
0.589 0.726 44345
0.544 0.726 44473
0.628 0.726 44601
0.585 0.737 44729
0.541 0.726 44857
0.630 0.732 44985
0.634 0.737 45113
0.758 0.749 45241
0.631 0.737 45369
0.620 0.737 45497
0.741 0.743 45625
0.758 0.746 45753
0.720 0.746 45881
0.717 0.749 46009
0.753 0.749 46137
0.717 0.749 46265
0.850 0.761 46393
0.774 0.761 46521
0.711 0.749 46649
0.688 0.761 46777
0.834 0.767 46905
0.754 0.761 47033
0.707 0.772 47161
0.848 0.772 47289
0.766 0.772 47417
0.717 0.772 47545
0.838 0.772 47673
0.748 0.772 47801
0.717 0.772 47929
0.846 0.784 48057
0.758 0.784 48185
0.707 0.790 48313
0.820 0.784 48441
0.758 0.790 48569
0.709 0.796 48697
0.830 0.796 48825
0.738 0.796 48953
0.689 0.796 49081
0.829 0.796 49209
0.741 0.796 49337
0.688 0.807 49465
0.805 0.807 49593
0.724 0.813 49721
0.692 0.807 49849
0.806 0.813 49977
0.723 0.813 50105
0.673 0.819 50233
0.783 0.819 50361
0.726 0.825 50489
0.677 0.819 50617
0.769 0.825 50745
0.697 0.831 50873
0.647 0.831 51001
0.779 0.831 51129
0.700 0.837 51257
0.655 0.831 51385
0.763 0.837 51513
0.687 0.842 51641
0.658 0.842 51769
0.768 0.842 51897
0.693 0.842 52025
0.641 0.842 52153
0.743 0.842 52281
0.688 0.842 52409
0.642 0.842 52537
0.743 0.842 52665
0.668 0.854 52793
0.627 0.854 52921
0.746 0.854 53049
0.675 0.866 53177
0.629 0.866 53305
0.730 0.866 53433
0.662 0.866 53561
0.633 0.866 53689
0.590 0.866 53817
0.699 0.866 53945
0.641 0.872 54073
0.592 0.877 54201
0.715 0.877 54329
0.652 0.877 54457
0.603 0.877 54585
0.703 0.889 54713
0.641 0.889 54841
0.606 0.889 54969
0.709 0.889 55097
0.643 0.889 55225
0.593 0.889 55353
0.690 0.889 55481
0.645 0.889 55609
0.593 0.901 55737
0.697 0.901 55865
0.636 0.901 55993
0.581 0.912 56121
0.692 0.907 56249
0.629 0.912 56377
0.582 0.912 56505
0.682 0.912 56633
0.619 0.918 56761
0.510 0.924 56889
0.627 0.924 57017
0.575 0.924 57145
0.540 0.930 57273
0.639 0.924 57401
0.602 0.930 57529
0.561 0.930 57657
0.657 0.930 57785
0.594 0.930 57913
0.536 0.936 58041
0.655 0.936 58169
0.588 0.936 58297
0.551 0.947 58425
0.646 0.936 58553
0.593 0.947 58681
0.558 0.947 58809
0.651 0.947 58937
0.583 0.959 59065
0.542 0.959 59193
0.634 0.959 59321
0.591 0.959 59449
0.545 0.959 59577
0.642 0.959 59705
0.630 0.959 59833
0.741 0.971 59961
0.635 0.971 60089
0.606 0.971 60217
0.720 0.971 60345
0.757 0.974 60473
0.724 0.977 60601
0.620 0.982 60729
0.770 0.982 60857
0.754 0.979 60985
0.711 0.982 61113
0.853 0.982 61241
0.757 0.982 61369
0.720 0.982 61497
0.857 0.982 61625
0.774 0.994 61753
0.720 1.006 61881
0.865 0.994 62009
0.778 1.000 62137
0.720 1.000 62265
0.853 1.006 62393
0.763 1.006 62521
0.723 1.006 62649
0.861 1.012 62777
0.747 1.006 62905
0.696 1.017 63033
0.820 1.017 63161
0.755 1.017 63289
0.697 1.017 63417
0.827 1.017 63545
0.739 1.023 63673
0.684 1.029 63801
0.838 1.029 63929
0.743 1.029 64057
0.687 1.029 64185
0.803 1.029 64313
0.713 1.029 64441
0.665 1.029 64569
0.793 1.041 64697
0.729 1.041 64825
0.675 1.041 64953
0.788 1.047 65081
0.729 1.041 65209
0.668 1.052 65337
0.693 1.052 65465
0.546 1.067 65593
0.627 1.064 65721
0.671 1.064 65849
0.576 1.064 65977
0.585 1.064 66105
0.675 1.064 66233
0.678 1.064 66361
0.660 1.076 66489
0.772 1.064 66617
0.692 1.076 66745
0.645 1.076 66873
0.754 1.076 67001
0.698 1.076 67129
0.648 1.076 67257
0.754 1.076 67385
0.676 1.076 67513
0.627 1.087 67641
0.606 1.087 67769
0.724 1.093 67897
0.656 1.087 68025
0.612 1.099 68153
0.719 1.099 68281
0.673 1.099 68409
0.623 1.105 68537
0.729 1.099 68665
0.666 1.105 68793
0.616 1.111 68921
0.729 1.111 69049
0.661 1.111 69177
0.605 1.119 69305
0.703 1.111 69433
0.642 1.122 69561
0.609 1.122 69689
0.713 1.122 69817
0.647 1.122 69945
0.601 1.122 70073
0.692 1.122 70201
0.648 1.122 70329
0.596 1.134 70457
0.692 1.134 70585
0.635 1.134 70713
0.589 1.140 70841
0.697 1.146 70969
0.634 1.146 71097
0.588 1.146 71225
0.682 1.146 71353
0.616 1.146 71481
0.585 1.146 71609
0.683 1.146 71737
0.621 1.157 71865
0.579 1.157 71993
0.665 1.157 72121
0.622 1.157 72249
0.578 1.169 72377
0.662 1.163 72505
0.601 1.169 72633
0.563 1.169 72761
0.668 1.169 72889
0.609 1.169 73017
0.563 1.169 73145
0.656 1.169 73273
0.597 1.181 73401
0.563 1.181 73529
0.654 1.181 73657
0.599 1.187 73785
0.553 1.192 73913
0.639 1.192 74041
0.596 1.192 74169
0.555 1.198 74297
0.639 1.192 74425
0.625 1.198 74553
0.645 1.192 74681
0.523 1.204 74809
0.639 1.198 74937
  
  
  
  
  
  
  
  
  
  
  
  
  
  
  
  
  
  
  
  
  
  
  
  
  
  
  
  
  
  
  
  
  
  
  
  
  
  
  
  
  
  
  
  
  
  
  
  
  
  
  
  
  
  
  
  
  
  
  
  
  
  
  
  
  
