  
  
0.000 0.000 1
0.150 4.739 12
-0.159 4.322 24
-0.157 4.287 36
-0.156 4.260 48
-0.157 4.255 60
-0.157 4.202 72
-0.157 4.182 84
-0.157 4.170 96
-0.157 4.158 108
-0.157 4.135 120
-0.157 4.112 132
-0.157 4.109 144
-0.157 4.100 156
-0.157 4.088 168
-0.157 4.077 180
-0.157 4.062 192
-0.154 4.068 204
-0.157 4.042 216
-0.157 4.030 228
-0.157 4.018 240
-0.154 4.027 252
-0.154 4.015 264
-0.157 3.995 276
-0.157 3.983 288
-0.157 3.980 300
-0.154 3.980 312
-0.157 3.960 324
-0.157 3.948 336
-0.157 3.948 348
-0.157 3.937 360
-0.157 3.925 372
-0.154 3.934 384
-0.157 3.913 396
-0.157 3.910 408
-0.157 3.899 420
-0.157 3.890 432
-0.157 3.878 444
-0.157 3.878 456
-0.157 3.875 468
-0.157 3.867 480
-0.157 3.855 492
-0.154 3.852 504
-0.157 3.843 516
-0.157 3.832 528
-0.157 3.832 540
-0.157 3.820 552
-0.157 3.817 564
-0.157 3.808 576
-0.157 3.805 588
-0.157 3.797 600
-0.157 3.785 612
-0.157 3.785 624
-0.157 3.782 636
-0.157 3.773 648
-0.157 3.762 660
-0.157 3.759 672
-0.157 3.750 684
-0.154 3.759 696
-0.157 3.738 708
-0.157 3.738 720
-0.154 3.741 732
-0.157 3.727 744
-0.154 3.735 756
-0.157 3.712 768
-0.157 3.703 780
-0.157 3.701 792
-0.157 3.692 804
-0.154 3.701 816
-0.157 3.680 828
-0.157 3.680 840
-0.157 3.668 852
-0.157 3.666 864
-0.154 3.666 876
-0.157 3.657 888
-0.157 3.645 900
-0.157 3.645 912
-0.154 3.654 924
-0.157 3.633 936
-0.157 3.631 948
-0.157 3.622 960
-0.157 3.619 972
-0.157 3.610 984
-0.157 3.607 996
-0.157 3.598 1008
-0.154 3.607 1020
-0.154 3.601 1032
-0.157 3.587 1044
-0.157 3.575 1056
-0.157 3.575 1068
-0.157 3.563 1080
-0.157 3.561 1092
-0.157 3.561 1104
-0.157 3.552 1116
-0.157 3.549 1128
-0.157 3.540 1140
-0.157 3.528 1152
-0.157 3.528 1164
-0.157 3.526 1176
-0.157 3.517 1188
-0.157 3.517 1200
-0.157 3.505 1212
-0.157 3.502 1224
-0.157 3.502 1236
-0.157 3.493 1248
-0.153 3.508 1260
-0.154 3.479 1272
-0.157 3.479 1284
-0.156 3.470 1296
-0.156 3.467 1308
-0.157 3.458 1320
-0.154 3.467 1332
-0.157 3.447 1344
-0.153 3.467 1356
-0.157 3.435 1368
-0.157 3.435 1380
-0.153 3.444 1392
-0.156 3.423 1404
-0.157 3.421 1416
-0.157 3.412 1428
-0.157 3.409 1440
-0.156 3.400 1452
-0.153 3.415 1464
-0.157 3.388 1476
-0.157 3.388 1488
-0.157 3.386 1500
-0.157 3.377 1512
-0.156 3.374 1524
-0.156 3.365 1536
-0.156 3.362 1548
-0.157 3.362 1560
-0.154 3.356 1572
-0.156 3.351 1584
-0.156 3.342 1596
-0.154 3.351 1608
-0.156 3.330 1620
-0.153 3.339 1632
-0.157 3.318 1644
-0.157 3.316 1656
-0.157 3.307 1668
-0.157 3.307 1680
-0.156 3.295 1692
-0.156 3.295 1704
-0.156 3.292 1716
-0.157 3.283 1728
-0.157 3.283 1740
-0.154 3.281 1752
-0.156 3.272 1764
-0.157 3.260 1776
-0.157 3.260 1788
-0.157 3.257 1800
-0.156 3.248 1812
-0.157 3.246 1824
-0.154 3.251 1836
-0.156 3.234 1848
-0.156 3.234 1860
-0.154 3.234 1872
-0.157 3.213 1884
-0.156 3.225 1896
-0.154 3.228 1908
-0.156 3.202 1920
-0.156 3.199 1932
-0.157 3.199 1944
-0.156 3.190 1956
-0.157 3.178 1968
-0.157 3.178 1980
-0.156 3.176 1992
-0.154 3.181 2004
-0.156 3.167 2016
-0.157 3.155 2028
-0.157 3.155 2040
-0.156 3.149 2052
-0.157 3.143 2064
-0.153 3.152 2076
-0.156 3.132 2088
-0.154 3.141 2100
-0.157 3.120 2112
-0.156 3.120 2124
-0.157 3.108 2136
-0.157 3.108 2148
-0.157 3.106 2160
-0.154 3.106 2172
-0.157 3.094 2184
-0.157 3.085 2196
-0.157 3.085 2208
-0.156 3.082 2220
-0.156 3.073 2232
-0.156 3.071 2244
-0.157 3.062 2256
-0.157 3.062 2268
-0.157 3.059 2280
-0.156 3.050 2292
-0.157 3.038 2304
-0.157 3.038 2316
-0.157 3.036 2328
-0.157 3.030 2340
-0.154 3.041 2352
-0.157 3.015 2364
-0.157 3.015 2376
-0.157 3.012 2388
-0.157 3.003 2400
-0.157 3.001 2412
-0.157 2.992 2424
-0.157 2.989 2436
-0.157 2.989 2448
-0.156 2.980 2460
-0.157 2.977 2472
-0.157 2.968 2484
-0.154 2.977 2496
-0.157 2.960 2508
-0.157 2.957 2520
-0.154 2.960 2532
-0.157 2.945 2544
-0.157 2.942 2556
-0.157 2.939 2568
-0.157 2.933 2580
-0.154 2.942 2592
-0.156 2.922 2604
-0.157 2.919 2616
-0.156 2.910 2628
-0.157 2.910 2640
-0.156 2.898 2652
-0.157 2.898 2664
-0.157 2.896 2676
-0.157 2.887 2688
-0.154 2.901 2700
-0.157 2.875 2712
-0.157 2.872 2724
-0.154 2.872 2736
-0.157 2.863 2748
-0.157 2.861 2760
-0.157 2.852 2772
-0.156 2.849 2784
-0.157 2.840 2796
-0.157 2.837 2808
-0.154 2.849 2820
-0.157 2.828 2832
-0.157 2.826 2844
-0.157 2.817 2856
-0.154 2.826 2868
-0.157 2.814 2880
-0.156 2.805 2892
-0.156 2.793 2904
-0.154 2.808 2916
-0.154 2.802 2928
-0.156 2.782 2940
-0.157 2.779 2952
-0.156 2.779 2964
-0.156 2.770 2976
-0.157 2.767 2988
-0.153 2.779 3000
-0.156 2.756 3012
-0.156 2.750 3024
-0.157 2.747 3036
-0.157 2.735 3048
-0.157 2.735 3060
-0.156 2.732 3072
-0.156 2.729 3084
-0.157 2.723 3096
-0.154 2.732 3108
-0.157 2.712 3120
-0.156 2.709 3132
-0.153 2.715 3144
-0.157 2.697 3156
-0.157 2.697 3168
-0.156 2.688 3180
-0.153 2.697 3192
-0.156 2.680 3204
-0.156 2.674 3216
-0.157 2.665 3228
-0.157 2.665 3240
-0.154 2.674 3252
-0.157 2.653 3264
-0.157 2.642 3276
-0.156 2.642 3288
-0.156 2.645 3300
-0.157 2.639 3312
-0.157 2.630 3324
-0.157 2.630 3336
-0.156 2.618 3348
-0.154 2.627 3360
-0.157 2.613 3372
-0.153 2.621 3384
-0.154 2.616 3396
-0.157 2.604 3408
-0.157 2.595 3420
-0.157 2.592 3432
-0.157 2.583 3444
-0.157 2.581 3456
-0.157 2.572 3468
-0.157 2.572 3480
-0.157 2.569 3492
-0.157 2.560 3504
-0.157 2.548 3516
-0.157 2.548 3528
-0.157 2.548 3540
-0.157 2.546 3552
-0.156 2.537 3564
-0.157 2.534 3576
-0.157 2.525 3588
-0.154 2.540 3600
-0.157 2.513 3612
-0.157 2.513 3624
-0.157 2.511 3636
-0.157 2.502 3648
-0.157 2.502 3660
-0.157 2.490 3672
-0.156 2.487 3684
-0.156 2.487 3696
-0.157 2.478 3708
-0.157 2.478 3720
-0.157 2.467 3732
-0.156 2.467 3744
-0.157 2.464 3756
-0.156 2.455 3768
-0.157 2.452 3780
-0.156 2.452 3792
-0.156 2.441 3804
-0.156 2.441 3816
-0.157 2.432 3828
-0.157 2.441 3840
-0.157 2.420 3852
-0.156 2.420 3864
-0.156 2.417 3876
-0.157 2.408 3888
-0.153 2.417 3900
-0.154 2.406 3912
-0.156 2.397 3924
-0.157 2.385 3936
-0.157 2.385 3948
-0.154 2.394 3960
-0.157 2.373 3972
-0.157 2.373 3984
-0.156 2.362 3996
-0.154 2.359 4008
-0.157 2.362 4020
-0.156 2.356 4032
-0.157 2.347 4044
-0.157 2.338 4056
-0.156 2.338 4068
-0.157 2.336 4080
-0.153 2.341 4092
-0.154 2.341 4104
-0.157 2.324 4116
-0.157 2.315 4128
-0.157 2.312 4140
-0.157 2.303 4152
-0.157 2.301 4164
-0.154 2.306 4176
-0.157 2.289 4188
-0.157 2.289 4200
-0.154 2.295 4212
-0.157 2.268 4224
-0.157 2.268 4236
-0.157 2.268 4248
-0.157 2.266 4260
-0.157 2.257 4272
-0.157 2.254 4284
-0.157 2.245 4296
-0.157 2.242 4308
-0.157 2.242 4320
-0.157 2.233 4332
-0.157 2.231 4344
-0.157 2.222 4356
-0.157 2.222 4368
-0.157 2.219 4380
-0.157 2.210 4392
-0.157 2.207 4404
-0.157 2.198 4416
-0.157 2.198 4428
-0.157 2.196 4440
-0.154 2.201 4452
-0.157 2.175 4464
-0.157 2.175 4476
-0.157 2.172 4488
-0.157 2.172 4500
-0.157 2.163 4512
-0.157 2.152 4524
-0.157 2.152 4536
-0.157 2.149 4548
-0.157 2.149 4560
-0.154 2.155 4572
-0.156 2.137 4584
-0.154 2.143 4596
-0.154 2.137 4608
-0.157 2.123 4620
-0.157 2.114 4632
-0.157 2.105 4644
-0.154 2.114 4656
-0.157 2.102 4668
-0.157 2.093 4680
-0.156 2.093 4692
-0.157 2.082 4704
-0.157 2.082 4716
-0.154 2.091 4728
-0.157 2.070 4740
-0.157 2.067 4752
-0.157 2.058 4764
-0.154 2.067 4776
-0.157 2.056 4788
-0.157 2.047 4800
-0.154 2.056 4812
-0.157 2.035 4824
-0.157 2.035 4836
-0.157 2.032 4848
-0.157 2.023 4860
-0.157 2.021 4872
-0.154 2.026 4884
-0.157 2.012 4896
-0.157 2.009 4908
-0.157 2.000 4920
-0.153 2.015 4932
-0.156 1.988 4944
-0.153 1.986 4956
-0.157 1.986 4968
-0.157 1.977 4980
-0.157 1.974 4992
-0.157 1.965 5004
-0.157 1.965 5016
-0.157 1.953 5028
-0.157 1.953 5040
-0.157 1.951 5052
-0.157 1.942 5064
-0.157 1.939 5076
-0.157 1.939 5088
-0.157 1.927 5100
-0.157 1.918 5112
-0.154 1.927 5124
-0.157 1.916 5136
-0.157 1.907 5148
-0.157 1.907 5160
-0.157 1.895 5172
-0.157 1.892 5184
-0.157 1.892 5196
-0.157 1.883 5208
-0.154 1.892 5220
-0.157 1.872 5232
-0.156 1.872 5244
-0.154 1.881 5256
-0.157 1.860 5268
-0.154 1.869 5280
-0.157 1.848 5292
-0.157 1.846 5304
-0.157 1.837 5316
-0.154 1.846 5328
-0.157 1.834 5340
-0.157 1.822 5352
-0.157 1.822 5364
-0.157 1.819 5376
-0.154 1.828 5388
-0.157 1.811 5400
-0.157 1.802 5412
-0.156 1.799 5424
-0.157 1.790 5436
-0.157 1.787 5448
-0.157 1.787 5460
-0.157 1.778 5472
-0.156 1.776 5484
-0.156 1.776 5496
-0.154 1.781 5508
-0.157 1.764 5520
-0.157 1.752 5532
-0.157 1.749 5544
-0.157 1.743 5556
-0.157 1.741 5568
-0.157 1.732 5580
-0.157 1.729 5592
-0.157 1.726 5604
-0.157 1.720 5616
-0.157 1.717 5628
-0.157 1.708 5640
-0.154 1.706 5652
-0.157 1.697 5664
-0.157 1.694 5676
-0.157 1.694 5688
-0.157 1.685 5700
-0.157 1.682 5712
-0.157 1.673 5724
-0.157 1.671 5736
-0.154 1.676 5748
-0.157 1.662 5760
-0.157 1.659 5772
-0.157 1.650 5784
-0.154 1.659 5796
-0.154 1.659 5808
-0.157 1.638 5820
-0.157 1.633 5832
-0.154 1.641 5844
-0.157 1.624 5856
-0.157 1.615 5868
-0.156 1.624 5880
-0.156 1.612 5892
-0.156 1.612 5904
-0.157 1.592 5916
-0.157 1.592 5928
-0.156 1.592 5940
-0.153 1.601 5952
-0.154 1.595 5964
-0.157 1.577 5976
-0.156 1.568 5988
-0.156 1.566 6000
-0.157 1.557 6012
-0.157 1.554 6024
-0.157 1.554 6036
-0.157 1.542 6048
-0.158 1.533 6060
-0.158 1.522 6072
-0.158 1.522 6084
-0.158 1.519 6096
-0.158 1.510 6108
-0.157 1.507 6120
-0.156 1.498 6132
-0.157 1.498 6144
-0.157 1.498 6156
-0.157 1.496 6168
-0.157 1.487 6180
-0.157 1.484 6192
-0.157 1.475 6204
-0.157 1.472 6216
-0.157 1.475 6228
-0.157 1.472 6240
-0.157 1.461 6252
-0.157 1.452 6264
-0.157 1.449 6276
-0.157 1.449 6288
-0.157 1.440 6300
-0.157 1.437 6312
-0.154 1.443 6324
-0.154 1.426 6336
-0.156 1.426 6348
-0.156 1.431 6360
-0.156 1.417 6372
-0.155 1.414 6384
-0.157 1.402 6396
-0.156 1.405 6408
-0.156 1.402 6420
-0.156 1.391 6432
-0.157 1.391 6444
-0.156 1.382 6456
-0.157 1.370 6468
-0.157 1.373 6480
-0.157 1.358 6492
-0.154 1.367 6504
-0.154 1.361 6516
-0.154 1.361 6528
-0.154 1.356 6540
-0.157 1.335 6552
-0.157 1.329 6564
-0.158 1.323 6576
-0.157 1.321 6588
-0.157 1.321 6600
-0.157 1.309 6612
-0.156 1.303 6624
-0.157 1.300 6636
-0.157 1.297 6648
-0.157 1.288 6660
-0.157 1.286 6672
-0.157 1.277 6684
-0.157 1.277 6696
-0.157 1.265 6708
-0.157 1.265 6720
-0.156 1.262 6732
-0.157 1.253 6744
-0.157 1.251 6756
-0.154 1.239 6768
-0.157 1.242 6780
-0.154 1.239 6792
-0.154 1.239 6804
-0.157 1.227 6816
-0.157 1.218 6828
-0.157 1.218 6840
-0.157 1.207 6852
-0.157 1.204 6864
-0.154 1.210 6876
-0.153 1.210 6888
-0.156 1.195 6900
-0.157 1.181 6912
-0.157 1.181 6924
-0.154 1.186 6936
-0.157 1.169 6948
-0.157 1.160 6960
-0.157 1.157 6972
-0.158 1.146 6984
-0.157 1.148 6996
-0.157 1.146 7008
-0.157 1.146 7020
-0.157 1.134 7032
-0.154 1.140 7044
-0.157 1.122 7056
-0.157 1.122 7068
-0.154 1.128 7080
-0.157 1.111 7092
-0.157 1.102 7104
-0.157 1.099 7116
-0.157 1.099 7128
-0.157 1.090 7140
-0.157 1.078 7152
-0.157 1.078 7164
-0.157 1.076 7176
-0.157 1.070 7188
-0.157 1.064 7200
-0.158 1.055 7212
-0.157 1.055 7224
-0.158 1.043 7236
-0.157 1.043 7248
-0.157 1.041 7260
-0.157 1.032 7272
-0.157 1.029 7284
-0.156 1.029 7296
-0.156 1.029 7308
-0.157 1.017 7320
-0.157 1.006 7332
-0.157 1.006 7344
-0.157 0.997 7356
-0.154 1.006 7368
-0.157 0.991 7380
-0.157 0.982 7392
-0.157 0.979 7404
-0.157 0.982 7416
-0.157 0.971 7428
-0.157 0.962 7440
-0.157 0.959 7452
-0.157 0.950 7464
-0.157 0.947 7476
-0.157 0.938 7488
-0.157 0.938 7500
-0.157 0.936 7512
-0.157 0.927 7524
-0.157 0.924 7536
-0.157 0.915 7548
-0.157 0.915 7560
-0.154 0.918 7572
-0.157 0.901 7584
-0.154 0.912 7596
-0.157 0.892 7608
-0.157 0.889 7620
-0.157 0.880 7632
-0.157 0.868 7644
-0.157 0.868 7656
-0.157 0.866 7668
-0.157 0.863 7680
-0.157 0.854 7692
-0.154 0.860 7704
-0.157 0.845 7716
-0.157 0.842 7728
-0.157 0.842 7740
-0.154 0.842 7752
-0.157 0.828 7764
-0.157 0.822 7776
-0.157 0.819 7788
-0.157 0.810 7800
-0.157 0.807 7812
-0.157 0.798 7824
-0.157 0.796 7836
-0.157 0.793 7848
-0.157 0.787 7860
-0.157 0.775 7872
-0.157 0.775 7884
-0.157 0.772 7896
-0.154 0.772 7908
-0.157 0.763 7920
-0.157 0.752 7932
-0.157 0.749 7944
-0.154 0.755 7956
-0.154 0.755 7968
-0.157 0.737 7980
-0.154 0.737 7992
-0.157 0.720 8004
-0.157 0.717 8016
-0.157 0.714 8028
-0.157 0.705 8040
-0.157 0.702 8052
-0.154 0.708 8064
-0.157 0.693 8076
-0.157 0.691 8088
-0.157 0.682 8100
-0.157 0.679 8112
-0.157 0.670 8124
-0.157 0.670 8136
-0.157 0.664 8148
-0.157 0.658 8160
-0.157 0.650 8172
-0.157 0.647 8184
-0.154 0.656 8196
-0.157 0.635 8208
-0.157 0.632 8220
-0.157 0.623 8232
-0.157 0.621 8244
-0.157 0.621 8256
-0.157 0.612 8268
-0.157 0.612 8280
-0.157 0.600 8292
-0.154 0.609 8304
-0.157 0.588 8316
-0.157 0.586 8328
-0.157 0.577 8340
-0.157 0.574 8352
-0.154 0.580 8364
-0.157 0.565 8376
-0.157 0.562 8388
-0.157 0.553 8400
-0.154 0.562 8412
-0.157 0.542 8424
-0.157 0.539 8436
-0.157 0.536 8448
-0.157 0.527 8460
-0.157 0.518 8472
-0.157 0.516 8484
-0.154 0.521 8496
-0.157 0.507 8508
-0.154 0.516 8520
-0.157 0.495 8532
-0.157 0.492 8544
-0.157 0.483 8556
-0.157 0.481 8568
-0.157 0.472 8580
-0.154 0.481 8592
-0.157 0.463 8604
-0.157 0.460 8616
-0.154 0.469 8628
-0.157 0.448 8640
-0.157 0.446 8652
-0.154 0.446 8664
-0.157 0.434 8676
-0.157 0.425 8688
-0.157 0.425 8700
-0.157 0.413 8712
-0.157 0.413 8724
-0.154 0.422 8736
-0.157 0.399 8748
-0.157 0.399 8760
-0.157 0.390 8772
-0.157 0.387 8784
-0.157 0.378 8796
-0.154 0.387 8808
-0.157 0.367 8820
-0.157 0.364 8832
-0.157 0.355 8844
-0.157 0.352 8856
-0.157 0.343 8868
-0.157 0.341 8880
-0.157 0.332 8892
-0.157 0.332 8904
-0.157 0.323 8916
-0.157 0.320 8928
-0.157 0.317 8940
-0.157 0.308 8952
-0.157 0.306 8964
-0.154 0.306 8976
-0.154 0.306 8988
-0.157 0.285 9000
-0.157 0.282 9012
-0.157 0.273 9024
-0.154 0.282 9036
-0.157 0.262 9048
-0.157 0.262 9060
-0.157 0.256 9072
-0.157 0.250 9084
-0.157 0.247 9096
-0.157 0.238 9108
-0.157 0.236 9120
-0.157 0.227 9132
-0.157 0.224 9144
-0.155 0.212 9156
-0.157 0.212 9168
-0.154 0.212 9180
-0.157 0.201 9192
-0.157 0.192 9204
-0.154 0.201 9216
-0.157 0.183 9228
-0.154 0.195 9240
-0.157 0.168 9252
-0.157 0.166 9264
-0.157 0.160 9276
-0.157 0.157 9288
-0.157 0.154 9300
-0.157 0.142 9312
-0.157 0.133 9324
-0.154 0.148 9336
-0.154 0.142 9348
-0.154 0.136 9360
-0.157 0.113 9372
-0.157 0.110 9384
-0.157 0.107 9396
-0.157 0.098 9408
-0.157 0.098 9420
-0.157 0.087 9432
-0.154 0.096 9444
-0.157 0.075 9456
-0.154 0.084 9468
-0.157 0.066 9480
-0.157 0.061 9492
-0.157 0.052 9504
-0.157 0.049 9516
-0.157 0.043 9528
-0.157 0.040 9540
-0.157 0.028 9552
-0.157 0.026 9564
-0.154 0.026 9576
-0.157 0.017 9588
-0.157 0.011 9600
-0.157 0.002 9612
-0.157 -0.004 9625
0.149 0.241 9637
0.148 0.259 9649
0.148 0.294 9661
0.151 0.306 9673
0.148 0.317 9685
0.148 0.329 9697
0.148 0.341 9709
0.148 0.355 9721
0.148 0.367 9733
0.148 0.378 9745
0.148 0.387 9757
0.148 0.393 9769
0.148 0.411 9781
0.148 0.422 9793
0.151 0.434 9805
0.148 0.434 9817
0.148 0.446 9829
0.148 0.457 9841
0.151 0.481 9853
0.148 0.472 9865
0.148 0.481 9877
0.148 0.492 9889
0.148 0.495 9901
0.148 0.507 9913
0.148 0.518 9925
0.151 0.539 9937
0.148 0.530 9949
0.149 0.551 9961
0.149 0.556 9973
0.149 0.562 9985
0.151 0.580 9997
0.148 0.574 10009
0.151 0.603 10021
0.148 0.597 10033
0.148 0.603 10045
0.151 0.621 10057
0.147 0.609 10069
0.151 0.644 10081
0.151 0.644 10093
0.148 0.635 10105
0.151 0.661 10117
0.147 0.647 10129
0.147 0.658 10141
0.150 0.679 10153
0.150 0.679 10165
0.150 0.679 10177
0.151 0.702 10189
0.147 0.696 10201
0.151 0.720 10213
0.151 0.726 10225
0.151 0.737 10237
0.151 0.737 10249
0.148 0.740 10261
0.151 0.761 10273
0.148 0.752 10285
0.151 0.772 10297
0.148 0.769 10309
0.151 0.790 10321
0.151 0.801 10333
0.148 0.790 10345
0.148 0.798 10357
0.148 0.807 10369
0.148 0.819 10381
0.148 0.822 10393
0.148 0.831 10405
0.148 0.836 10417
0.148 0.842 10429
0.148 0.857 10441
0.151 0.866 10453
0.148 0.866 10465
0.152 0.889 10477
0.149 0.880 10489
0.149 0.892 10501
0.152 0.912 10513
0.148 0.903 10525
0.149 0.912 10537
0.149 0.912 10549
0.148 0.927 10561
0.149 0.930 10573
0.152 0.947 10585
0.148 0.938 10597
0.148 0.938 10609
0.150 0.959 10621
0.150 0.959 10633
0.150 0.962 10645
0.146 0.971 10657
0.146 0.971 10669
0.149 0.994 10681
0.146 0.985 10693
0.146 0.994 10705
0.148 1.000 10717
0.148 1.008 10729
0.148 1.020 10741
0.148 1.029 10753
0.148 1.032 10765
0.148 1.043 10777
0.148 1.052 10789
0.149 1.055 10801
0.148 1.067 10813
0.149 1.070 10825
0.152 1.087 10837
0.148 1.087 10849
0.149 1.099 10861
0.151 1.111 10873
0.148 1.111 10885
0.151 1.128 10897
0.151 1.134 10909
0.149 1.125 10921
0.152 1.146 10933
0.148 1.140 10945
0.152 1.157 10957
0.152 1.163 10969
0.149 1.163 10981
0.151 1.181 10993
0.149 1.172 11005
0.151 1.192 11017
0.148 1.183 11029
0.148 1.195 11041
0.151 1.216 11053
0.148 1.204 11065
0.151 1.221 11077
0.148 1.216 11089
0.148 1.227 11101
0.148 1.230 11113
0.148 1.239 11125
0.148 1.242 11137
0.148 1.242 11149
0.148 1.262 11161
0.149 1.265 11173
0.149 1.265 11185
0.148 1.274 11197
0.148 1.277 11209
0.149 1.288 11221
0.151 1.309 11233
0.149 1.300 11245
0.151 1.315 11257
0.152 1.321 11269
0.149 1.323 11281
0.152 1.332 11293
0.148 1.332 11305
0.152 1.332 11317
0.148 1.344 11329
0.149 1.356 11341
0.152 1.373 11353
0.148 1.367 11365
0.148 1.370 11377
0.148 1.370 11389
0.149 1.388 11401
0.151 1.402 11413
0.149 1.393 11425
0.148 1.402 11437
0.149 1.405 11449
0.149 1.417 11461
0.149 1.423 11473
0.151 1.426 11485
0.148 1.428 11497
0.151 1.449 11509
0.149 1.449 11521
0.149 1.452 11533
0.151 1.466 11545
0.148 1.461 11557
0.149 1.469 11569
0.149 1.484 11581
0.148 1.475 11593
0.149 1.487 11605
0.148 1.496 11617
0.149 1.498 11629
0.149 1.510 11641
0.149 1.519 11653
0.148 1.519 11665
0.149 1.522 11677
0.148 1.522 11689
0.148 1.542 11701
0.148 1.545 11713
0.148 1.545 11725
0.148 1.554 11737
0.149 1.557 11749
0.149 1.568 11761
0.148 1.568 11773
0.149 1.577 11785
0.151 1.595 11797
0.151 1.601 11809
0.149 1.601 11821
0.149 1.603 11833
0.148 1.612 11845
0.149 1.615 11857
0.148 1.615 11869
0.148 1.627 11881
0.148 1.636 11893
0.149 1.638 11905
0.152 1.653 11917
0.148 1.647 11929
0.151 1.671 11941
0.152 1.676 11953
0.151 1.682 11965
0.148 1.671 11977
0.151 1.694 11989
0.149 1.685 12001
0.149 1.694 12013
0.151 1.706 12025
0.148 1.697 12037
0.148 1.706 12049
0.149 1.717 12061
0.152 1.735 12073
0.149 1.729 12085
0.148 1.729 12097
0.151 1.746 12109
0.149 1.743 12121
0.152 1.764 12133
0.148 1.755 12145
0.149 1.755 12157
0.148 1.764 12169
0.149 1.776 12181
0.149 1.778 12193
0.148 1.778 12205
0.149 1.790 12217
0.148 1.790 12229
0.149 1.802 12241
0.152 1.822 12253
0.148 1.813 12265
0.149 1.813 12277
0.149 1.822 12289
0.149 1.834 12301
0.148 1.837 12313
0.149 1.846 12325
0.151 1.857 12337
0.148 1.848 12349
0.151 1.875 12361
0.152 1.875 12373
0.149 1.869 12385
0.151 1.881 12397
0.151 1.892 12409
0.148 1.883 12421
