-0.859 0.717 1397377
-0.856 0.714 1397430
-0.857 0.705 1397483
-0.859 0.720 1397536
-0.857 0.705 1397589
-0.859 0.708 1397642
-0.858 0.702 1397695
-0.859 0.705 1397748
-0.860 0.705 1397801
-0.857 0.696 1397854
0.000 0.000 1
0.904 0.731 52
0.902 0.737 104
0.908 0.737 156
0.907 0.740 208
0.907 0.740 260
0.908 0.749 312
0.905 0.778 364
0.904 0.766 416
0.906 0.766 468
0.904 0.763 520
0.906 0.766 572
0.902 0.778 624
0.902 0.778 676
0.902 0.790 728
0.902 0.801 780
0.902 0.801 832
0.904 0.798 884
0.904 0.801 936
0.904 0.807 988
0.904 0.810 1040
0.904 0.825 1092
0.904 0.825 1144
0.905 0.825 1196
0.902 0.825 1248
0.908 0.822 1300
0.904 0.830 1352
0.904 0.833 1404
0.902 0.836 1456
0.904 0.848 1508
0.902 0.848 1560
0.906 0.830 1612
0.902 0.845 1664
0.902 0.848 1716
0.904 0.848 1768
0.902 0.860 1820
0.904 0.871 1872
0.904 0.871 1924
0.904 0.871 1976
0.907 0.865 2028
0.904 0.883 2080
0.904 0.883 2132
0.902 0.883 2184
0.905 0.880 2236
0.904 0.895 2288
0.904 0.895 2340
0.907 0.889 2392
0.904 0.900 2444
0.904 0.900 2496
0.902 0.906 2548
0.904 0.906 2600
0.904 0.918 2652
0.902 0.918 2704
0.904 0.918 2756
0.904 0.924 2808
0.906 0.912 2860
0.904 0.924 2912
0.904 0.924 2964
0.904 0.941 3016
0.907 0.930 3068
0.906 0.930 3120
0.904 0.941 3172
0.904 0.950 3224
0.904 0.953 3276
0.902 0.953 3328
0.907 0.947 3380
0.919 1.058 3432
0.907 0.988 3484
1.015 1.665 3536
0.991 1.548 3588
0.987 1.501 3640
1.010 1.638 3692
0.974 1.417 3744
0.904 0.988 3796
0.906 0.976 3848
1.006 1.592 3900
0.995 1.548 3952
0.914 1.058 4004
0.974 1.402 4056
0.975 1.420 4108
0.902 1.011 4160
0.902 1.011 4212
0.905 1.008 4264
0.905 1.008 4316
0.907 1.005 4368
0.903 1.008 4420
0.906 1.005 4472
0.902 1.020 4524
0.902 1.035 4576
0.902 1.035 4628
0.902 1.035 4680
0.902 1.035 4732
0.905 1.035 4784
0.902 1.035 4836
0.906 1.070 4888
0.960 1.393 4940
1.016 1.805 4992
0.915 1.140 5044
0.953 1.385 5096
0.954 1.350 5148
0.965 1.443 5200
0.923 1.198 5252
0.960 1.417 5304
0.966 1.463 5356
0.951 1.350 5408
0.959 1.431 5460
0.953 1.390 5512
0.932 1.274 5564
0.935 1.265 5616
0.925 1.227 5668
0.931 1.253 5720
0.918 1.172 5772
0.914 1.163 5824
0.914 1.148 5876
  
  
  
  
