0.001 0.246 18480
0.001 0.246 18569
-0.002 0.222 58
-0.324 -0.203 146
-0.062 0.004 235
-0.049 -0.011 324
-0.036 -0.011 413
-0.026 -0.014 502
-0.021 -0.011 591
-0.018 -0.011 680
-0.013 -0.014 769
-0.010 -0.011 858
-0.007 -0.014 947
-0.005 -0.008 1036
-0.004 -0.014 1125
-0.004 -0.011 1214
-0.004 -0.011 1303
-0.003 -0.011 1392
-0.003 -0.011 1481
-0.003 -0.011 1570
0.001 0.004 1659
-0.002 0.001 1748
-0.002 -0.011 1837
-0.000 0.001 1926
0.001 0.004 2015
-0.001 0.001 2104
-0.001 0.001 2193
0.002 0.004 2282
-0.000 0.012 2371
-0.001 0.007 2460
0.002 0.009 2549
-0.000 0.012 2638
0.002 0.009 2727
-0.000 0.012 2816
-0.000 0.012 2905
0.002 0.015 2994
0.002 0.015 3083
0.002 0.027 3172
-0.000 0.018 3261
0.002 0.027 3350
0.002 0.027 3439
-0.000 0.024 3528
0.002 0.027 3617
-0.000 0.024 3706
-0.000 0.024 3795
0.002 0.027 3884
0.000 0.030 3973
-0.000 0.036 4062
0.001 0.036 4151
-0.000 0.036 4240
0.002 0.033 4329
0.002 0.033 4418
0.002 0.039 4507
-0.000 0.036 4596
0.000 0.036 4685
0.002 0.039 4774
-0.001 0.036 4863
-0.000 0.036 4952
-0.000 0.036 5041
-0.000 0.036 5130
0.002 0.050 5219
-0.000 0.047 5308
0.003 0.050 5397
0.002 0.059 5486
0.002 0.056 5575
-0.000 0.053 5664
-0.000 0.053 5753
-0.000 0.059 5842
-0.000 0.059 5931
0.000 0.059 6020
0.002 0.056 6109
0.000 0.059 6198
0.002 0.062 6287
0.000 0.059 6376
0.002 0.062 6465
0.001 0.071 6554
0.002 0.074 6643
0.001 0.071 6732
0.002 0.071 6821
0.002 0.074 6910
0.001 0.077 6999
0.000 0.071 7088
0.002 0.071 7177
0.001 0.082 7266
0.001 0.082 7355
0.004 0.074 7444
0.001 0.082 7533
0.002 0.079 7622
0.002 0.082 7711
0.002 0.082 7800
0.002 0.097 7889
0.002 0.082 7978
0.003 0.097 8067
0.001 0.082 8156
0.004 0.097 8245
0.004 0.097 8334
0.003 0.097 8423
0.002 0.094 8512
0.001 0.100 8601
0.001 0.100 8690
0.004 0.097 8779
0.001 0.106 8868
0.002 0.106 8957
0.002 0.106 9046
0.001 0.106 9135
0.001 0.106 9224
0.001 0.106 9313
0.002 0.106 9402
0.001 0.106 9491
0.001 0.106 9580
0.003 0.103 9669
0.001 0.117 9758
0.001 0.117 9847
0.004 0.120 9936
0.003 0.120 10025
0.002 0.120 10114
0.001 0.117 10203
0.001 0.117 10292
0.004 0.126 10381
0.004 0.120 10470
0.002 0.120 10559
0.002 0.120 10648
0.004 0.126 10737
0.001 0.129 10826
0.003 0.132 10915
0.002 0.129 11004
0.004 0.132 11093
0.003 0.144 11182
0.003 0.144 11271
0.001 0.129 11360
0.003 0.144 11449
0.000 0.129 11538
0.002 0.144 11627
0.000 0.129 11716
-0.000 0.129 11805
0.004 0.144 11894
0.002 0.141 11983
0.002 0.152 12072
0.002 0.152 12161
0.002 0.152 12250
0.001 0.152 12339
0.003 0.155 12428
0.000 0.152 12517
0.001 0.152 12606
0.003 0.155 12695
0.001 0.152 12784
0.001 0.164 12873
0.003 0.167 12962
0.001 0.164 13051
0.001 0.164 13140
0.003 0.167 13229
0.004 0.167 13318
0.001 0.170 13407
0.002 0.170 13496
0.002 0.170 13585
0.002 0.170 13674
0.002 0.170 13763
0.001 0.176 13852
0.004 0.167 13941
0.003 0.176 14030
0.002 0.176 14119
0.004 0.179 14208
0.002 0.176 14297
0.002 0.176 14386
0.004 0.190 14475
0.002 0.187 14564
0.004 0.190 14653
0.002 0.187 14742
0.002 0.187 14831
0.002 0.187 14920
0.002 0.193 15009
0.004 0.190 15098
0.002 0.199 15187
0.002 0.199 15276
0.004 0.190 15365
0.002 0.199 15454
0.002 0.199 15543
0.004 0.196 15632
0.004 0.196 15721
0.002 0.205 15810
0.004 0.199 15899
0.002 0.211 15988
0.002 0.211 16077
0.002 0.211 16166
0.002 0.211 16255
0.002 0.211 16344
0.002 0.211 16433
0.002 0.211 16522
0.002 0.222 16611
0.002 0.217 16700
0.002 0.222 16789
0.002 0.222 16878
0.002 0.222 16967
0.002 0.222 17056
0.002 0.222 17145
0.001 0.222 17234
0.002 0.222 17323
0.002 0.222 17412
0.002 0.222 17501
0.002 0.222 17590
0.002 0.222 17679
0.002 0.234 17768
0.002 0.234 17857
0.002 0.234 17946
0.004 0.237 18035
0.002 0.240 18124
0.002 0.240 18213
0.004 0.237 18302
0.002 0.246 18391
0.002 0.246 18480
0.002 0.246 18569
0.002 0.249 18658
0.002 0.246 18747
0.002 0.246 18836
0.001 0.246 18925
0.004 0.249 19014
0.002 0.257 19103
0.004 0.260 19192
0.002 0.257 19281
0.004 0.260 19370
0.001 0.257 19459
0.002 0.257 19548
0.002 0.257 19637
0.003 0.260 19726
0.004 0.260 19815
0.001 0.269 19904
0.004 0.269 19993
0.002 0.269 20082
0.002 0.269 20171
0.001 0.269 20260
0.002 0.269 20349
0.002 0.269 20438
0.005 0.272 20527
0.004 0.284 20616
0.004 0.284 20705
0.002 0.281 20794
0.004 0.284 20883
0.004 0.284 20972
0.002 0.281 21061
0.002 0.281 21150
0.002 0.292 21239
0.002 0.292 21328
0.002 0.287 21417
0.002 0.292 21506
0.004 0.289 21595
0.004 0.289 21684
0.004 0.289 21773
0.002 0.292 21862
0.004 0.289 21951
0.002 0.298 22040
0.002 0.298 22129
0.003 0.304 22218
0.004 0.307 22307
0.002 0.292 22396
0.004 0.307 22485
0.002 0.304 22574
0.006 0.313 22663
0.002 0.316 22752
0.004 0.307 22841
0.002 0.310 22930
0.004 0.307 23019
0.002 0.316 23108
0.004 0.307 23197
0.002 0.316 23286
0.002 0.316 23375
0.004 0.313 23464
0.004 0.319 23553
0.002 0.316 23642
0.004 0.319 23731
0.002 0.316 23820
0.004 0.330 23909
0.002 0.327 23998
0.002 0.327 24087
0.002 0.327 24176
0.004 0.330 24265
0.002 0.327 24354
0.002 0.327 24443
0.004 0.330 24532
0.002 0.339 24621
0.002 0.339 24710
0.002 0.339 24799
0.002 0.339 24888
0.002 0.339 24977
0.002 0.339 25066
0.002 0.339 25155
0.002 0.339 25244
0.002 0.351 25333
0.002 0.342 25422
0.001 0.339 25511
0.002 0.351 25600
0.002 0.354 25689
0.002 0.351 25778
0.004 0.354 25867
-0.000 0.339 25956
0.001 0.351 26045
0.004 0.354 26134
0.002 0.362 26223
0.002 0.362 26312
0.003 0.362 26401
0.002 0.362 26490
0.002 0.362 26579
0.002 0.362 26668
0.003 0.362 26757
0.006 0.377 26846
0.005 0.377 26935
0.005 0.377 27024
0.004 0.374 27113
0.005 0.377 27202
0.003 0.374 27291
0.004 0.374 27380
0.003 0.380 27469
0.003 0.380 27558
0.004 0.386 27647
0.005 0.383 27736
0.003 0.386 27825
0.003 0.386 27914
0.004 0.386 28003
0.005 0.389 28092
0.004 0.389 28181
0.004 0.392 28270
0.003 0.392 28359
0.005 0.400 28448
0.003 0.397 28537
0.003 0.397 28626
0.004 0.400 28715
0.003 0.397 28804
0.002 0.397 28893
0.002 0.397 28982
0.002 0.403 29071
0.003 0.409 29160
0.002 0.409 29249
0.003 0.409 29338
0.002 0.409 29427
0.002 0.409 29516
0.004 0.406 29605
0.004 0.406 29694
0.004 0.412 29783
0.004 0.412 29872
0.004 0.412 29961
0.004 0.424 30050
0.002 0.409 30139
0.002 0.409 30228
0.002 0.421 30317
0.004 0.424 30406
0.002 0.421 30495
0.002 0.421 30584
0.004 0.424 30673
0.002 0.427 30762
0.004 0.424 30851
0.002 0.432 30940
0.004 0.429 31029
0.002 0.432 31118
0.002 0.432 31207
0.004 0.435 31296
0.002 0.432 31385
0.004 0.435 31474
0.002 0.438 31563
0.002 0.432 31652
0.003 0.447 31741
0.002 0.444 31830
0.004 0.447 31919
0.002 0.444 32008
0.002 0.444 32097
0.004 0.447 32186
0.002 0.444 32275
0.002 0.444 32364
0.004 0.447 32453
0.002 0.456 32542
0.002 0.456 32631
0.002 0.456 32720
0.002 0.456 32809
0.004 0.453 32898
0.002 0.456 32987
0.002 0.456 33076
0.004 0.456 33165
0.003 0.456 33254
0.004 0.470 33343
0.003 0.456 33432
0.003 0.467 33521
0.003 0.467 33610
0.005 0.470 33699
0.004 0.470 33788
0.004 0.470 33877
0.005 0.470 33966
0.003 0.479 34055
0.004 0.470 34144
0.004 0.476 34233
0.004 0.476 34322
0.004 0.476 34411
0.003 0.485 34500
0.002 0.479 34589
0.002 0.485 34678
0.004 0.494 34767
0.003 0.485 34856
0.002 0.491 34945
0.004 0.494 35034
0.003 0.491 35123
0.002 0.491 35212
0.004 0.494 35301
0.004 0.494 35390
0.002 0.497 35479
0.002 0.491 35568
0.004 0.494 35657
0.002 0.502 35746
0.002 0.502 35835
0.003 0.502 35924
0.004 0.505 36013
0.002 0.502 36102
0.003 0.502 36191
0.002 0.502 36280
0.002 0.502 36369
0.003 0.514 36458
0.004 0.517 36547
0.002 0.514 36636
0.002 0.514 36725
0.002 0.514 36814
0.002 0.514 36903
0.004 0.517 36992
0.002 0.520 37081
0.004 0.523 37170
0.002 0.526 37259
0.002 0.520 37348
0.002 0.526 37437
0.002 0.526 37526
0.002 0.526 37615
0.002 0.526 37704
0.002 0.526 37793
0.002 0.526 37882
0.002 0.537 37971
0.002 0.537 38060
0.004 0.540 38149
0.004 0.540 38238
0.003 0.540 38327
0.002 0.537 38416
0.004 0.540 38505
0.004 0.540 38594
0.004 0.540 38683
0.004 0.540 38772
0.004 0.546 38861
0.002 0.549 38950
0.002 0.549 39039
0.004 0.546 39128
0.002 0.549 39217
0.004 0.546 39306
0.002 0.549 39395
0.002 0.549 39484
0.003 0.549 39573
0.004 0.564 39662
0.003 0.561 39751
0.004 0.564 39840
0.003 0.561 39929
0.004 0.561 40018
0.004 0.564 40107
0.003 0.561 40196
0.003 0.567 40285
0.004 0.569 40374
0.004 0.569 40463
0.003 0.572 40552
0.004 0.569 40641
0.002 0.572 40730
0.003 0.572 40819
0.003 0.572 40908
0.004 0.572 40997
0.005 0.572 41086
0.004 0.587 41175
0.002 0.584 41264
0.003 0.584 41353
0.002 0.584 41442
0.002 0.584 41531
0.004 0.587 41620
0.003 0.584 41709
0.002 0.596 41798
0.002 0.596 41887
0.003 0.596 41976
0.002 0.596 42065
0.002 0.596 42154
0.003 0.596 42243
0.002 0.596 42332
0.002 0.596 42421
0.002 0.596 42510
0.002 0.607 42599
0.004 0.610 42688
0.002 0.607 42777
0.004 0.610 42866
0.002 0.607 42955
0.003 0.607 43044
0.002 0.607 43133
0.002 0.613 43222
0.002 0.613 43311
0.002 0.619 43400
0.002 0.619 43489
0.005 0.616 43578
0.004 0.622 43667
0.002 0.619 43756
0.003 0.619 43845
0.002 0.625 43934
0.002 0.619 44023
0.004 0.634 44112
0.002 0.631 44201
0.002 0.631 44290
0.002 0.631 44379
0.002 0.631 44468
0.002 0.631 44557
0.004 0.634 44646
0.004 0.634 44735
0.002 0.637 44824
0.002 0.642 44913
0.002 0.642 45002
0.002 0.642 45091
0.002 0.642 45180
0.002 0.642 45269
0.002 0.642 45358
0.002 0.642 45447
0.004 0.645 45536
0.004 0.645 45625
0.004 0.645 45714
0.002 0.642 45803
0.003 0.654 45892
0.004 0.654 45981
0.004 0.657 46070
0.004 0.657 46159
0.002 0.660 46248
0.004 0.660 46337
0.005 0.657 46426
0.002 0.666 46515
0.003 0.666 46604
0.005 0.657 46693
0.002 0.666 46782
0.004 0.666 46871
0.005 0.663 46960
0.003 0.672 47049
0.005 0.669 47138
0.002 0.672 47227
0.003 0.677 47316
0.004 0.677 47405
0.005 0.680 47494
0.004 0.680 47583
0.005 0.680 47672
0.002 0.677 47761
0.002 0.683 47850
0.003 0.683 47939
0.002 0.689 48028
0.002 0.689 48117
0.003 0.689 48206
0.002 0.689 48295
0.002 0.689 48384
0.003 0.689 48473
0.002 0.689 48562
0.002 0.689 48651
0.002 0.689 48740
0.003 0.689 48829
0.002 0.689 48918
0.004 0.704 49007
0.004 0.704 49096
0.004 0.704 49185
0.004 0.704 49274
0.005 0.704 49363
0.002 0.707 49452
0.004 0.704 49541
0.003 0.712 49630
0.002 0.712 49719
0.002 0.712 49808
0.004 0.715 49897
0.002 0.712 49986
0.002 0.712 50075
0.004 0.727 50164
0.002 0.712 50253
0.002 0.724 50342
0.003 0.724 50431
0.002 0.724 50520
0.002 0.724 50609
0.003 0.724 50698
0.002 0.724 50787
0.002 0.724 50876
0.002 0.730 50965
0.004 0.727 51054
0.002 0.736 51143
0.002 0.736 51232
0.002 0.736 51321
0.004 0.733 51410
0.002 0.736 51499
0.002 0.736 51588
0.002 0.736 51677
0.002 0.736 51766
0.002 0.736 51855
0.002 0.736 51944
0.002 0.736 52033
0.002 0.747 52122
0.002 0.747 52211
0.002 0.747 52300
0.002 0.747 52389
0.002 0.747 52478
0.002 0.753 52567
0.002 0.753 52656
0.002 0.759 52745
0.005 0.756 52834
0.003 0.759 52923
0.004 0.762 53012
0.003 0.765 53101
0.004 0.765 53190
0.003 0.765 53279
0.003 0.765 53368
0.004 0.771 53457
0.003 0.771 53546
0.003 0.771 53635
0.003 0.771 53724
0.003 0.771 53813
0.003 0.771 53902
0.005 0.774 53991
0.003 0.782 54080
0.004 0.774 54169
0.003 0.782 54258
0.005 0.774 54347
0.004 0.779 54436
0.005 0.779 54525
0.002 0.782 54614
0.004 0.779 54703
0.005 0.785 54792
0.004 0.779 54881
0.002 0.782 54970
0.002 0.782 55059
0.003 0.794 55148
0.002 0.794 55237
0.003 0.794 55326
0.004 0.797 55415
0.004 0.797 55504
0.002 0.794 55593
0.003 0.806 55682
0.002 0.794 55771
0.002 0.806 55860
0.002 0.806 55949
0.002 0.806 56038
0.002 0.806 56127
0.004 0.806 56216
0.002 0.806 56305
0.002 0.806 56394
0.002 0.806 56483
0.002 0.817 56572
0.004 0.820 56661
0.002 0.817 56750
0.002 0.817 56839
0.004 0.820 56928
0.003 0.817 57017
0.004 0.820 57106
0.002 0.817 57195
0.002 0.829 57284
0.004 0.820 57373
0.002 0.829 57462
0.004 0.820 57551
0.002 0.829 57640
0.002 0.829 57729
0.004 0.826 57818
0.005 0.820 57907
0.004 0.832 57996
0.002 0.829 58085
0.003 0.829 58174
0.001 0.829 58263
0.002 0.829 58352
0.004 0.844 58441
0.005 0.844 58530
0.003 0.852 58619
0.002 0.847 58708
0.002 0.847 58797
0.002 0.847 58886
0.004 0.844 58975
0.002 0.852 59064
0.003 0.852 59153
0.003 0.852 59242
0.002 0.852 59331
0.002 0.852 59420
0.002 0.852 59509
0.005 0.849 59598
0.004 0.858 59687
0.003 0.858 59776
0.003 0.864 59865
0.003 0.864 59954
0.005 0.867 60043
0.003 0.864 60132
0.004 0.867 60221
0.005 0.867 60310
0.003 0.870 60399
0.004 0.867 60488
0.003 0.876 60577
0.002 0.876 60666
0.002 0.876 60755
0.003 0.876 60844
0.002 0.876 60933
0.002 0.876 61022
0.003 0.876 61111
0.005 0.890 61200
0.004 0.890 61289
0.003 0.876 61378
0.004 0.890 61467
0.002 0.887 61556
0.002 0.893 61645
0.006 0.890 61734
0.004 0.890 61823
0.003 0.876 61912
0.003 0.887 62001
0.003 0.899 62090
0.006 0.896 62179
0.004 0.899 62268
0.005 0.902 62357
0.002 0.899 62446
0.003 0.899 62535
0.002 0.899 62624
0.002 0.911 62713
0.005 0.914 62802
0.003 0.911 62891
0.005 0.914 62980
0.004 0.911 63069
0.002 0.911 63158
0.003 0.911 63247
0.003 0.911 63336
0.003 0.917 63425
0.004 0.922 63514
0.005 0.919 63603
0.003 0.922 63692
0.005 0.914 63781
0.005 0.919 63870
0.003 0.922 63959
0.003 0.922 64048
0.003 0.922 64137
0.004 0.925 64226
0.004 0.925 64315
0.005 0.937 64404
0.004 0.937 64493
0.004 0.937 64582
0.004 0.934 64671
0.002 0.934 64760
0.002 0.934 64849
0.002 0.934 64938
0.004 0.937 65027
0.003 0.957 65116
0.002 0.946 65205
0.002 0.946 65294
0.002 0.946 65383
0.004 0.946 65472
0.003 0.946 65561
0.002 0.946 65650
0.002 0.946 65739
0.002 0.946 65828
0.002 0.952 65917
0.004 0.957 66006
0.003 0.952 66095
0.003 0.957 66184
0.006 0.960 66273
0.003 0.957 66362
0.003 0.957 66451
0.004 0.957 66540
0.003 0.957 66629
0.003 0.963 66718
0.004 0.969 66807
0.003 0.969 66896
0.005 0.960 66985
0.004 0.966 67074
0.005 0.966 67163
0.005 0.972 67252
0.002 0.969 67341
0.005 0.972 67430
0.004 0.972 67519
0.004 0.972 67608
0.005 0.984 67697
0.003 0.981 67786
0.005 0.984 67875
0.004 0.981 67964
0.004 0.987 68053
0.003 0.992 68142
0.003 0.992 68231
0.003 0.987 68320
0.002 0.987 68409
0.003 0.981 68498
0.003 0.992 68587
0.002 0.992 68676
0.003 0.992 68765
0.004 0.995 68854
0.004 0.995 68943
0.003 0.992 69032
0.003 1.004 69121
0.004 1.007 69210
0.005 1.007 69299
0.004 1.007 69388
0.004 1.007 69477
0.004 1.007 69566
0.003 1.004 69655
0.002 1.004 69744
0.003 1.007 69833
0.003 1.016 69922
0.002 1.010 70011
0.003 1.016 70100
0.002 1.016 70189
0.004 1.007 70278
0.004 1.013 70367
0.004 1.013 70456
0.004 1.019 70545
0.004 1.013 70634
0.004 1.019 70723
0.004 1.019 70812
0.004 1.030 70901
0.002 1.016 70990
0.002 1.016 71079
0.002 1.027 71168
0.002 1.027 71257
0.004 1.030 71346
0.002 1.027 71435
0.002 1.027 71524
0.004 1.030 71613
0.002 1.039 71702
0.001 1.027 71791
0.002 1.039 71880
0.002 1.039 71969
0.004 1.036 72058
0.002 1.039 72147
0.003 1.051 72236
0.004 1.051 72325
0.005 1.054 72414
0.003 1.045 72503
0.004 1.051 72592
0.004 1.054 72681
0.003 1.051 72770
0.004 1.051 72859
0.004 1.051 72948
0.003 1.062 73037
0.005 1.059 73126
0.004 1.059 73215
0.004 1.059 73304
0.005 1.059 73393
0.005 1.059 73482
0.004 1.059 73571
0.004 1.062 73660
0.005 1.065 73749
0.002 1.062 73838
0.002 1.062 73927
0.002 1.062 74016
0.003 1.062 74105
0.002 1.062 74194
0.004 1.074 74283
0.002 1.074 74372
0.004 1.077 74461
0.006 1.077 74550
0.005 1.077 74639
0.003 1.086 74728
0.003 1.086 74817
0.004 1.083 74906
0.004 1.083 74995
0.005 1.083 75084
0.004 1.089 75173
0.002 1.086 75262
0.004 1.089 75351
0.002 1.086 75440
0.002 1.092 75529
0.003 1.097 75618
0.003 1.097 75707
0.002 1.097 75796
0.003 1.097 75885
0.002 1.097 75974
0.004 1.100 76063
0.002 1.103 76152
0.004 1.100 76241
0.002 1.109 76330
0.003 1.109 76419
0.003 1.109 76508
0.002 1.109 76597
0.002 1.109 76686
0.002 1.109 76775
0.004 1.106 76864
0.004 1.124 76953
0.003 1.109 77042
0.003 1.109 77131
0.002 1.109 77220
0.004 1.124 77309
0.004 1.124 77398
0.004 1.124 77487
0.005 1.124 77576
0.002 1.121 77665
0.002 1.121 77754
0.002 1.129 77843
0.002 1.121 77932
0.002 1.127 78021
0.004 1.129 78110
0.002 1.132 78199
0.002 1.132 78288
0.004 1.135 78377
0.002 1.132 78466
0.002 1.132 78555
0.004 1.138 78644
0.004 1.138 78733
0.006 1.147 78822
0.005 1.147 78911
0.002 1.144 79000
0.003 1.144 79089
0.004 1.144 79178
0.003 1.144 79267
0.004 1.156 79356
0.004 1.144 79445
0.003 1.150 79534
0.003 1.156 79623
0.006 1.153 79712
0.003 1.156 79801
0.003 1.156 79890
0.004 1.156 79979
0.004 1.156 80068
0.003 1.156 80157
0.006 1.170 80246
0.005 1.170 80335
0.003 1.156 80424
0.003 1.167 80513
0.006 1.170 80602
0.005 1.170 80691
0.003 1.167 80780
0.004 1.173 80869
0.003 1.173 80958
0.005 1.176 81047
0.003 1.167 81136
0.005 1.176 81225
0.003 1.179 81314
0.004 1.182 81403
0.005 1.194 81492
0.002 1.179 81581
0.004 1.191 81670
0.005 1.194 81759
0.002 1.191 81848
0.003 1.191 81937
0.003 1.191 82026
0.004 1.194 82115
0.003 1.191 82204
0.003 1.191 82293
0.004 1.194 82382
0.004 1.202 82471
0.004 1.194 82560
0.003 1.202 82649
0.005 1.199 82738
0.003 1.202 82827
0.003 1.202 82916
0.004 1.199 83005
0.003 1.202 83094
0.004 1.205 83183
0.004 1.205 83272
0.004 1.217 83361
0.004 1.217 83450
0.002 1.214 83539
0.005 1.217 83628
0.002 1.214 83717
0.002 1.214 83806
0.004 1.217 83895
0.002 1.220 83984
0.002 1.220 84073
0.004 1.223 84162
0.002 1.226 84251
0.004 1.223 84340
0.003 1.226 84429
0.002 1.226 84518
0.002 1.226 84607
0.002 1.232 84696
0.004 1.223 84785
0.004 1.223 84874
0.004 1.240 84963
0.003 1.237 85052
0.006 1.240 85141
0.005 1.240 85230
0.002 1.237 85319
0.004 1.237 85408
0.003 1.243 85497
0.005 1.240 85586
0.005 1.240 85675
0.006 1.246 85764
0.005 1.246 85853
0.003 1.249 85942
0.004 1.249 86031
0.004 1.252 86120
0.003 1.249 86209
0.004 1.249 86298
0.003 1.249 86387
0.003 1.249 86476
0.006 1.264 86565
0.005 1.264 86654
0.003 1.249 86743
0.003 1.261 86832
0.003 1.261 86921
0.004 1.264 87010
0.004 1.267 87099
0.003 1.261 87188
0.003 1.272 87277
0.004 1.272 87366
0.005 1.269 87455
0.003 1.272 87544
0.003 1.272 87633
0.003 1.272 87722
0.002 1.272 87811
0.002 1.272 87900
0.005 1.275 87989
0.003 1.284 88078
0.002 1.284 88167
0.003 1.284 88256
0.002 1.284 88345
0.005 1.287 88434
0.003 1.284 88523
0.002 1.284 88612
0.004 1.287 88701
0.004 1.290 88790
0.003 1.296 88879
0.003 1.296 88968
0.003 1.296 89057
0.002 1.296 89146
0.002 1.296 89235
0.004 1.293 89324
0.004 1.310 89413
0.002 1.296 89502
0.003 1.296 89591
0.003 1.296 89680
0.002 1.296 89769
0.003 1.307 89858
0.005 1.310 89947
0.002 1.307 90036
0.002 1.307 90125
0.004 1.310 90214
0.002 1.319 90303
0.002 1.307 90392
0.002 1.319 90481
0.002 1.319 90570
0.004 1.310 90659
0.002 1.319 90748
0.004 1.316 90837
0.002 1.319 90926
0.004 1.316 91015
0.002 1.319 91104
0.002 1.319 91193
0.003 1.331 91282
0.003 1.331 91371
0.004 1.334 91460
0.002 1.331 91549
0.004 1.334 91638
0.002 1.331 91727
0.003 1.331 91816
0.006 1.334 91905
0.006 1.334 91994
0.004 1.334 92083
0.004 1.342 92172
0.004 1.342 92261
0.004 1.342 92350
0.003 1.342 92439
0.003 1.342 92528
0.006 1.345 92617
0.003 1.342 92706
0.002 1.342 92795
0.004 1.342 92884
0.003 1.342 92973
0.002 1.354 93062
0.004 1.354 93151
0.003 1.354 93240
0.004 1.357 93329
0.006 1.357 93418
0.004 1.366 93507
0.004 1.357 93596
0.005 1.357 93685
0.003 1.366 93774
0.004 1.363 93863
0.004 1.366 93952
0.003 1.377 94041
0.004 1.377 94130
0.004 1.377 94219
0.003 1.366 94308
0.002 1.377 94397
0.003 1.377 94486
0.006 1.386 94575
0.002 1.377 94664
0.002 1.377 94753
0.003 1.377 94842
0.003 1.377 94931
0.002 1.377 95020
0.003 1.383 95109
0.003 1.389 95198
0.003 1.389 95287
0.003 1.389 95376
0.005 1.386 95465
0.003 1.389 95554
0.003 1.389 95643
0.004 1.386 95732
0.002 1.389 95821
0.005 1.404 95910
0.004 1.404 95999
0.004 1.404 96088
0.003 1.401 96177
0.002 1.401 96266
0.002 1.401 96355
0.005 1.404 96444
0.004 1.404 96533
0.002 1.412 96622
0.005 1.404 96711
0.002 1.412 96800
0.002 1.412 96889
0.002 1.412 96978
0.004 1.409 97067
0.002 1.418 97156
0.003 1.424 97245
0.002 1.412 97334
0.002 1.412 97423
0.002 1.424 97512
0.004 1.427 97601
0.003 1.424 97690
0.003 1.424 97779
0.003 1.409 97868
0.004 1.427 97957
0.003 1.424 98046
0.003 1.436 98135
0.004 1.436 98224
0.005 1.436 98313
0.006 1.433 98402
0.004 1.436 98491
0.005 1.436 98580
0.004 1.436 98669
0.004 1.436 98758
0.004 1.436 98847
0.006 1.450 98936
0.004 1.436 99025
0.004 1.447 99114
0.006 1.450 99203
0.004 1.447 99292
0.004 1.447 99381
0.004 1.447 99470
0.006 1.450 99559
0.005 1.450 99648
0.004 1.459 99737
0.004 1.459 99826
0.006 1.450 99915
0.006 1.456 100004
0.006 1.462 100093
0.005 1.462 100182
0.006 1.462 100271
0.004 1.459 100360
0.006 1.474 100449
0.004 1.471 100538
0.006 1.474 100627
0.004 1.471 100716
0.006 1.474 100805
0.003 1.471 100894
0.003 1.471 100983
0.004 1.482 101072
0.004 1.482 101161
0.005 1.474 101250
0.005 1.474 101339
0.004 1.474 101428
0.004 1.474 101517
0.005 1.479 101606
0.003 1.482 101695
0.002 1.482 101784
0.003 1.482 101873
0.005 1.485 101962
0.003 1.482 102051
0.004 1.497 102140
0.004 1.482 102229
0.005 1.497 102318
0.003 1.494 102407
0.004 1.494 102496
0.005 1.497 102585
0.002 1.494 102674
0.003 1.500 102763
0.003 1.500 102852
0.002 1.506 102941
0.003 1.494 103030
0.003 1.494 103119
0.004 1.503 103208
0.003 1.506 103297
0.003 1.506 103386
0.004 1.509 103475
0.005 1.509 103564
0.003 1.512 103653
0.002 1.517 103742
0.005 1.520 103831
0.003 1.517 103920
0.003 1.517 104009
0.004 1.520 104098
0.004 1.520 104187
0.003 1.517 104276
0.004 1.520 104365
0.004 1.520 104454
0.002 1.529 104543
0.005 1.529 104632
0.004 1.529 104721
0.004 1.520 104810
0.004 1.526 104899
0.004 1.529 104988
0.005 1.526 105077
0.004 1.529 105166
0.004 1.529 105255
0.004 1.529 105344
0.004 1.529 105433
0.004 1.541 105522
0.003 1.541 105611
0.006 1.544 105700
0.006 1.544 105789
0.006 1.544 105878
0.006 1.544 105967
0.005 1.544 106056
0.003 1.549 106145
0.006 1.544 106234
0.005 1.549 106323
0.005 1.549 106412
0.005 1.555 106501
0.004 1.552 106590
0.003 1.552 106679
0.003 1.552 106768
0.006 1.555 106857
0.005 1.567 106946
0.003 1.564 107035
0.003 1.564 107124
0.002 1.564 107213
0.003 1.564 107302
0.004 1.564 107391
0.003 1.564 107480
0.003 1.564 107569
0.005 1.567 107658
0.005 1.567 107747
0.003 1.576 107836
0.004 1.576 107925
0.003 1.576 108014
0.002 1.576 108103
0.004 1.576 108192
0.003 1.576 108281
0.004 1.579 108370
0.005 1.579 108459
0.003 1.576 108548
0.003 1.576 108637
0.003 1.576 108726
0.003 1.587 108815
0.003 1.576 108904
0.002 1.587 108993
0.005 1.590 109082
0.002 1.587 109171
0.004 1.590 109260
0.003 1.599 109349
0.004 1.590 109438
0.002 1.599 109527
0.003 1.599 109616
0.003 1.599 109705
0.003 1.599 109794
0.004 1.611 109883
0.004 1.611 109972
0.005 1.614 110061
0.003 1.611 110150
0.002 1.611 110239
0.002 1.611 110328
0.004 1.614 110417
0.002 1.611 110506
0.002 1.611 110595
0.004 1.614 110684
0.002 1.611 110773
0.002 1.622 110862
0.004 1.622 110951
0.003 1.622 111040
0.002 1.622 111129
0.004 1.619 111218
0.002 1.622 111307
0.002 1.622 111396
0.005 1.619 111485
0.003 1.622 111574
0.003 1.622 111663
0.006 1.637 111752
0.004 1.622 111841
0.004 1.634 111930
0.006 1.637 112019
0.004 1.634 112108
0.005 1.637 112197
0.004 1.634 112286
0.004 1.634 112375
0.003 1.640 112464
0.004 1.646 112553
0.004 1.646 112642
0.005 1.643 112731
0.004 1.646 112820
  
  
  
  
  
  
  
  
  
  
  
  
  
  
  
  
  
  
  
  
  
  
  
  
  
  
  
  
  
  
  
  
  
  
  
  
  
  
  
  
  
  
  
  
  
  
  
  
  
  
  
  
  
  
  
  
  
  
