  
  
0.000 0.000 1
0.002 -5.382 12
0.001 -5.382 24
0.001 -5.382 36
0.001 -5.382 48
0.002 -5.382 60
0.005 -5.382 72
0.002 -5.382 84
0.005 -5.382 96
0.001 -5.382 108
0.001 -5.382 120
0.001 -5.382 132
0.001 -5.382 144
0.001 -5.382 156
0.001 -5.382 168
0.001 -5.382 180
0.001 -5.382 192
0.001 -5.382 204
0.001 -5.382 216
0.001 -5.382 228
0.001 -5.382 240
0.001 -5.382 252
0.001 -5.382 264
0.001 -5.382 276
0.001 -5.382 288
0.001 -5.382 300
0.001 -5.382 312
0.002 -5.382 324
0.001 -5.382 336
0.001 -5.382 348
0.001 -5.382 360
0.001 -5.382 372
0.001 -5.382 384
0.005 -5.382 396
0.005 -5.382 408
0.001 -5.382 420
0.005 -5.382 432
0.001 -5.382 444
0.001 -5.382 456
0.001 -5.382 468
0.001 -5.382 480
0.001 -5.382 492
0.001 -5.382 504
0.001 -5.382 516
0.001 -5.382 528
0.001 -5.382 540
0.001 -5.382 552
0.001 -5.382 564
0.001 -5.382 576
0.001 -5.382 588
0.001 -5.382 600
0.005 -5.382 612
0.001 -5.382 624
0.001 -5.382 636
0.001 -5.382 648
0.001 -5.382 660
0.005 -5.382 672
0.001 -5.382 684
0.001 -5.382 696
0.001 -5.382 708
0.001 -5.382 720
0.005 -5.382 732
0.001 -5.382 744
0.005 -5.382 756
0.005 -5.382 768
0.001 -5.382 780
0.001 -5.382 792
0.001 -5.382 804
0.001 -5.382 816
0.001 -5.382 828
0.001 -5.382 840
0.001 -5.382 852
0.001 -5.382 864
0.001 -5.382 876
0.001 -5.382 888
0.001 -5.382 900
0.001 -5.382 912
0.005 -5.382 924
0.005 -5.382 936
0.005 -5.382 948
0.001 -5.382 960
0.001 -5.382 972
0.001 -5.382 984
0.001 -5.382 996
0.001 -5.382 1008
0.005 -5.382 1020
0.001 -5.382 1032
0.005 -5.382 1044
0.001 -5.382 1056
0.001 -5.382 1068
0.001 -5.382 1080
0.001 -5.382 1092
0.005 -5.382 1104
0.001 -5.382 1116
0.005 -5.382 1128
0.001 -5.382 1140
0.001 -5.382 1152
0.001 -5.382 1164
0.001 -5.382 1176
0.001 -5.382 1188
0.005 -5.382 1200
0.001 -5.382 1212
0.005 -5.382 1224
0.001 -5.382 1236
0.004 -5.382 1248
0.001 -5.382 1260
0.001 -5.382 1272
0.004 -5.382 1284
0.001 -5.382 1296
0.004 -5.382 1308
0.001 -5.382 1320
0.001 -5.382 1332
0.001 -5.382 1344
0.001 -5.382 1356
0.005 -5.382 1368
0.001 -5.382 1380
0.001 -5.382 1392
0.005 -5.382 1404
0.001 -5.382 1416
0.005 -5.382 1428
0.001 -5.382 1440
0.001 -5.382 1452
0.001 -5.382 1464
0.004 -5.382 1476
0.001 -5.382 1488
0.001 -5.382 1500
0.001 -5.382 1512
0.001 -5.382 1524
0.001 -5.382 1536
0.001 -5.382 1548
0.005 -5.382 1560
0.001 -5.382 1572
0.001 -5.382 1584
0.005 -5.382 1596
0.004 -5.382 1608
0.001 -5.382 1620
0.001 -5.382 1632
0.001 -5.382 1644
0.001 -5.382 1656
0.001 -5.382 1668
0.002 -5.382 1680
0.002 -5.382 1692
0.004 -5.382 1704
0.001 -5.382 1716
0.005 -5.382 1728
0.001 -5.382 1740
0.001 -5.382 1752
0.001 -5.382 1764
0.005 -5.382 1776
0.005 -5.382 1788
0.001 -5.382 1800
0.001 -5.382 1812
0.005 -5.382 1824
0.001 -5.382 1836
0.004 -5.382 1848
0.001 -5.382 1860
0.001 -5.382 1872
0.001 -5.382 1884
0.001 -5.382 1896
0.004 -5.382 1908
0.001 -5.382 1920
0.001 -5.382 1932
0.005 -5.382 1944
0.001 -5.382 1956
0.001 -5.382 1968
0.001 -5.382 1980
0.001 -5.382 1992
0.001 -5.382 2004
0.002 -5.382 2016
0.001 -5.382 2028
0.001 -5.382 2040
0.001 -5.382 2052
0.004 -5.382 2064
0.001 -5.382 2076
0.001 -5.382 2088
0.001 -5.382 2100
0.001 -5.382 2112
0.005 -5.382 2124
0.001 -5.382 2136
0.001 -5.382 2148
0.004 -5.382 2160
0.001 -5.382 2172
0.002 -5.382 2184
0.001 -5.382 2196
0.001 -5.382 2208
0.004 -5.382 2220
0.001 -5.382 2232
0.001 -5.382 2244
0.001 -5.382 2256
0.001 -5.382 2268
0.001 -5.382 2280
0.001 -5.382 2292
0.005 -5.382 2304
0.001 -5.382 2316
0.001 -5.382 2328
0.004 -5.382 2340
0.001 -5.382 2352
0.001 -5.382 2364
0.001 -5.382 2376
0.001 -5.382 2388
0.005 -5.382 2400
0.001 -5.382 2412
0.001 -5.382 2424
0.004 -5.382 2436
0.001 -5.382 2448
0.004 -5.382 2460
0.001 -5.382 2472
0.001 -5.382 2484
0.005 -5.382 2496
0.005 -5.382 2508
0.001 -5.382 2520
0.001 -5.382 2532
0.001 -5.382 2544
0.005 -5.382 2556
0.005 -5.382 2568
0.001 -5.382 2580
0.001 -5.382 2592
0.001 -5.382 2604
0.001 -5.382 2616
0.001 -5.382 2628
0.004 -5.382 2640
0.001 -5.382 2652
0.001 -5.382 2664
0.001 -5.382 2676
0.001 -5.382 2688
0.004 -5.382 2700
0.001 -5.382 2712
0.001 -5.382 2724
0.009 -5.382 2736
0.006 -5.382 2748
0.006 -5.382 2760
0.006 -5.382 2772
0.006 -5.382 2784
0.009 -5.382 2796
0.006 -5.382 2808
0.006 -5.382 2820
0.006 -5.382 2832
0.006 -5.382 2844
0.009 -5.382 2856
0.009 -5.382 2868
0.009 -5.382 2880
0.006 -5.382 2892
0.008 -5.382 2904
0.009 -5.382 2916
0.006 -5.382 2928
0.009 -5.382 2940
0.006 -5.382 2952
0.007 -5.382 2964
0.006 -5.382 2976
0.006 -5.382 2988
0.009 -5.382 3000
0.006 -5.382 3012
0.006 -5.382 3024
0.009 -5.382 3036
0.009 -5.382 3048
0.009 -5.382 3060
0.006 -5.382 3072
0.009 -5.382 3084
0.009 -5.382 3096
0.009 -5.382 3108
0.006 -5.382 3120
0.006 -5.382 3132
0.006 -5.382 3144
0.009 -5.382 3156
0.006 -5.382 3168
0.006 -5.382 3180
0.006 -5.382 3192
0.006 -5.382 3204
0.009 -5.382 3216
0.003 -5.382 3228
0.001 -5.382 3240
0.001 -5.382 3252
0.001 -5.382 3264
0.005 -5.382 3276
0.004 -5.382 3288
0.001 -5.382 3300
0.001 -5.382 3312
0.001 -5.382 3324
0.004 -5.382 3336
0.001 -5.382 3348
0.001 -5.382 3360
0.001 -5.382 3372
0.001 -5.382 3384
0.001 -5.382 3396
0.001 -5.382 3408
0.001 -5.382 3420
0.006 -5.382 3432
0.001 -5.382 3444
0.006 -5.382 3456
0.006 -5.382 3468
0.008 -5.382 3480
0.009 -5.382 3492
0.006 -5.382 3504
0.006 -5.382 3516
0.006 -5.382 3528
0.006 -5.382 3540
0.001 -5.382 3552
0.001 -5.382 3564
0.004 -5.382 3576
0.001 -5.382 3588
0.004 -5.382 3600
0.006 -5.382 3612
0.001 -5.382 3624
0.001 -5.382 3636
0.001 -5.382 3648
0.001 -5.382 3660
0.001 -5.382 3672
0.001 -5.382 3684
0.001 -5.382 3696
0.001 -5.382 3708
0.002 -5.382 3720
0.001 -5.382 3732
0.001 -5.382 3744
0.005 -5.382 3756
0.004 -5.382 3768
0.001 -5.382 3780
0.001 -5.382 3792
0.001 -5.382 3804
0.001 -5.382 3816
0.001 -5.382 3828
0.002 -5.382 3840
0.001 -5.382 3852
0.001 -5.382 3864
0.001 -5.382 3876
0.001 -5.382 3888
0.001 -5.382 3900
0.001 -5.382 3912
0.001 -5.382 3924
0.001 -5.382 3936
0.001 -5.382 3948
0.001 -5.382 3960
0.001 -5.382 3972
0.001 -5.382 3984
0.001 -5.382 3996
0.001 -5.382 4008
0.001 -5.382 4020
0.001 -5.382 4032
0.001 -5.382 4044
0.004 -5.382 4056
0.001 -5.382 4068
0.005 -5.382 4080
0.001 -5.382 4092
0.001 -5.382 4104
0.001 -5.382 4116
0.001 -5.382 4128
0.004 -5.382 4140
0.001 -5.382 4152
0.001 -5.382 4164
0.001 -5.382 4176
0.001 -5.382 4188
0.004 -5.382 4200
0.001 -5.382 4212
0.001 -5.382 4224
0.001 -5.382 4236
0.001 -5.382 4248
0.002 -5.382 4260
0.001 -5.382 4272
0.001 -5.382 4284
0.004 -5.382 4296
-0.000 -5.382 4308
0.001 -5.382 4320
0.001 -5.382 4332
0.001 -5.382 4344
0.001 -5.382 4356
0.001 -5.382 4368
0.004 -5.382 4380
0.001 -5.382 4392
0.001 -5.382 4404
0.005 -5.382 4416
0.004 -5.382 4428
0.001 -5.382 4440
0.001 -5.382 4452
0.001 -5.382 4464
0.004 -5.382 4476
0.001 -5.382 4488
0.004 -5.382 4500
0.001 -5.382 4512
-0.000 -5.382 4524
0.004 -5.382 4536
0.001 -5.382 4548
0.001 -5.382 4560
0.004 -5.364 4572
0.001 -5.382 4584
0.001 -5.382 4596
0.001 -5.382 4608
0.002 -5.382 4620
0.001 -5.382 4632
0.001 -5.382 4644
0.004 -5.382 4656
0.001 -5.382 4668
0.004 -5.382 4680
0.001 -5.382 4692
0.001 -5.382 4704
0.001 -5.382 4716
0.001 -5.382 4728
0.001 -5.382 4740
0.001 -5.382 4752
0.001 -5.382 4764
0.002 -5.370 4776
-0.000 -5.382 4788
0.001 -5.382 4800
0.001 -5.382 4812
0.001 -5.382 4824
0.001 -5.382 4836
0.001 -5.382 4848
0.004 -5.382 4860
0.001 -5.382 4872
0.001 -5.382 4884
0.005 -5.364 4896
-0.000 -5.382 4908
0.001 -5.382 4920
0.001 -5.382 4932
0.001 -5.382 4944
0.001 -5.382 4956
0.001 -5.382 4968
0.001 -5.382 4980
0.001 -5.382 4992
0.001 -5.382 5004
0.000 -5.382 5016
0.001 -5.382 5028
0.004 -5.382 5040
0.001 -5.382 5052
0.001 -5.382 5064
0.004 -5.382 5076
-0.001 -5.382 5088
0.001 -5.382 5100
0.001 -5.382 5112
0.001 -5.382 5124
0.001 -5.382 5136
0.001 -5.382 5148
0.001 -5.382 5160
0.001 -5.382 5172
0.001 -5.382 5184
0.004 -5.382 5196
0.001 -5.382 5208
0.004 -5.382 5220
0.001 -5.382 5232
0.000 -5.382 5244
0.001 -5.382 5256
-0.000 -5.382 5268
0.001 -5.382 5280
0.001 -5.382 5292
0.001 -5.382 5304
0.001 -5.382 5316
0.001 -5.382 5328
0.001 -5.382 5340
0.001 -5.382 5352
-0.000 -5.382 5364
0.004 -5.382 5376
0.001 -5.382 5388
0.004 -5.382 5400
0.001 -5.382 5412
0.001 -5.382 5424
0.001 -5.382 5436
0.001 -5.382 5448
0.001 -5.382 5460
0.001 -5.382 5472
0.001 -5.382 5484
0.001 -5.382 5496
-0.000 -5.382 5508
0.001 -5.382 5520
0.001 -5.382 5532
0.001 -5.382 5544
0.001 -5.382 5556
0.001 -5.382 5568
0.001 -5.382 5580
0.001 -5.382 5592
0.001 -5.382 5604
0.004 -5.382 5616
0.001 -5.382 5628
0.004 -5.382 5640
0.001 -5.382 5652
0.001 -5.382 5664
0.004 -5.382 5676
0.001 -5.382 5688
0.004 -5.382 5700
0.001 -5.382 5712
0.001 -5.382 5724
0.001 -5.382 5736
0.001 -5.382 5748
0.001 -5.382 5760
0.001 -5.382 5772
0.001 -5.382 5784
0.004 -5.382 5796
0.001 -5.382 5808
0.001 -5.382 5820
0.001 -5.382 5832
0.001 -5.382 5844
0.001 -5.382 5856
0.001 -5.382 5868
0.001 -5.382 5880
0.001 -5.382 5892
0.001 -5.382 5904
0.001 -5.382 5916
0.001 -5.382 5928
0.001 -5.382 5940
0.001 -5.382 5952
0.001 -5.382 5964
0.004 -5.382 5976
0.001 -5.382 5988
0.002 -5.382 6000
0.001 -5.382 6012
0.001 -5.382 6024
0.004 -5.382 6036
0.001 -5.382 6048
0.004 -5.382 6060
0.001 -5.382 6072
0.001 -5.382 6084
0.004 -5.382 6096
-0.000 -5.382 6108
0.001 -5.382 6120
0.001 -5.382 6132
0.001 -5.382 6144
-0.000 -5.382 6156
0.003 -5.382 6168
0.001 -5.382 6180
0.001 -5.382 6192
0.001 -5.382 6204
0.001 -5.382 6216
-0.001 -5.382 6228
0.001 -5.382 6240
0.001 -5.382 6252
0.001 -5.382 6264
0.003 -5.382 6276
-0.001 -5.382 6288
0.001 -5.382 6300
0.001 -5.382 6312
0.001 -5.382 6324
0.001 -5.382 6336
-0.001 -5.382 6348
0.001 -5.382 6360
0.001 -5.382 6372
0.001 -5.382 6384
0.003 -5.382 6396
-0.001 -5.382 6408
0.001 -5.382 6420
0.001 -5.382 6432
0.001 -5.382 6444
0.001 -5.382 6456
0.001 -5.382 6468
0.000 -5.382 6480
0.001 -5.382 6492
0.001 -5.382 6504
0.003 -5.382 6516
0.001 -5.382 6528
0.004 -5.382 6540
0.001 -5.382 6552
0.001 -5.382 6564
0.004 -5.382 6576
-0.000 -5.382 6588
0.001 -5.382 6600
0.001 -5.382 6612
0.001 -5.382 6624
0.001 -5.382 6636
0.001 -5.382 6648
0.001 -5.382 6660
0.001 -5.382 6672
0.001 -5.382 6684
-0.000 -5.382 6696
0.004 -5.382 6708
0.001 -5.382 6720
0.001 -5.382 6732
0.001 -5.382 6744
0.001 -5.382 6756
-0.001 -5.382 6768
0.001 -5.382 6780
0.001 -5.382 6792
0.001 -5.382 6804
0.004 -5.382 6816
-0.001 -5.382 6828
0.001 -5.382 6840
0.001 -5.382 6852
0.001 -5.382 6864
-0.001 -5.382 6876
0.001 -5.382 6888
0.004 -5.382 6900
0.001 -5.382 6912
-0.000 -5.382 6924
0.003 -5.382 6936
-0.000 -5.382 6948
0.001 -5.382 6960
0.001 -5.382 6972
0.001 -5.382 6984
0.001 -5.382 6996
0.001 -5.382 7008
0.001 -5.382 7020
0.001 -5.382 7032
0.001 -5.382 7044
0.001 -5.382 7056
0.001 -5.382 7068
0.001 -5.382 7080
0.001 -5.382 7092
0.001 -5.382 7104
0.001 -5.382 7116
-0.000 -5.382 7128
0.001 -5.382 7140
0.001 -5.382 7152
0.001 -5.382 7164
0.001 -5.382 7176
0.001 -5.382 7188
0.001 -5.382 7200
0.001 -5.382 7212
0.001 -5.382 7224
-0.001 -5.382 7236
-0.000 -5.382 7248
0.001 -5.382 7260
0.001 -5.382 7272
0.001 -5.382 7284
-0.000 -5.382 7296
0.003 -5.382 7308
0.001 -5.382 7320
0.001 -5.382 7332
0.001 -5.382 7344
0.001 -5.382 7356
0.001 -5.382 7368
0.001 -5.382 7380
0.001 -5.382 7392
0.001 -5.382 7404
-0.000 -5.382 7416
0.004 -5.382 7428
0.001 -5.382 7440
0.001 -5.382 7452
0.001 -5.382 7464
0.001 -5.382 7476
0.001 -5.382 7488
0.001 -5.382 7500
0.001 -5.382 7512
0.001 -5.382 7524
-0.000 -5.382 7536
0.003 -5.382 7548
0.001 -5.382 7560
0.001 -5.382 7572
0.001 -5.382 7584
-0.000 -5.382 7596
0.003 -5.382 7608
0.001 -5.382 7620
0.001 -5.382 7632
0.001 -5.382 7644
-0.000 -5.382 7656
0.003 -5.382 7668
0.001 -5.382 7680
0.001 -5.382 7692
0.001 -5.382 7704
0.004 -5.382 7716
0.001 -5.382 7728
0.003 -5.382 7740
0.001 -5.382 7752
0.001 -5.382 7764
0.003 -5.382 7776
0.001 -5.382 7788
0.004 -5.382 7800
0.001 -5.382 7812
0.001 -5.382 7824
0.003 -5.382 7836
-0.001 -5.382 7848
0.001 -5.382 7860
0.001 -5.382 7872
0.001 -5.382 7884
-0.000 -5.382 7896
0.003 -5.382 7908
0.001 -5.382 7920
0.001 -5.382 7932
0.001 -5.382 7944
0.001 -5.382 7956
-0.000 -5.382 7968
0.001 -5.382 7980
0.001 -5.382 7992
-0.000 -5.382 8004
-0.000 -5.382 8016
0.004 -5.382 8028
0.001 -5.382 8040
0.001 -5.382 8052
0.001 -5.382 8064
-0.001 -5.382 8076
0.001 -5.382 8088
0.004 -5.382 8100
0.001 -5.382 8112
-0.000 -5.382 8124
0.003 -5.382 8136
-0.000 -5.382 8148
0.001 -5.382 8160
0.001 -5.382 8172
0.003 -5.382 8184
-0.002 -5.382 8196
0.001 -5.382 8208
0.001 -5.382 8220
0.007 -5.382 8232
0.005 -5.382 8244
0.005 -5.382 8256
0.006 -5.382 8268
0.006 -5.382 8280
0.007 -5.382 8292
0.007 -5.382 8304
0.004 -5.382 8316
0.006 -5.382 8328
0.007 -5.382 8340
0.005 -5.382 8352
0.009 -5.382 8364
0.008 -5.382 8376
0.007 -5.382 8388
0.008 -5.382 8400
0.006 -5.382 8412
0.007 -5.382 8424
0.008 -5.382 8436
0.006 -5.382 8448
0.012 -5.382 8460
0.006 -5.382 8472
0.007 -5.382 8484
0.005 -5.382 8496
0.011 -5.382 8508
0.004 -5.382 8520
0.005 -5.382 8532
0.007 -5.382 8544
0.007 -5.382 8556
0.004 -5.382 8568
0.010 -5.382 8580
0.001 -5.382 8592
0.001 -5.382 8604
0.001 -5.382 8616
-0.000 -5.382 8628
0.001 -5.382 8640
0.001 -5.382 8652
-0.001 -5.382 8664
-0.001 -5.382 8676
0.003 -5.382 8688
0.000 -5.376 8700
-0.000 -5.382 8712
0.003 -5.376 8724
0.001 -5.382 8736
-0.001 -5.382 8748
0.005 -5.376 8760
0.007 -5.364 8772
0.009 -5.353 8784
0.008 -5.382 8796
0.004 -5.382 8808
0.012 -5.347 8820
0.009 -5.364 8832
0.007 -5.364 8844
0.005 -5.382 8856
0.007 -5.382 8868
0.008 -5.370 8880
0.008 -5.382 8892
0.007 -5.382 8904
0.006 -5.382 8916
0.005 -5.382 8928
0.006 -5.382 8940
0.005 -5.382 8952
0.005 -5.382 8964
0.006 -5.382 8976
0.008 -5.382 8988
0.005 -5.382 9000
0.006 -5.382 9012
0.005 -5.382 9024
0.005 -5.382 9036
0.005 -5.382 9048
0.004 -5.382 9060
0.005 -5.382 9072
0.008 -5.382 9084
0.008 -5.382 9096
0.005 -5.382 9108
0.005 -5.382 9120
0.008 -5.382 9132
0.005 -5.382 9144
0.005 -5.382 9156
0.008 -5.382 9168
0.005 -5.382 9180
0.008 -5.382 9192
0.004 -5.382 9204
0.005 -5.382 9216
0.007 -5.382 9228
0.007 -5.382 9240
0.004 -5.382 9252
0.005 -5.382 9264
0.004 -5.382 9276
0.005 -5.382 9288
0.005 -5.382 9300
0.005 -5.382 9312
-0.001 -5.382 9324
-0.001 -5.382 9336
0.003 -5.382 9348
0.001 -5.382 9360
0.004 -5.382 9372
0.004 -5.382 9384
0.004 -5.382 9396
0.012 -5.382 9408
0.004 -5.382 9420
0.006 -5.382 9432
0.005 -5.382 9444
0.007 -5.382 9456
0.007 -5.382 9468
0.008 -5.382 9480
0.005 -5.382 9492
0.005 -5.382 9504
0.004 -5.382 9516
0.006 -5.382 9528
0.008 -5.382 9540
0.012 -5.382 9552
0.007 -5.382 9564
0.004 -5.382 9576
0.006 -5.382 9588
0.006 -5.382 9600
0.007 -5.382 9612
0.005 -5.382 9624
0.005 -5.382 9636
0.005 -5.382 9648
0.005 -5.382 9660
0.010 -5.382 9672
0.007 -5.382 9684
0.011 -5.382 9696
0.006 -5.382 9708
0.007 -5.382 9720
0.004 -5.382 9732
0.007 -5.382 9744
0.009 -5.382 9756
0.008 -5.382 9768
0.005 -5.382 9780
0.007 -5.382 9792
0.006 -5.382 9804
0.010 -5.382 9816
0.007 -5.382 9828
0.012 -5.382 9840
0.007 -5.382 9852
0.006 -5.382 9864
0.006 -5.382 9876
0.010 -5.382 9888
0.005 -5.382 9900
0.008 -5.382 9912
0.006 -5.382 9924
0.014 -5.382 9936
0.006 -5.382 9948
0.010 -5.382 9960
0.006 -5.382 9972
0.011 -5.382 9984
0.006 -5.382 9996
0.006 -5.382 10008
0.001 -5.382 10020
0.009 -5.382 10032
0.006 -5.382 10044
0.010 -5.382 10056
0.006 -5.382 10068
0.004 -5.382 10080
0.007 -5.382 10092
0.008 -5.382 10104
0.007 -5.382 10116
0.005 -5.382 10128
0.003 -5.382 10140
0.007 -5.382 10152
0.007 -5.382 10164
0.006 -5.382 10176
0.005 -5.382 10188
0.005 -5.382 10200
0.006 -5.382 10212
0.008 -5.382 10224
0.012 -5.382 10236
0.006 -5.382 10248
0.006 -5.382 10260
0.007 -5.382 10272
0.005 -5.382 10284
0.006 -5.382 10296
0.006 -5.382 10308
0.006 -5.382 10320
0.004 -5.382 10332
0.005 -5.382 10344
0.006 -5.382 10356
0.005 -5.382 10368
0.005 -5.382 10380
0.005 -5.382 10392
0.007 -5.382 10404
0.006 -5.382 10416
0.007 -5.382 10428
0.004 -5.382 10440
0.008 -5.382 10452
0.005 -5.382 10464
0.004 -5.382 10476
0.005 -5.382 10488
0.004 -5.382 10500
0.007 -5.382 10512
0.004 -5.382 10524
0.007 -5.382 10536
0.004 -5.382 10548
0.004 -5.382 10560
0.007 -5.382 10572
0.004 -5.382 10584
0.007 -5.382 10596
0.005 -5.382 10608
0.005 -5.382 10620
0.004 -5.382 10632
0.005 -5.382 10644
0.005 -5.382 10656
0.005 -5.382 10668
0.004 -5.382 10680
0.007 -5.382 10692
0.005 -5.382 10704
0.005 -5.382 10716
0.005 -5.382 10728
0.004 -5.382 10740
0.007 -5.382 10752
0.005 -5.382 10764
0.005 -5.382 10776
0.004 -5.382 10788
0.004 -5.382 10800
0.007 -5.382 10812
0.004 -5.382 10824
0.007 -5.382 10836
0.005 -5.382 10848
0.005 -5.382 10860
0.005 -5.382 10872
0.005 -5.382 10884
0.005 -5.382 10896
0.005 -5.382 10908
0.005 -5.382 10920
0.005 -5.382 10932
0.005 -5.382 10944
0.005 -5.382 10956
0.005 -5.382 10968
0.005 -5.382 10980
0.005 -5.382 10992
0.005 -5.382 11004
0.005 -5.382 11016
0.005 -5.382 11028
0.005 -5.382 11040
0.005 -5.382 11052
0.005 -5.382 11064
0.004 -5.382 11076
0.005 -5.382 11088
0.004 -5.382 11100
0.008 -5.382 11112
0.005 -5.382 11124
0.006 -5.382 11136
0.005 -5.382 11148
0.005 -5.382 11160
0.005 -5.382 11172
0.004 -5.382 11184
0.007 -5.382 11196
0.004 -5.382 11208
0.005 -5.382 11220
0.005 -5.382 11232
0.004 -5.382 11244
0.007 -5.382 11256
0.005 -5.382 11268
0.004 -5.382 11280
0.007 -5.382 11292
0.005 -5.382 11304
0.005 -5.382 11316
0.005 -5.382 11328
0.004 -5.382 11340
0.007 -5.382 11352
0.005 -5.382 11364
0.005 -5.382 11376
0.005 -5.382 11388
0.005 -5.382 11400
0.005 -5.382 11412
0.004 -5.382 11424
0.007 -5.382 11436
0.004 -5.382 11448
0.005 -5.382 11460
0.005 -5.382 11472
0.005 -5.382 11484
0.005 -5.382 11496
0.004 -5.382 11508
0.004 -5.382 11520
0.007 -5.382 11532
0.005 -5.382 11544
0.005 -5.382 11556
0.005 -5.382 11568
0.005 -5.382 11580
0.001 -5.382 11592
0.007 -5.382 11604
0.007 -5.382 11616
0.004 -5.382 11628
0.005 -5.382 11640
0.004 -5.382 11652
0.005 -5.382 11664
0.004 -5.382 11676
0.005 -5.382 11688
-0.001 -5.382 11700
-0.001 -5.382 11713
-0.001 -5.382 11725
-0.001 -5.382 11737
-0.001 -5.382 11749
-0.000 -5.382 11761
0.003 -5.382 11773
-0.001 -5.382 11785
-0.001 -5.382 11797
0.001 -5.382 11809
-0.001 -5.382 11821
0.001 -5.382 11833
-0.000 -5.382 11845
-0.000 -5.382 11857
0.004 -5.382 11869
-0.000 -5.382 11881
0.003 -5.382 11893
-0.001 -5.382 11905
-0.000 -5.382 11917
0.003 -5.382 11929
-0.001 -5.382 11941
-0.000 -5.382 11953
0.003 -5.382 11965
0.003 -5.382 11977
-0.001 -5.382 11989
-0.001 -5.382 12001
-0.001 -5.382 12013
-0.001 -5.382 12025
-0.000 -5.382 12037
0.003 -5.382 12049
-0.001 -5.382 12061
-0.001 -5.382 12073
0.001 -5.382 12085
0.003 -5.382 12097
-0.000 -5.382 12109
0.001 -5.382 12121
0.004 -5.382 12133
0.001 -5.382 12145
0.003 -5.382 12157
0.001 -5.382 12169
0.001 -5.382 12181
0.003 -5.382 12193
-0.000 -5.382 12205
0.004 -5.382 12217
-0.001 -5.382 12229
-0.000 -5.382 12241
-0.001 -5.382 12253
0.001 -5.382 12265
0.003 -5.382 12277
-0.001 -5.382 12289
-0.001 -5.382 12301
-0.001 -5.382 12313
-0.000 -5.382 12325
0.003 -5.382 12337
0.001 -5.382 12349
0.005 -5.382 12361
0.005 -5.382 12373
0.005 -5.382 12385
0.005 -5.382 12397
0.005 -5.382 12409
0.005 -5.382 12421
0.005 -5.382 12433
0.005 -5.382 12445
0.005 -5.382 12457
0.005 -5.382 12469
0.005 -5.382 12481
0.004 -5.382 12493
0.005 -5.382 12505
0.004 -5.382 12517
0.005 -5.382 12529
0.004 -5.382 12541
0.007 -5.382 12553
0.004 -5.382 12565
0.007 -5.382 12577
0.005 -5.382 12589
0.007 -5.382 12601
0.005 -5.382 12613
0.005 -5.382 12625
0.005 -5.382 12637
0.005 -5.382 12649
0.007 -5.382 12661
0.006 -5.382 12673
0.007 -5.382 12685
0.006 -5.382 12697
0.006 -5.382 12709
0.005 -5.382 12721
0.004 -5.382 12733
0.005 -5.382 12745
0.003 -5.382 12757
0.003 -5.382 12769
0.005 -5.382 12781
0.005 -5.382 12793
0.001 -5.382 12805
0.003 -5.382 12817
0.005 -5.382 12829
0.005 -5.382 12841
0.006 -5.382 12853
0.006 -5.382 12865
0.005 -5.382 12877
0.005 -5.382 12889
0.005 -5.382 12901
0.005 -5.382 12913
0.005 -5.382 12925
0.006 -5.382 12937
0.006 -5.382 12949
0.005 -5.382 12961
0.009 -5.382 12973
0.009 -5.382 12985
0.005 -5.382 12997
0.006 -5.382 13009
0.006 -5.382 13021
0.009 -5.382 13033
0.006 -5.382 13045
0.007 -5.382 13057
0.006 -5.382 13069
0.006 -5.382 13081
0.007 -5.382 13093
0.008 -5.382 13105
0.007 -5.382 13117
0.005 -5.382 13129
0.006 -5.382 13141
0.008 -5.382 13153
0.007 -5.382 13165
0.006 -5.382 13177
0.005 -5.382 13189
0.007 -5.382 13201
0.007 -5.382 13213
0.006 -5.382 13225
0.009 -5.382 13237
0.007 -5.382 13249
0.006 -5.382 13261
0.009 -5.382 13273
0.006 -5.382 13285
0.006 -5.382 13297
0.007 -5.382 13309
0.009 -5.382 13321
0.009 -5.382 13333
0.006 -5.382 13345
0.005 -5.382 13357
0.007 -5.382 13369
0.009 -5.382 13381
0.007 -5.382 13393
0.007 -5.382 13405
0.006 -5.382 13417
0.006 -5.382 13429
0.006 -5.382 13441
0.009 -5.382 13453
0.006 -5.382 13465
0.006 -5.382 13477
0.006 -5.382 13489
0.009 -5.382 13501
0.006 -5.382 13513
0.009 -5.382 13525
0.009 -5.382 13537
0.006 -5.382 13549
0.008 -5.382 13561
0.001 -5.382 13573
0.001 -5.382 13585
0.001 -5.382 13597
0.001 -5.382 13609
0.004 -5.382 13621
0.004 -5.382 13633
0.001 -5.382 13645
0.004 -5.382 13657
-0.000 -5.382 13669
0.001 -5.382 13681
0.003 -5.382 13693
-0.000 -5.382 13705
0.004 -5.382 13717
0.001 -5.382 13729
0.004 -5.382 13741
0.003 -5.382 13753
-0.000 -5.382 13765
0.001 -5.382 13777
0.001 -5.382 13789
0.001 -5.382 13801
0.004 -5.382 13813
0.001 -5.382 13825
0.003 -5.382 13837
0.001 -5.382 13849
0.003 -5.382 13861
0.004 -5.382 13873
0.001 -5.382 13885
0.003 -5.382 13897
-0.001 -5.382 13909
0.001 -5.382 13921
0.004 -5.382 13933
0.001 -5.382 13945
0.004 -5.382 13957
0.001 -5.382 13969
0.004 -5.382 13981
0.004 -5.382 13993
0.001 -5.382 14005
0.004 -5.382 14017
0.001 -5.382 14029
0.004 -5.382 14041
0.004 -5.382 14053
0.001 -5.382 14065
0.004 -5.382 14077
0.001 -5.382 14089
0.004 -5.382 14101
0.003 -5.382 14113
-0.000 -5.382 14125
0.003 -5.382 14137
-0.001 -5.382 14149
-0.000 -5.382 14161
0.004 -5.382 14173
0.001 -5.382 14185
0.004 -5.382 14197
0.001 -5.382 14209
0.004 -5.382 14221
0.004 -5.382 14233
0.001 -5.382 14245
0.004 -5.382 14257
0.001 -5.382 14269
0.004 -5.382 14281
0.004 -5.382 14293
0.001 -5.382 14305
0.004 -5.382 14317
0.001 -5.382 14329
0.004 -5.382 14341
0.004 -5.382 14353
0.001 -5.382 14365
0.004 -5.382 14377
0.001 -5.382 14389
0.004 -5.382 14401
0.004 -5.382 14413
0.001 -5.382 14425
0.003 -5.382 14437
0.001 -5.382 14449
0.004 -5.382 14461
0.004 -5.382 14473
0.001 -5.382 14485
0.004 -5.382 14497
0.001 -5.382 14509
0.004 -5.382 14521
0.003 -5.382 14533
0.001 -5.382 14545
0.004 -5.382 14557
0.001 -5.382 14569
0.004 -5.382 14581
0.004 -5.382 14593
0.000 -5.382 14605
0.001 -5.382 14617
0.001 -5.382 14629
-0.000 -5.382 14641
0.004 -5.382 14653
0.001 -5.382 14665
0.004 -5.382 14677
0.001 -5.382 14689
0.003 -5.382 14701
0.004 -5.382 14713
0.001 -5.382 14725
0.004 -5.382 14737
0.001 -5.382 14749
0.003 -5.382 14761
0.003 -5.382 14773
-0.000 -5.382 14785
0.004 -5.382 14797
-0.001 -5.382 14809
0.001 -5.382 14821
0.004 -5.382 14833
0.001 -5.382 14845
0.004 -5.382 14857
0.001 -5.382 14869
0.004 -5.382 14881
0.004 -5.382 14893
0.001 -5.382 14905
0.003 -5.382 14917
0.001 -5.382 14929
0.004 -5.382 14941
0.004 -5.382 14953
0.001 -5.382 14965
0.003 -5.382 14977
0.001 -5.382 14989
0.003 -5.382 15001
0.003 -5.382 15013
0.001 -5.382 15025
0.003 -5.382 15037
-0.000 -5.382 15049
0.001 -5.382 15061
0.003 -5.382 15073
-0.000 -5.382 15085
0.003 -5.382 15097
0.001 -5.382 15109
0.001 -5.382 15121
0.004 -5.382 15133
0.001 -5.382 15145
0.004 -5.382 15157
0.001 -5.382 15169
0.004 -5.382 15181
0.004 -5.382 15193
0.001 -5.382 15205
0.004 -5.382 15217
-0.000 -5.382 15229
0.001 -5.382 15241
0.003 -5.382 15253
-0.000 -5.382 15265
0.003 -5.382 15277
-0.000 -5.382 15289
0.001 -5.382 15301
0.004 -5.382 15313
0.001 -5.382 15325
0.003 -5.382 15337
-0.000 -5.382 15349
0.001 -5.382 15361
0.003 -5.382 15373
0.001 -5.382 15385
0.003 -5.382 15397
-0.001 -5.382 15409
-0.000 -5.382 15421
0.003 -5.382 15433
0.000 -5.382 15445
0.001 -5.382 15457
0.001 -5.382 15469
0.001 -5.382 15481
0.003 -5.382 15493
0.001 -5.382 15505
0.003 -5.382 15517
0.001 -5.382 15529
0.004 -5.382 15541
0.004 -5.382 15553
0.001 -5.382 15565
0.004 -5.382 15577
-0.000 -5.382 15589
0.001 -5.382 15601
0.004 -5.382 15613
0.001 -5.382 15625
0.004 -5.382 15637
0.001 -5.382 15649
0.004 -5.382 15661
0.004 -5.382 15673
0.001 -5.382 15685
0.004 -5.382 15697
0.001 -5.382 15709
0.004 -5.382 15721
0.003 -5.382 15733
0.001 -5.382 15745
0.003 -5.382 15757
0.001 -5.382 15769
0.004 -5.382 15781
0.004 -5.382 15793
0.000 -5.382 15805
0.001 -5.382 15817
-0.000 -5.382 15829
0.001 -5.382 15841
0.001 -5.382 15853
0.001 -5.382 15865
-0.000 -5.382 15877
0.004 -5.382 15889
-0.000 -5.382 15901
0.004 -5.382 15913
0.001 -5.382 15925
0.004 -5.382 15937
-0.000 -5.382 15949
0.001 -5.382 15961
0.004 -5.382 15973
0.001 -5.382 15985
0.003 -5.382 15997
0.001 -5.382 16009
0.008 -5.382 16021
0.005 -5.382 16033
0.001 -5.382 16045
0.003 -5.382 16057
0.005 -5.382 16069
0.005 -5.382 16081
0.005 -5.382 16093
0.005 -5.382 16105
0.005 -5.382 16117
0.005 -5.382 16129
0.005 -5.382 16141
0.006 -5.382 16153
0.005 -5.382 16165
0.005 -5.382 16177
0.005 -5.382 16189
0.006 -5.382 16201
0.006 -5.382 16213
0.008 -5.382 16225
0.005 -5.382 16237
0.005 -5.382 16249
0.005 -5.382 16261
0.005 -5.382 16273
0.005 -5.382 16285
0.005 -5.382 16297
0.004 -5.382 16309
0.001 -5.382 16321
0.004 -5.382 16333
-0.001 -5.382 16345
-0.001 -5.382 16357
-0.001 -5.382 16369
0.004 -5.382 16381
0.008 -5.382 16393
0.004 -5.382 16405
0.007 -5.382 16417
0.005 -5.382 16429
0.005 -5.382 16441
0.005 -5.382 16453
0.006 -5.382 16465
0.009 -5.376 16477
0.006 -5.382 16489
0.005 -5.382 16501
0.005 -5.382 16513
0.005 -5.382 16525
0.004 -5.382 16537
0.004 -5.382 16549
0.005 -5.382 16561
0.005 -5.382 16573
0.004 -5.382 16585
0.008 -5.382 16597
0.005 -5.382 16609
0.005 -5.382 16621
0.005 -5.382 16633
0.005 -5.382 16645
0.006 -5.382 16657
0.004 -5.382 16669
0.005 -5.382 16681
0.005 -5.382 16693
0.005 -5.382 16705
0.005 -5.382 16717
0.005 -5.382 16729
0.005 -5.382 16741
0.005 -5.382 16753
0.005 -5.382 16765
0.005 -5.382 16777
0.005 -5.382 16789
-0.001 -5.382 16801
0.005 -5.382 16813
0.005 -5.382 16825
0.005 -5.382 16837
0.004 -5.382 16849
0.005 -5.382 16861
0.004 -5.382 16873
-0.001 -5.382 16885
-0.000 -5.382 16897
0.003 -5.382 16909
-0.001 -5.382 16921
-0.001 -5.382 16933
0.001 -5.382 16945
0.003 -5.382 16957
-0.001 -5.382 16969
0.001 -5.382 16981
0.003 -5.382 16993
-0.000 -5.382 17005
0.003 -5.382 17017
-0.001 -5.382 17029
0.003 -5.382 17041
0.003 -5.382 17053
0.005 -5.382 17065
0.005 -5.382 17077
0.005 -5.382 17089
0.004 -5.382 17101
0.007 -5.382 17113
0.005 -5.382 17125
0.005 -5.382 17137
0.005 -5.382 17149
0.005 -5.382 17161
0.005 -5.382 17173
0.004 -5.382 17185
0.007 -5.382 17197
0.005 -5.382 17209
0.005 -5.382 17221
0.005 -5.382 17233
0.005 -5.382 17245
0.005 -5.382 17257
0.005 -5.382 17269
0.005 -5.382 17281
0.005 -5.382 17293
0.005 -5.382 17305
0.005 -5.382 17317
0.005 -5.382 17329
0.005 -5.382 17341
0.005 -5.382 17353
0.005 -5.382 17365
0.004 -5.382 17377
0.005 -5.382 17389
0.001 -5.382 17401
0.003 -5.382 17413
-0.000 -5.382 17425
0.003 -5.382 17437
-0.001 -5.382 17449
-0.001 -5.382 17461
-0.001 -5.382 17473
-0.001 -5.382 17485
-0.000 -5.382 17497
0.003 -5.382 17509
-0.000 -5.382 17521
0.003 -5.382 17533
-0.000 -5.382 17545
0.003 -5.382 17557
-0.000 -5.382 17569
0.001 -5.382 17581
0.003 -5.382 17593
0.005 -5.382 17605
0.007 -5.382 17617
0.004 -5.382 17629
-0.001 -5.382 17641
-0.000 -5.382 17653
0.003 -5.382 17665
0.003 -5.382 17677
-0.001 -5.382 17689
-0.001 -5.382 17701
-0.001 -5.382 17713
-0.001 -5.382 17725
-0.000 -5.382 17737
0.003 -5.382 17749
-0.001 -5.382 17761
-0.001 -5.382 17773
-0.000 -5.382 17785
0.003 -5.382 17797
-0.001 -5.382 17809
-0.000 -5.382 17821
0.002 -5.382 17833
-0.000 -5.382 17845
-0.001 -5.382 17857
-0.001 -5.382 17869
0.001 -5.382 17881
0.003 -5.382 17893
-0.001 -5.382 17905
-0.001 -5.382 17917
-0.001 -5.382 17929
-0.001 -5.382 17941
-0.001 -5.382 17953
0.001 -5.382 17965
0.007 -5.382 17977
0.004 -5.382 17989
0.005 -5.382 18001
0.005 -5.382 18013
0.005 -5.382 18025
0.005 -5.382 18037
0.005 -5.382 18049
0.005 -5.382 18061
0.005 -5.382 18073
0.004 -5.382 18085
0.006 -5.382 18097
0.005 -5.382 18109
0.004 -5.382 18121
0.006 -5.382 18133
0.005 -5.382 18145
0.005 -5.382 18157
0.005 -5.382 18169
0.003 -5.382 18181
0.004 -5.382 18193
0.005 -5.382 18205
0.005 -5.382 18217
0.005 -5.382 18229
0.004 -5.382 18241
0.007 -5.382 18253
0.005 -5.382 18265
0.004 -5.382 18277
0.004 -5.382 18289
-0.001 -5.382 18301
-0.001 -5.382 18313
-0.000 -5.382 18325
0.003 -5.382 18337
-0.001 -5.382 18349
-0.000 -5.382 18361
0.003 -5.382 18373
-0.001 -5.382 18385
-0.001 -5.382 18397
-0.001 -5.382 18409
0.001 -5.382 18421
0.003 -5.382 18433
-0.001 -5.382 18445
-0.001 -5.382 18457
-0.001 -5.382 18469
-0.001 -5.382 18481
-0.000 -5.382 18493
0.003 -5.382 18505
0.001 -5.382 18517
-0.001 -5.382 18529
-0.000 -5.382 18541
0.003 -5.382 18553
-0.000 -5.382 18565
0.003 -5.382 18577
-0.001 -5.382 18589
-0.000 -5.382 18601
0.003 -5.382 18613
-0.001 -5.382 18625
-0.001 -5.382 18637
-0.001 -5.382 18649
-0.001 -5.382 18661
-0.000 -5.382 18673
0.003 -5.382 18685
0.003 -5.382 18697
0.001 -5.382 18709
0.003 -5.382 18721
0.003 -5.382 18733
-0.001 -5.382 18745
-0.001 -5.382 18757
-0.001 -5.382 18769
-0.001 -5.382 18781
-0.001 -5.382 18793
-0.001 -5.382 18805
-0.001 -5.382 18817
-0.001 -5.382 18829
-0.000 -5.382 18841
0.003 -5.382 18853
-0.001 -5.382 18865
-0.001 -5.382 18877
-0.001 -5.382 18889
-0.001 -5.382 18901
-0.001 -5.382 18913
-0.001 -5.382 18925
-0.001 -5.382 18937
-0.001 -5.382 18949
-0.000 -5.382 18961
0.003 -5.382 18973
-0.001 -5.382 18985
-0.000 -5.382 18997
0.003 -5.382 19009
-0.000 -5.382 19021
0.003 -5.382 19033
-0.001 -5.382 19045
-0.000 -5.382 19057
-0.001 -5.382 19069
-0.000 -5.382 19081
0.003 -5.382 19093
-0.000 -5.382 19105
0.003 -5.382 19117
-0.001 -5.382 19129
-0.000 -5.382 19141
0.003 -5.382 19153
-0.000 -5.382 19165
0.002 -5.382 19177
-0.001 -5.382 19189
0.004 -5.382 19201
0.003 -5.382 19213
-0.001 -5.382 19225
-0.001 -5.382 19237
-0.000 -5.382 19249
-0.000 -5.382 19261
0.003 -5.382 19273
-0.001 -5.382 19285
-0.001 -5.382 19297
-0.001 -5.382 19309
-0.001 -5.382 19321
-0.001 -5.382 19333
-0.001 -5.382 19345
-0.000 -5.382 19357
0.003 -5.382 19369
-0.000 -5.382 19381
0.003 -5.382 19393
-0.001 -5.382 19405
-0.001 -5.382 19417
-0.001 -5.382 19429
-0.000 -5.382 19441
0.003 -5.382 19453
-0.001 -5.382 19465
0.001 -5.382 19477
-0.001 -5.382 19489
0.003 -5.382 19501
0.003 -5.382 19513
-0.001 -5.382 19525
-0.001 -5.382 19537
-0.001 -5.382 19549
-0.001 -5.382 19561
-0.001 -5.382 19573
-0.000 -5.382 19585
0.003 -5.382 19597
-0.001 -5.382 19609
0.004 -5.382 19621
0.008 -5.382 19633
0.005 -5.382 19645
0.005 -5.382 19657
0.005 -5.382 19669
0.006 -5.382 19681
0.005 -5.382 19693
0.005 -5.382 19705
0.008 -5.382 19717
0.005 -5.382 19729
0.006 -5.382 19741
0.004 -5.382 19753
0.004 -5.382 19765
0.007 -5.382 19777
0.005 -5.382 19789
0.004 -5.382 19801
0.009 -5.382 19813
0.007 -5.382 19825
0.006 -5.382 19837
0.005 -5.382 19849
0.006 -5.382 19861
0.004 -5.382 19873
0.006 -5.382 19885
0.008 -5.382 19897
0.006 -5.382 19909
0.005 -5.382 19921
0.007 -5.382 19933
0.005 -5.382 19945
0.007 -5.382 19957
0.005 -5.382 19969
0.005 -5.382 19981
0.005 -5.382 19993
0.005 -5.382 20005
0.005 -5.382 20017
0.005 -5.382 20029
0.005 -5.382 20041
0.005 -5.382 20053
0.004 -5.382 20065
0.007 -5.382 20077
0.005 -5.382 20089
0.005 -5.382 20101
0.005 -5.382 20113
-0.001 -5.382 20125
0.004 -5.382 20137
-0.001 -5.382 20149
-0.000 -5.382 20161
0.003 -5.382 20173
-0.001 -5.382 20185
-0.001 -5.382 20197
-0.001 -5.382 20209
0.003 -5.382 20221
0.003 -5.382 20233
-0.001 -5.382 20245
-0.001 -5.382 20257
0.001 -5.382 20269
0.007 -5.382 20281
0.005 -5.382 20293
0.004 -5.382 20305
0.007 -5.382 20317
0.005 -5.382 20329
0.004 -5.382 20341
0.007 -5.382 20353
0.005 -5.382 20365
0.004 -5.382 20377
0.004 -5.382 20389
0.005 -5.382 20401
0.004 -5.382 20413
0.005 -5.382 20425
0.004 -5.382 20437
0.004 -5.382 20449
0.005 -5.382 20461
0.005 -5.382 20473
0.005 -5.382 20485
0.005 -5.382 20497
0.004 -5.382 20509
0.005 -5.382 20521
0.004 -5.382 20533
0.007 -5.382 20545
0.007 -5.382 20557
0.004 -5.382 20569
0.005 -5.382 20581
0.005 -5.382 20593
0.005 -5.382 20605
0.004 -5.382 20617
0.007 -5.382 20629
0.005 -5.382 20641
0.005 -5.382 20653
0.004 -5.382 20665
0.002 -5.382 20677
-0.001 -5.382 20689
0.003 -5.382 20701
0.003 -5.382 20713
-0.001 -5.382 20725
-0.001 -5.382 20737
-0.001 -5.382 20749
-0.001 -5.382 20761
-0.001 -5.382 20773
-0.001 -5.382 20785
0.003 -5.382 20797
0.001 -5.382 20809
0.003 -5.382 20821
-0.001 -5.382 20833
-0.001 -5.382 20845
0.002 -5.382 20857
-0.001 -5.382 20869
-0.001 -5.382 20881
-0.001 -5.382 20893
-0.001 -5.382 20905
0.002 -5.382 20917
-0.001 -5.382 20929
0.003 -5.382 20941
0.002 -5.382 20953
-0.000 -5.382 20965
-0.001 -5.382 20977
-0.001 -5.382 20989
-0.001 -5.382 21001
-0.001 -5.382 21013
-0.001 -5.382 21025
0.003 -5.382 21037
0.003 -5.382 21049
0.003 -5.382 21061
0.006 -5.382 21073
0.005 -5.382 21085
0.004 -5.382 21097
0.007 -5.382 21109
0.004 -5.382 21121
0.007 -5.382 21133
0.005 -5.382 21145
0.006 -5.382 21157
0.004 -5.382 21169
0.004 -5.382 21181
0.007 -5.382 21193
0.005 -5.382 21205
0.007 -5.382 21217
0.004 -5.382 21229
0.007 -5.382 21241
0.005 -5.382 21253
0.004 -5.382 21265
0.007 -5.382 21277
0.004 -5.382 21289
0.005 -5.382 21301
0.004 -5.382 21313
0.007 -5.382 21325
0.007 -5.382 21337
0.004 -5.382 21349
0.005 -5.382 21361
0.005 -5.382 21373
0.004 -5.382 21385
0.007 -5.382 21397
0.004 -5.382 21409
0.007 -5.382 21421
0.005 -5.382 21433
0.004 -5.382 21445
0.007 -5.382 21457
0.004 -5.382 21469
0.005 -5.382 21481
0.005 -5.382 21493
0.005 -5.382 21505
0.005 -5.382 21517
0.005 -5.382 21529
0.004 -5.382 21541
0.008 -5.382 21553
0.004 -5.382 21565
0.007 -5.382 21577
0.004 -5.382 21589
0.007 -5.382 21601
-0.001 -5.382 21613
-0.001 -5.382 21625
0.007 -5.382 21637
0.004 -5.382 21649
0.007 -5.382 21661
0.004 -5.382 21673
0.003 -5.382 21685
-0.001 -5.382 21697
0.002 -5.382 21709
-0.001 -5.382 21721
0.002 -5.382 21733
-0.001 -5.382 21745
0.003 -5.382 21757
0.003 -5.382 21769
0.003 -5.382 21781
-0.001 -5.382 21793
-0.001 -5.382 21805
0.007 -5.382 21817
-0.001 -5.382 21829
0.012 -5.382 21841
0.009 -5.382 21853
0.007 -5.382 21865
0.005 -5.382 21877
0.005 -5.382 21889
0.005 -5.382 21901
0.005 -5.382 21913
0.006 -5.382 21925
0.005 -5.382 21937
0.005 -5.382 21949
0.005 -5.382 21961
0.005 -5.382 21973
0.006 -5.382 21985
0.005 -5.382 21997
0.005 -5.382 22009
0.008 -5.382 22021
-0.001 -5.382 22033
0.005 -5.382 22045
0.005 -5.382 22057
0.005 -5.382 22069
0.005 -5.382 22081
0.005 -5.382 22093
0.006 -5.382 22105
0.005 -5.382 22117
0.005 -5.382 22129
0.004 -5.382 22141
0.008 -5.382 22153
0.001 -5.382 22165
0.004 -5.382 22177
0.005 -5.382 22189
0.005 -5.382 22201
-0.000 -5.382 22213
-0.000 -5.382 22225
0.001 -5.382 22237
0.001 -5.382 22249
0.005 -5.382 22261
0.008 -5.382 22273
0.005 -5.382 22285
0.005 -5.382 22297
0.005 -5.382 22309
0.005 -5.382 22321
0.005 -5.382 22333
0.005 -5.382 22345
0.007 -5.382 22357
0.003 -5.382 22369
0.006 -5.382 22381
0.006 -5.382 22393
0.004 -5.382 22405
0.006 -5.382 22417
0.004 -5.382 22429
0.004 -5.382 22441
0.006 -5.382 22453
-0.000 -5.382 22465
0.007 -5.382 22477
0.004 -5.382 22489
0.004 -5.382 22501
0.007 -5.382 22513
0.004 -5.382 22525
0.007 -5.382 22537
0.004 -5.382 22549
0.007 -5.382 22561
0.004 -5.382 22573
0.007 -5.382 22585
0.004 -5.382 22597
0.007 -5.382 22609
0.004 -5.382 22621
0.007 -5.382 22633
0.004 -5.382 22645
0.003 -5.382 22657
0.004 -5.382 22669
0.004 -5.382 22681
0.007 -5.382 22693
0.005 -5.382 22705
0.007 -5.382 22717
0.005 -5.382 22729
0.007 -5.382 22741
0.005 -5.382 22753
0.005 -5.382 22765
0.006 -5.382 22777
0.005 -5.382 22789
0.005 -5.382 22801
0.005 -5.382 22813
0.005 -5.382 22825
0.005 -5.382 22837
0.005 -5.382 22849
0.005 -5.382 22861
0.005 -5.382 22873
0.005 -5.382 22885
0.004 -5.382 22897
0.007 -5.382 22909
0.005 -5.382 22921
0.005 -5.382 22933
0.005 -5.382 22945
0.005 -5.382 22957
0.005 -5.382 22969
0.005 -5.382 22981
0.005 -5.382 22993
0.005 -5.382 23005
0.004 -5.382 23017
0.007 -5.382 23029
0.005 -5.382 23041
0.004 -5.382 23053
0.007 -5.382 23065
0.007 -5.382 23077
0.005 -5.382 23089
0.007 -5.382 23101
0.005 -5.382 23113
0.004 -5.382 23125
0.007 -5.382 23137
0.004 -5.382 23149
0.005 -5.382 23161
0.005 -5.382 23173
0.004 -5.382 23185
0.007 -5.382 23197
0.004 -5.382 23209
0.007 -5.382 23221
0.005 -5.382 23233
0.004 -5.382 23245
0.007 -5.382 23257
0.005 -5.382 23269
0.007 -5.382 23281
0.005 -5.382 23293
0.005 -5.382 23305
0.004 -5.382 23317
0.008 -5.382 23329
0.005 -5.382 23341
0.007 -5.382 23353
0.005 -5.382 23365
0.007 -5.382 23377
0.005 -5.382 23389
0.007 -5.382 23401
0.004 -5.382 23413
0.007 -5.382 23425
0.008 -5.382 23437
0.005 -5.382 23449
0.005 -5.382 23461
0.005 -5.382 23473
0.004 -5.382 23485
0.007 -5.382 23497
0.005 -5.382 23509
0.007 -5.382 23521
0.005 -5.382 23533
0.005 -5.382 23545
0.004 -5.382 23557
0.007 -5.382 23569
0.004 -5.382 23581
0.007 -5.382 23593
0.005 -5.382 23605
0.007 -5.382 23617
0.005 -5.382 23629
0.007 -5.382 23641
0.004 -5.382 23653
0.007 -5.382 23665
0.006 -5.382 23677
0.005 -5.382 23689
0.005 -5.382 23701
0.005 -5.382 23713
0.005 -5.382 23725
0.005 -5.382 23737
0.004 -5.382 23749
0.005 -5.382 23761
0.005 -5.382 23773
0.005 -5.382 23785
0.004 -5.382 23797
0.007 -5.382 23809
0.004 -5.382 23821
0.007 -5.382 23833
0.004 -5.382 23845
0.005 -5.382 23857
0.004 -5.382 23869
0.005 -5.382 23881
0.004 -5.382 23893
0.007 -5.382 23905
0.007 -5.382 23917
0.004 -5.382 23929
0.003 -5.382 23941
0.003 -5.382 23953
0.003 -5.382 23965
0.003 -5.382 23977
0.002 -5.382 23989
-0.000 -5.382 24001
0.003 -5.382 24013
0.005 -5.382 24025
0.007 -5.382 24037
0.004 -5.382 24049
0.007 -5.382 24061
0.005 -5.382 24073
0.005 -5.382 24085
0.005 -5.382 24097
0.005 -5.382 24109
0.005 -5.382 24121
0.004 -5.382 24133
0.007 -5.382 24145
0.005 -5.382 24157
0.005 -5.382 24169
0.005 -5.382 24181
0.004 -5.382 24193
0.007 -5.382 24205
0.007 -5.382 24217
0.005 -5.382 24229
0.007 -5.382 24241
0.004 -5.382 24253
0.007 -5.382 24265
0.005 -5.382 24277
0.004 -5.382 24289
0.004 -5.382 24301
0.006 -5.382 24313
0.004 -5.382 24325
0.007 -5.382 24337
0.004 -5.382 24349
0.007 -5.382 24361
0.005 -5.382 24373
0.005 -5.382 24385
0.005 -5.382 24397
0.005 -5.382 24409
0.005 -5.382 24421
0.004 -5.382 24433
0.007 -5.382 24445
0.007 -5.382 24457
0.004 -5.382 24469
0.007 -5.382 24481
0.005 -5.382 24493
0.004 -5.382 24505
0.007 -5.382 24517
0.005 -5.382 24529
0.007 -5.382 24541
0.005 -5.382 24553
0.004 -5.382 24565
0.007 -5.382 24577
0.005 -5.382 24589
0.007 -5.382 24601
0.005 -5.382 24613
0.004 -5.382 24625
0.000 0.000 1
0.007 -5.359 12
0.007 -5.359 24
0.003 -5.382 36
0.006 -5.382 48
0.004 -5.376 60
0.004 -5.382 72
0.007 -5.382 84
0.004 -5.382 96
0.004 -5.382 108
0.004 -5.382 120
0.007 -5.382 132
0.004 -5.382 144
0.004 -5.382 156
0.006 -5.382 168
0.004 -5.382 180
0.004 -5.382 192
0.007 -5.382 204
0.004 -5.382 216
0.006 -5.382 228
0.004 -5.382 240
0.004 -5.382 252
0.007 -5.382 264
0.004 -5.382 276
0.003 -5.382 288
0.004 -5.382 300
0.004 -5.382 312
0.007 -5.382 324
0.004 -5.382 336
0.007 -5.382 348
0.003 -5.382 360
0.004 -5.382 372
0.004 -5.382 384
0.004 -5.382 396
0.003 -5.382 408
0.004 -5.382 420
0.004 -5.382 432
0.006 -5.382 444
0.004 -5.382 456
0.003 -5.382 468
0.003 -5.382 480
0.003 -5.382 492
0.004 -5.382 504
0.004 -5.382 516
0.006 -5.382 528
0.004 -5.382 540
0.006 -5.382 552
0.004 -5.382 564
0.004 -5.382 576
0.004 -5.382 588
0.003 -5.382 600
0.004 -5.382 612
0.006 -5.382 624
0.004 -5.382 636
0.003 -5.382 648
0.004 -5.382 660
0.004 -5.382 672
0.004 -5.382 684
0.004 -5.382 696
0.004 -5.382 708
0.004 -5.382 720
0.006 -5.382 732
0.004 -5.382 744
0.003 -5.382 756
0.003 -5.382 768
0.006 -5.382 780
0.006 -5.382 792
0.004 -5.382 804
0.004 -5.382 816
0.006 -5.382 828
0.004 -5.382 840
0.007 -5.382 852
0.004 -5.382 864
0.004 -5.382 876
0.003 -5.382 888
0.004 -5.382 900
0.004 -5.382 912
0.007 -5.382 924
0.004 -5.382 936
0.004 -5.382 948
0.003 -5.382 960
0.005 -5.382 972
0.006 -5.382 984
0.006 -5.382 996
0.003 -5.382 1008
0.006 -5.382 1020
0.004 -5.382 1032
0.006 -5.382 1044
0.006 -5.382 1056
0.003 -5.382 1068
0.006 -5.382 1080
0.003 -5.382 1092
0.004 -5.382 1104
0.004 -5.382 1116
0.003 -5.382 1128
0.006 -5.382 1140
0.004 -5.382 1152
0.004 -5.382 1164
0.004 -5.382 1176
0.004 -5.382 1188
0.003 -5.382 1200
0.004 -5.382 1212
0.006 -5.382 1224
0.007 -5.382 1236
0.004 -5.382 1248
0.003 -5.382 1260
0.004 -5.382 1272
0.006 -5.382 1284
0.004 -5.382 1296
0.003 -5.382 1308
0.004 -5.382 1320
0.004 -5.382 1332
0.003 -5.382 1344
0.004 -5.382 1356
0.003 -5.382 1368
0.003 -5.382 1380
0.006 -5.382 1392
0.004 -5.382 1404
0.003 -5.382 1416
0.003 -5.382 1428
0.003 -5.382 1440
0.007 -5.382 1452
0.004 -5.382 1464
0.004 -5.382 1476
0.004 -5.382 1488
0.006 -5.382 1500
0.003 -5.382 1512
0.003 -5.382 1524
0.004 -5.382 1536
0.003 -5.382 1548
0.004 -5.382 1560
0.006 -5.382 1572
0.004 -5.382 1584
0.003 -5.382 1596
0.003 -5.382 1608
0.004 -5.382 1620
0.006 -5.382 1632
0.004 -5.382 1644
0.004 -5.382 1656
0.004 -5.382 1668
0.006 -5.382 1680
0.004 -5.382 1692
0.004 -5.382 1704
0.004 -5.382 1716
0.004 -5.382 1728
0.004 -5.382 1740
0.003 -5.382 1752
0.004 -5.382 1764
0.004 -5.382 1776
0.003 -5.382 1788
0.003 -5.382 1800
0.006 -5.382 1812
0.004 -5.382 1824
0.004 -5.382 1836
0.003 -5.382 1848
0.004 -5.382 1860
0.004 -5.382 1872
0.003 -5.382 1884
0.004 -5.382 1896
0.004 -5.382 1908
0.004 -5.382 1920
0.003 -5.382 1932
0.004 -5.382 1944
0.004 -5.382 1956
0.003 -5.382 1968
0.004 -5.382 1980
0.006 -5.382 1992
0.004 -5.382 2004
0.004 -5.382 2016
0.004 -5.382 2028
0.006 -5.382 2040
0.004 -5.382 2052
0.004 -5.382 2064
0.004 -5.382 2076
0.004 -5.382 2088
0.004 -5.382 2100
0.004 -5.382 2112
0.004 -5.382 2124
0.004 -5.382 2136
0.003 -5.382 2148
0.004 -5.382 2160
0.004 -5.382 2172
0.004 -5.382 2184
0.004 -5.382 2196
0.004 -5.382 2208
0.005 -5.382 2220
0.004 -5.382 2232
0.003 -5.382 2244
0.004 -5.382 2256
0.003 -5.382 2268
0.003 -5.382 2280
0.003 -5.382 2292
0.003 -5.382 2304
0.003 -5.382 2316
0.003 -5.382 2328
0.004 -5.382 2340
0.003 -5.382 2352
0.004 -5.382 2364
0.004 -5.382 2376
0.003 -5.382 2388
0.003 -5.382 2400
0.006 -5.382 2412
0.004 -5.382 2424
0.003 -5.382 2436
0.004 -5.382 2448
0.003 -5.382 2460
0.003 -5.382 2472
0.003 -5.382 2484
0.004 -5.382 2496
0.003 -5.382 2508
0.003 -5.382 2520
0.006 -5.382 2532
0.003 -5.382 2544
0.003 -5.382 2556
0.003 -5.382 2568
0.003 -5.382 2580
0.003 -5.382 2592
0.003 -5.382 2604
0.003 -5.382 2616
0.003 -5.382 2628
0.004 -5.382 2640
0.004 -5.382 2652
0.003 -5.382 2664
0.003 -5.382 2676
0.003 -5.382 2688
0.003 -5.382 2700
0.003 -5.382 2712
0.003 -5.382 2724
0.003 -5.382 2736
0.003 -5.382 2748
0.003 -5.382 2760
0.004 -5.382 2772
0.004 -5.382 2784
0.003 -5.382 2796
0.003 -5.382 2808
0.003 -5.382 2820
0.004 -5.382 2832
0.004 -5.382 2844
0.004 -5.382 2856
0.004 -5.382 2868
0.003 -5.382 2880
0.003 -5.382 2892
0.004 -5.382 2904
0.004 -5.382 2916
0.003 -5.382 2928
0.003 -5.382 2940
0.004 -5.382 2952
0.003 -5.382 2964
0.003 -5.382 2976
0.003 -5.382 2988
0.003 -5.382 3000
0.006 -5.382 3012
0.003 -5.382 3024
0.004 -5.382 3036
0.003 -5.382 3048
0.003 -5.382 3060
0.006 -5.382 3072
0.004 -5.382 3084
0.003 -5.382 3096
0.004 -5.382 3108
0.003 -5.382 3120
0.003 -5.382 3132
0.003 -5.382 3144
0.003 -5.382 3156
0.003 -5.382 3168
0.003 -5.382 3180
0.003 -5.382 3192
0.004 -5.382 3204
0.003 -5.382 3216
0.004 -5.382 3228
0.004 -5.382 3240
0.004 -5.382 3252
0.004 -5.382 3264
0.003 -5.382 3276
0.004 -5.382 3288
0.003 -5.382 3300
0.004 -5.382 3312
0.004 -5.382 3324
0.004 -5.382 3336
0.004 -5.382 3348
0.004 -5.382 3360
0.004 -5.382 3372
0.004 -5.382 3384
0.004 -5.382 3396
0.004 -5.382 3408
0.006 -5.382 3420
0.007 -5.382 3432
0.004 -5.382 3444
0.003 -5.382 3456
0.003 -5.382 3468
0.004 -5.382 3480
0.003 -5.382 3492
0.004 -5.382 3504
0.004 -5.382 3516
0.003 -5.382 3528
0.004 -5.382 3540
0.006 -5.382 3552
0.004 -5.382 3564
0.004 -5.382 3576
0.003 -5.382 3588
0.004 -5.382 3600
0.003 -5.382 3612
0.003 -5.382 3624
0.003 -5.382 3636
0.003 -5.382 3648
0.003 -5.382 3660
0.005 -5.382 3672
0.003 -5.382 3684
0.003 -5.382 3696
0.003 -5.382 3708
0.003 -5.382 3720
0.003 -5.382 3732
0.003 -5.382 3744
0.003 -5.382 3756
0.003 -5.382 3768
0.004 -5.382 3780
0.004 -5.382 3792
0.004 -5.382 3804
0.004 -5.382 3816
0.005 -5.382 3828
0.005 -5.382 3840
0.008 -5.382 3852
0.005 -5.382 3864
0.005 -5.382 3876
0.007 -5.382 3888
0.007 -5.382 3900
0.003 -5.382 3912
0.002 -5.382 3924
0.002 -5.382 3936
0.001 -5.382 3948
0.001 -5.382 3960
0.001 -5.382 3972
0.001 -5.382 3984
0.004 -5.382 3996
0.001 -5.382 4008
0.005 -5.382 4020
0.004 -5.382 4032
0.004 -5.382 4044
0.003 -5.382 4056
0.004 -5.382 4068
0.006 -5.382 4080
0.006 -5.382 4092
0.004 -5.382 4104
0.004 -5.382 4116
0.004 -5.382 4128
0.007 -5.382 4140
0.004 -5.382 4152
0.004 -5.382 4164
0.004 -5.382 4176
0.004 -5.382 4188
0.007 -5.382 4200
0.004 -5.382 4212
0.005 -5.382 4224
0.004 -5.382 4236
0.004 -5.382 4248
0.004 -5.382 4260
0.004 -5.382 4272
0.004 -5.382 4284
0.004 -5.382 4296
0.004 -5.382 4308
0.007 -5.382 4320
0.004 -5.382 4332
0.004 -5.382 4344
0.004 -5.382 4356
0.004 -5.382 4368
0.004 -5.382 4380
0.004 -5.382 4392
0.004 -5.382 4404
0.004 -5.382 4416
0.004 -5.382 4428
0.007 -5.382 4440
0.004 -5.382 4452
0.004 -5.382 4464
0.004 -5.382 4476
0.004 -5.382 4488
0.004 -5.382 4500
0.004 -5.382 4512
0.005 -5.382 4524
0.005 -5.382 4536
0.004 -5.382 4548
0.007 -5.382 4560
0.005 -5.382 4572
0.007 -5.382 4584
0.007 -5.382 4596
0.004 -5.382 4608
0.006 -5.382 4620
0.007 -5.382 4632
0.004 -5.382 4644
0.004 -5.382 4656
0.004 -5.382 4668
0.006 -5.382 4680
0.004 -5.382 4692
0.004 -5.382 4704
0.004 -5.382 4716
0.004 -5.382 4728
0.004 -5.382 4740
0.004 -5.382 4752
0.004 -5.382 4764
0.004 -5.382 4776
0.005 -5.382 4788
0.003 -5.382 4800
0.004 -5.382 4812
0.004 -5.382 4824
0.005 -5.382 4836
0.006 -5.382 4848
0.004 -5.382 4860
0.004 -5.382 4872
0.004 -5.382 4884
0.004 -5.382 4896
0.003 -5.382 4908
0.004 -5.382 4920
0.004 -5.382 4932
0.004 -5.382 4944
0.005 -5.382 4956
0.004 -5.382 4968
0.007 -5.382 4980
0.005 -5.382 4992
0.004 -5.382 5004
0.004 -5.382 5016
0.004 -5.382 5028
0.007 -5.382 5040
0.004 -5.382 5052
0.005 -5.382 5064
0.004 -5.382 5076
0.004 -5.382 5088
0.007 -5.382 5100
0.004 -5.382 5112
0.005 -5.382 5124
0.005 -5.382 5136
0.004 -5.382 5148
0.007 -5.382 5160
0.004 -5.382 5172
0.004 -5.382 5184
0.004 -5.382 5196
0.004 -5.382 5208
0.007 -5.382 5220
0.004 -5.382 5232
0.004 -5.382 5244
0.005 -5.382 5256
0.004 -5.382 5268
0.007 -5.382 5280
0.004 -5.382 5292
0.004 -5.382 5304
0.005 -5.382 5316
0.006 -5.382 5328
0.004 -5.382 5340
0.004 -5.382 5352
0.005 -5.382 5364
0.004 -5.382 5376
0.004 -5.382 5388
0.007 -5.382 5400
0.005 -5.382 5412
0.004 -5.382 5424
0.004 -5.382 5436
0.004 -5.382 5448
0.006 -5.382 5460
0.006 -5.382 5472
0.004 -5.382 5484
0.004 -5.382 5496
0.004 -5.382 5508
0.007 -5.382 5520
0.004 -5.382 5532
0.004 -5.382 5544
0.004 -5.382 5556
0.004 -5.382 5568
0.007 -5.382 5580
0.004 -5.382 5592
0.005 -5.382 5604
0.004 -5.382 5616
0.004 -5.382 5628
0.004 -5.382 5640
0.004 -5.382 5652
0.004 -5.382 5664
0.004 -5.382 5676
0.003 -5.382 5688
0.004 -5.382 5700
0.005 -5.382 5712
0.004 -5.382 5724
0.004 -5.382 5736
0.003 -5.382 5748
0.004 -5.382 5760
0.004 -5.382 5772
0.004 -5.382 5784
0.004 -5.382 5796
0.004 -5.382 5808
0.007 -5.382 5820
0.004 -5.382 5832
0.004 -5.382 5844
0.005 -5.382 5856
0.007 -5.382 5868
0.007 -5.382 5880
0.004 -5.382 5892
0.004 -5.382 5904
0.005 -5.382 5916
0.007 -5.382 5928
0.007 -5.382 5940
0.004 -5.382 5952
0.004 -5.382 5964
0.004 -5.382 5976
0.003 -5.382 5988
0.004 -5.382 6000
0.004 -5.382 6012
0.004 -5.382 6024
0.004 -5.382 6036
0.004 -5.382 6048
0.006 -5.382 6060
0.004 -5.382 6072
0.005 -5.382 6084
0.005 -5.382 6096
0.006 -5.382 6108
0.004 -5.382 6120
0.004 -5.382 6132
0.004 -5.382 6144
0.004 -5.382 6156
0.004 -5.382 6168
0.006 -5.382 6180
0.007 -5.382 6192
0.004 -5.382 6204
0.004 -5.382 6216
0.004 -5.382 6228
0.004 -5.382 6240
0.004 -5.382 6252
0.004 -5.382 6264
0.004 -5.382 6276
0.004 -5.382 6288
0.006 -5.382 6300
0.007 -5.382 6312
0.004 -5.382 6324
0.004 -5.382 6336
0.004 -5.382 6348
0.007 -5.382 6360
0.004 -5.382 6372
0.004 -5.382 6384
0.004 -5.382 6396
0.004 -5.382 6408
0.007 -5.382 6420
0.004 -5.382 6432
0.004 -5.382 6444
0.005 -5.382 6456
0.004 -5.382 6468
0.007 -5.382 6480
0.004 -5.382 6492
0.005 -5.382 6504
0.004 -5.382 6516
0.004 -5.382 6528
0.007 -5.382 6540
0.004 -5.382 6552
0.004 -5.382 6564
0.004 -5.382 6576
0.004 -5.382 6588
0.007 -5.382 6600
0.004 -5.382 6612
0.004 -5.382 6624
0.004 -5.382 6636
0.004 -5.382 6648
0.007 -5.382 6660
0.004 -5.382 6672
0.004 -5.382 6684
0.004 -5.382 6696
0.004 -5.382 6708
0.004 -5.382 6720
0.004 -5.382 6732
0.005 -5.382 6744
0.004 -5.382 6756
0.004 -5.382 6768
0.007 -5.382 6780
0.004 -5.382 6792
0.004 -5.382 6804
0.005 -5.382 6816
0.007 -5.382 6828
0.006 -5.382 6840
0.007 -5.382 6852
0.004 -5.382 6864
0.004 -5.382 6876
0.004 -5.382 6888
0.007 -5.382 6900
0.004 -5.382 6912
0.005 -5.382 6924
0.004 -5.382 6936
0.004 -5.382 6948
0.007 -5.382 6960
0.004 -5.382 6972
0.004 -5.382 6984
0.004 -5.382 6996
0.004 -5.382 7008
0.006 -5.382 7020
0.007 -5.382 7032
0.005 -5.382 7044
0.004 -5.382 7056
0.004 -5.382 7068
0.007 -5.382 7080
0.004 -5.382 7092
0.004 -5.382 7104
0.005 -5.382 7116
0.007 -5.382 7128
0.007 -5.382 7140
0.004 -5.382 7152
0.004 -5.382 7164
0.004 -5.382 7176
0.004 -5.382 7188
0.006 -5.382 7200
0.007 -5.382 7212
0.004 -5.382 7224
0.004 -5.382 7236
0.003 -5.382 7248
0.003 -5.382 7260
0.004 -5.382 7272
0.004 -5.382 7284
0.004 -5.382 7296
0.004 -5.382 7308
0.004 -5.382 7320
0.004 -5.382 7332
0.004 -5.382 7344
0.004 -5.382 7356
0.004 -5.382 7368
0.006 -5.382 7380
0.007 -5.382 7392
0.005 -5.382 7404
0.005 -5.382 7416
0.004 -5.382 7428
0.007 -5.382 7440
0.004 -5.382 7452
0.004 -5.382 7464
0.004 -5.382 7476
0.003 -5.382 7488
0.004 -5.382 7500
0.004 -5.382 7512
0.004 -5.382 7524
0.004 -5.382 7536
0.004 -5.382 7548
0.006 -5.382 7560
0.004 -5.382 7572
0.003 -5.382 7584
0.004 -5.382 7596
0.004 -5.382 7608
0.006 -5.382 7620
0.006 -5.382 7632
0.004 -5.382 7644
0.005 -5.382 7656
0.005 -5.382 7668
0.004 -5.382 7680
0.004 -5.382 7692
0.004 -5.382 7704
0.004 -5.382 7716
0.003 -5.382 7728
0.003 -5.382 7740
0.006 -5.382 7752
0.004 -5.382 7764
0.004 -5.382 7776
0.004 -5.382 7788
0.006 -5.382 7800
0.006 -5.382 7812
0.004 -5.382 7824
0.004 -5.382 7836
0.003 -5.382 7848
0.003 -5.382 7860
0.004 -5.382 7872
0.004 -5.382 7884
0.004 -5.382 7896
0.004 -5.382 7908
0.004 -5.382 7920
0.004 -5.382 7932
0.004 -5.382 7944
0.004 -5.382 7956
0.004 -5.382 7968
0.006 -5.382 7980
0.007 -5.382 7992
0.004 -5.382 8004
0.004 -5.382 8016
0.004 -5.382 8028
0.006 -5.382 8040
0.004 -5.382 8052
0.004 -5.382 8064
0.004 -5.382 8076
-0.001 -5.382 8088
0.001 -5.382 8100
-0.001 -5.382 8112
-0.001 -5.382 8124
0.002 -5.382 8136
0.001 -5.382 8148
0.001 -5.382 8160
-0.001 -5.382 8172
-0.001 -5.382 8184
0.001 -5.382 8196
0.001 -5.382 8208
0.001 -5.382 8220
-0.001 -5.382 8232
-0.001 -5.382 8244
-0.001 -5.382 8256
-0.001 -5.382 8268
-0.001 -5.382 8280
-0.001 -5.382 8292
-0.001 -5.382 8304
-0.001 -5.382 8316
-0.001 -5.382 8328
-0.001 -5.382 8340
-0.001 -5.382 8352
-0.001 -5.382 8364
-0.001 -5.382 8376
-0.001 -5.382 8388
-0.001 -5.382 8400
-0.001 -5.382 8412
-0.001 -5.382 8424
-0.001 -5.382 8436
-0.001 -5.382 8448
-0.001 -5.382 8460
-0.001 -5.382 8472
-0.001 -5.382 8484
-0.001 -5.382 8496
-0.001 -5.382 8508
-0.001 -5.382 8520
-0.001 -5.382 8532
-0.001 -5.382 8544
-0.001 -5.382 8556
-0.001 -5.382 8568
-0.001 -5.382 8580
0.004 -5.382 8592
0.004 -5.382 8604
0.004 -5.382 8616
0.003 -5.382 8628
0.004 -5.382 8640
0.006 -5.382 8652
0.004 -5.382 8664
0.004 -5.382 8676
0.003 -5.382 8688
0.004 -5.382 8700
0.004 -5.382 8712
0.004 -5.382 8724
0.004 -5.382 8736
0.004 -5.382 8748
0.006 -5.382 8760
0.006 -5.382 8772
0.004 -5.382 8784
0.004 -5.382 8796
0.004 -5.382 8808
0.006 -5.382 8820
0.007 -5.382 8832
0.004 -5.382 8844
0.003 -5.382 8856
0.004 -5.382 8868
0.006 -5.382 8880
0.006 -5.382 8892
0.004 -5.382 8904
0.004 -5.382 8916
0.004 -5.382 8928
0.006 -5.382 8940
0.004 -5.382 8952
0.004 -5.382 8964
0.004 -5.382 8976
0.004 -5.382 8988
0.005 -5.382 9000
0.004 -5.382 9012
0.004 -5.382 9024
0.004 -5.382 9036
0.003 -5.382 9048
0.004 -5.382 9060
0.004 -5.382 9072
0.004 -5.382 9084
0.004 -5.382 9096
0.004 -5.382 9108
0.006 -5.382 9120
0.006 -5.382 9132
0.004 -5.382 9144
0.004 -5.382 9156
0.004 -5.382 9168
0.007 -5.382 9180
0.004 -5.382 9192
-0.001 -5.382 9204
0.004 -5.382 9216
0.004 -5.382 9228
0.004 -5.382 9240
0.004 -5.382 9252
0.003 -5.382 9264
0.004 -5.382 9276
0.004 -5.382 9288
0.004 -5.382 9300
0.004 -5.382 9312
0.004 -5.382 9324
0.004 -5.382 9336
0.004 -5.382 9348
0.006 -5.382 9360
0.006 -5.382 9372
0.004 -5.382 9384
0.004 -5.382 9396
0.004 -5.382 9408
0.007 -5.382 9420
0.004 -5.382 9432
0.004 -5.382 9444
0.004 -5.382 9456
0.004 -5.382 9468
0.004 -5.382 9480
0.004 -5.382 9492
0.004 -5.382 9504
0.004 -5.382 9516
0.004 -5.382 9528
0.007 -5.382 9540
0.004 -5.382 9552
0.004 -5.382 9564
0.004 -5.382 9576
0.004 -5.382 9588
0.007 -5.382 9600
0.005 -5.382 9612
0.004 -5.382 9624
0.004 -5.382 9636
0.004 -5.382 9648
0.006 -5.382 9660
0.004 -5.382 9672
0.004 -5.382 9684
0.004 -5.382 9696
0.004 -5.382 9708
0.004 -5.382 9720
0.004 -5.382 9732
0.004 -5.382 9744
-0.001 -5.382 9756
-0.001 -5.382 9768
-0.001 -5.382 9780
-0.001 -5.382 9792
-0.001 -5.382 9804
0.003 -5.382 9816
0.003 -5.382 9828
0.003 -5.382 9840
0.004 -5.382 9852
0.003 -5.382 9864
0.004 -5.382 9876
0.004 -5.382 9888
0.006 -5.382 9900
0.006 -5.382 9912
0.003 -5.382 9924
0.003 -5.382 9936
0.004 -5.382 9948
0.006 -5.382 9960
0.006 -5.382 9972
0.004 -5.382 9984
0.004 -5.382 9996
0.003 -5.382 10008
0.003 -5.382 10020
0.003 -5.382 10032
0.004 -5.382 10044
0.006 -5.382 10056
0.006 -5.382 10068
0.003 -5.382 10080
0.004 -5.382 10092
0.004 -5.382 10104
0.006 -5.382 10116
0.006 -5.382 10128
0.003 -5.382 10140
0.004 -5.382 10152
0.003 -5.382 10164
0.004 -5.382 10176
0.003 -5.382 10188
0.004 -5.382 10200
0.006 -5.382 10212
0.003 -5.382 10224
0.004 -5.382 10236
0.003 -5.382 10248
0.004 -5.382 10260
0.006 -5.382 10272
0.003 -5.382 10284
0.004 -5.382 10296
0.004 -5.382 10308
0.003 -5.382 10320
0.003 -5.382 10332
0.003 -5.382 10344
0.003 -5.382 10356
0.004 -5.382 10368
0.003 -5.382 10380
0.004 -5.382 10392
0.004 -5.382 10404
0.006 -5.382 10416
0.005 -5.382 10428
0.003 -5.382 10440
0.003 -5.382 10452
0.003 -5.382 10464
0.003 -5.382 10476
0.004 -5.382 10488
0.003 -5.382 10500
0.004 -5.382 10512
0.004 -5.382 10524
0.006 -5.382 10536
0.006 -5.382 10548
0.003 -5.382 10560
0.003 -5.382 10572
0.003 -5.382 10584
0.003 -5.382 10596
0.003 -5.382 10608
0.003 -5.382 10620
0.004 -5.382 10632
0.003 -5.382 10644
0.003 -5.382 10656
0.003 -5.382 10668
0.003 -5.382 10680
0.003 -5.382 10692
0.003 -5.382 10704
0.003 -5.382 10716
0.003 -5.382 10728
0.003 -5.382 10740
0.004 -5.382 10752
0.003 -5.382 10764
0.003 -5.382 10776
0.003 -5.382 10788
0.003 -5.382 10800
0.004 -5.382 10812
0.004 -5.382 10824
0.006 -5.382 10836
0.006 -5.382 10848
0.003 -5.382 10860
0.003 -5.382 10872
0.003 -5.382 10884
0.003 -5.382 10896
0.003 -5.382 10908
0.003 -5.382 10920
0.004 -5.382 10932
0.004 -5.382 10944
0.006 -5.382 10956
0.006 -5.382 10968
0.003 -5.382 10980
0.004 -5.382 10992
0.004 -5.382 11004
0.006 -5.382 11016
0.003 -5.382 11028
0.003 -5.382 11040
0.004 -5.382 11052
0.004 -5.382 11064
0.006 -5.382 11076
0.003 -5.382 11088
0.003 -5.382 11100
0.004 -5.382 11112
0.004 -5.382 11124
0.006 -5.382 11136
0.006 -5.382 11148
0.004 -5.382 11160
0.006 -5.382 11172
0.004 -5.382 11184
0.006 -5.382 11196
0.006 -5.382 11208
0.003 -5.382 11220
0.004 -5.382 11232
0.004 -5.382 11244
0.006 -5.382 11256
0.004 -5.382 11268
0.003 -5.382 11280
0.004 -5.382 11292
0.003 -5.382 11304
0.004 -5.382 11316
0.003 -5.382 11328
0.003 -5.382 11340
0.003 -5.382 11352
0.003 -5.382 11364
0.003 -5.382 11376
0.003 -5.382 11388
0.003 -5.382 11400
0.004 -5.382 11412
0.004 -5.382 11424
0.006 -5.382 11436
0.004 -5.382 11448
0.004 -5.382 11460
0.006 -5.382 11472
0.003 -5.382 11484
0.004 -5.382 11496
0.004 -5.382 11508
0.004 -5.382 11520
0.006 -5.382 11532
0.004 -5.382 11544
0.006 -5.382 11556
0.004 -5.382 11568
0.003 -5.382 11580
0.004 -5.382 11592
0.004 -5.382 11604
0.007 -5.382 11616
0.004 -5.382 11628
0.004 -5.382 11640
0.006 -5.382 11652
0.004 -5.382 11664
0.006 -5.382 11676
0.006 -5.382 11688
0.004 -5.382 11700
0.006 -5.382 11712
0.004 -5.382 11724
0.006 -5.382 11736
0.003 -5.382 11748
0.004 -5.382 11760
0.006 -5.382 11772
0.003 -5.382 11784
0.003 -5.382 11796
0.003 -5.382 11808
0.003 -5.382 11820
0.003 -5.382 11832
0.004 -5.382 11844
0.006 -5.382 11856
0.007 -5.382 11868
0.004 -5.382 11880
0.003 -5.382 11892
0.004 -5.382 11904
0.006 -5.382 11916
0.003 -5.382 11928
0.004 -5.382 11940
0.006 -5.382 11952
0.004 -5.382 11964
0.006 -5.382 11976
0.006 -5.382 11988
0.004 -5.382 12000
0.006 -5.382 12012
0.003 -5.382 12024
0.004 -5.382 12036
0.006 -5.382 12048
0.003 -5.382 12060
0.004 -5.382 12072
0.003 -5.382 12084
0.003 -5.382 12096
0.004 -5.382 12108
0.004 -5.382 12120
0.004 -5.382 12132
0.004 -5.382 12144
0.006 -5.382 12156
0.003 -5.382 12168
0.004 -5.382 12180
0.007 -5.382 12192
0.004 -5.382 12204
0.007 -5.382 12216
0.004 -5.382 12228
0.004 -5.382 12240
0.006 -5.382 12252
0.004 -5.382 12264
0.007 -5.382 12276
0.003 -5.382 12288
0.003 -5.382 12300
0.004 -5.382 12312
0.004 -5.382 12324
0.007 -5.382 12336
0.004 -5.382 12348
0.003 -5.382 12360
0.004 -5.382 12372
0.003 -5.382 12384
0.004 -5.382 12396
0.003 -5.382 12408
0.004 -5.382 12420
0.007 -5.382 12432
0.004 -5.382 12444
0.006 -5.382 12456
0.007 -5.382 12468
0.004 -5.382 12480
0.007 -5.382 12492
0.005 -5.382 12504
0.003 -5.382 12516
0.003 -5.382 12528
0.004 -5.382 12540
0.006 -5.382 12552
0.004 -5.382 12564
0.006 -5.382 12576
0.003 -5.382 12588
0.003 -5.382 12600
0.004 -5.382 12612
0.004 -5.382 12624
0.006 -5.382 12636
0.003 -5.382 12648
0.003 -5.382 12660
0.003 -5.382 12672
0.003 -5.382 12684
0.003 -5.382 12696
0.002 -5.382 12708
0.005 -5.382 12720
0.003 -5.382 12732
0.001 -5.382 12744
0.002 -5.382 12756
0.001 -5.382 12768
0.003 -5.382 12780
0.003 -5.382 12792
0.003 -5.382 12804
0.004 -5.382 12816
0.003 -5.382 12828
0.003 -5.382 12840
0.003 -5.382 12852
0.003 -5.382 12864
0.003 -5.382 12876
0.003 -5.382 12888
0.003 -5.382 12900
0.002 -5.382 12912
0.003 -5.382 12924
0.003 -5.382 12936
0.003 -5.382 12948
0.003 -5.382 12960
0.002 -5.382 12972
0.003 -5.382 12984
0.003 -5.382 12996
0.003 -5.382 13008
0.002 -5.382 13020
0.001 -5.382 13032
0.006 -5.382 13044
0.005 -5.382 13056
0.005 -5.382 13068
0.003 -5.382 13080
0.003 -5.382 13092
0.003 -5.382 13104
0.003 -5.382 13116
0.003 -5.382 13128
0.003 -5.382 13140
0.003 -5.382 13152
0.003 -5.382 13164
0.003 -5.382 13176
0.003 -5.382 13188
0.003 -5.382 13200
0.003 -5.382 13212
0.003 -5.382 13224
0.003 -5.382 13236
0.003 -5.382 13248
0.003 -5.382 13260
0.003 -5.382 13272
0.003 -5.382 13284
0.003 -5.382 13296
0.003 -5.382 13308
0.003 -5.382 13320
0.003 -5.382 13332
0.003 -5.382 13344
0.003 -5.382 13356
0.001 -5.382 13368
0.003 -5.382 13380
0.003 -5.382 13392
0.003 -5.382 13404
0.004 -5.382 13416
0.003 -5.382 13428
0.003 -5.382 13440
0.003 -5.382 13452
0.003 -5.382 13464
0.003 -5.382 13476
0.003 -5.382 13488
0.003 -5.382 13500
0.003 -5.382 13512
0.003 -5.382 13524
0.003 -5.382 13536
0.003 -5.382 13548
0.003 -5.382 13560
0.003 -5.382 13572
0.003 -5.382 13584
0.003 -5.382 13596
0.003 -5.382 13608
0.003 -5.382 13620
0.003 -5.382 13632
0.003 -5.382 13644
0.003 -5.382 13656
0.003 -5.382 13668
0.003 -5.382 13680
0.003 -5.382 13692
0.003 -5.382 13704
0.003 -5.382 13716
0.003 -5.382 13728
0.003 -5.382 13740
0.003 -5.382 13752
0.003 -5.382 13764
0.003 -5.382 13776
0.003 -5.382 13788
0.003 -5.382 13800
0.003 -5.382 13812
0.003 -5.382 13824
0.004 -5.382 13836
0.003 -5.382 13848
0.003 -5.382 13860
0.003 -5.382 13872
0.003 -5.382 13884
0.003 -5.382 13896
0.003 -5.382 13908
0.003 -5.382 13920
0.003 -5.382 13932
0.003 -5.382 13944
0.003 -5.382 13956
0.003 -5.382 13968
0.003 -5.382 13980
0.003 -5.382 13992
0.003 -5.382 14004
0.003 -5.382 14016
0.003 -5.382 14028
0.003 -5.382 14040
0.003 -5.382 14052
0.003 -5.382 14064
0.003 -5.382 14076
0.003 -5.382 14088
0.003 -5.382 14100
0.003 -5.382 14112
0.003 -5.382 14124
0.003 -5.382 14136
0.003 -5.382 14148
0.003 -5.382 14160
0.003 -5.382 14172
0.003 -5.382 14184
0.003 -5.382 14196
0.003 -5.382 14208
0.003 -5.382 14220
0.003 -5.382 14232
0.003 -5.382 14244
0.003 -5.382 14256
0.003 -5.382 14268
0.003 -5.382 14280
0.003 -5.382 14292
0.003 -5.382 14304
0.003 -5.382 14316
0.003 -5.382 14328
0.003 -5.382 14340
0.003 -5.382 14352
0.003 -5.382 14364
0.003 -5.382 14376
0.003 -5.382 14388
0.003 -5.382 14400
0.003 -5.382 14412
0.003 -5.382 14424
0.002 -5.382 14436
0.003 -5.382 14448
0.003 -5.382 14460
0.002 -5.382 14472
0.002 -5.382 14484
0.003 -5.382 14496
0.003 -5.382 14508
0.003 -5.382 14520
0.003 -5.382 14532
0.002 -5.382 14544
0.003 -5.382 14556
0.003 -5.382 14568
0.003 -5.382 14580
0.003 -5.382 14592
0.003 -5.382 14604
0.003 -5.382 14616
0.003 -5.382 14628
0.003 -5.382 14640
0.003 -5.382 14652
0.003 -5.382 14664
0.003 -5.382 14676
0.003 -5.382 14688
0.003 -5.382 14700
0.003 -5.382 14712
0.003 -5.382 14724
0.003 -5.382 14736
0.003 -5.382 14748
0.003 -5.382 14760
0.003 -5.382 14772
0.003 -5.382 14784
0.003 -5.382 14796
0.003 -5.382 14808
0.003 -5.382 14820
0.003 -5.382 14832
0.003 -5.382 14844
0.003 -5.382 14856
0.003 -5.382 14868
0.003 -5.382 14880
0.003 -5.382 14892
0.003 -5.382 14904
0.003 -5.382 14916
0.003 -5.382 14928
0.003 -5.382 14940
0.003 -5.382 14952
0.003 -5.382 14964
0.004 -5.382 14976
0.006 -5.382 14988
0.003 -5.382 15000
0.003 -5.382 15012
0.003 -5.382 15024
0.003 -5.382 15036
0.003 -5.382 15048
0.003 -5.382 15060
0.003 -5.382 15072
0.003 -5.382 15084
0.004 -5.382 15096
0.003 -5.382 15108
0.003 -5.382 15120
0.004 -5.382 15132
0.003 -5.382 15144
0.003 -5.382 15156
0.003 -5.382 15168
0.003 -5.382 15180
0.003 -5.382 15192
0.003 -5.382 15204
0.003 -5.382 15216
0.003 -5.382 15228
0.003 -5.382 15240
0.003 -5.382 15252
0.003 -5.382 15264
0.003 -5.382 15276
0.003 -5.382 15288
0.003 -5.382 15300
0.003 -5.382 15312
0.003 -5.382 15324
0.003 -5.382 15336
0.003 -5.382 15348
0.003 -5.382 15360
0.003 -5.382 15372
0.003 -5.382 15384
0.003 -5.382 15396
0.002 -5.382 15408
0.005 -5.382 15420
0.003 -5.382 15432
0.003 -5.382 15444
0.003 -5.382 15456
0.003 -5.382 15468
0.003 -5.382 15480
0.003 -5.382 15492
0.003 -5.382 15504
0.003 -5.382 15516
0.003 -5.382 15528
0.003 -5.382 15540
0.002 -5.382 15552
0.003 -5.382 15564
0.003 -5.382 15576
0.003 -5.382 15588
0.003 -5.382 15600
0.003 -5.382 15612
0.003 -5.382 15624
0.002 -5.382 15636
0.003 -5.382 15648
0.003 -5.382 15660
0.003 -5.382 15672
0.003 -5.382 15684
0.003 -5.382 15696
0.003 -5.382 15708
0.003 -5.382 15720
0.003 -5.382 15732
0.001 -5.382 15744
0.005 -5.382 15756
0.005 -5.382 15768
0.003 -5.382 15780
0.003 -5.382 15792
0.003 -5.382 15804
0.002 -5.382 15816
0.003 -5.382 15828
0.003 -5.382 15840
0.003 -5.382 15852
0.003 -5.382 15864
0.003 -5.382 15876
0.003 -5.382 15888
0.003 -5.382 15900
0.003 -5.382 15912
0.003 -5.382 15924
0.003 -5.382 15936
0.003 -5.382 15948
0.003 -5.382 15960
0.003 -5.382 15972
0.002 -5.382 15984
0.003 -5.382 15996
0.003 -5.382 16008
0.003 -5.382 16020
0.003 -5.382 16032
0.003 -5.382 16044
0.003 -5.382 16056
0.003 -5.382 16068
0.003 -5.382 16080
0.003 -5.382 16092
0.003 -5.382 16104
0.003 -5.382 16116
0.002 -5.382 16128
0.005 -5.382 16140
0.002 -5.382 16152
0.003 -5.382 16164
0.002 -5.382 16176
0.003 -5.382 16188
0.003 -5.382 16200
0.003 -5.382 16212
0.003 -5.382 16224
0.003 -5.382 16236
0.003 -5.382 16248
0.002 -5.382 16260
0.003 -5.382 16272
0.003 -5.382 16284
0.003 -5.382 16296
0.003 -5.382 16308
0.003 -5.382 16320
0.003 -5.382 16332
0.003 -5.382 16344
0.003 -5.382 16356
0.002 -5.382 16368
0.005 -5.382 16380
0.001 -5.382 16392
0.002 -5.382 16404
0.001 -5.382 16416
0.005 -5.382 16428
0.002 -5.382 16440
0.003 -5.382 16452
0.001 -5.382 16464
0.005 -5.382 16476
0.005 -5.382 16488
0.002 -5.382 16500
0.003 -5.382 16512
0.003 -5.382 16524
0.002 -5.382 16536
0.003 -5.382 16548
0.003 -5.382 16560
0.003 -5.382 16572
0.003 -5.382 16584
0.003 -5.382 16596
0.003 -5.382 16608
0.003 -5.382 16620
0.003 -5.382 16632
0.003 -5.382 16644
0.003 -5.382 16656
0.002 -5.382 16668
0.005 -5.382 16680
0.003 -5.382 16692
0.003 -5.382 16704
0.003 -5.382 16716
0.003 -5.382 16728
0.003 -5.382 16740
0.003 -5.382 16752
0.003 -5.382 16764
0.003 -5.382 16776
0.003 -5.382 16788
0.003 -5.382 16800
0.003 -5.382 16812
0.003 -5.382 16824
0.003 -5.382 16836
0.003 -5.382 16848
0.003 -5.382 16860
0.003 -5.382 16872
0.003 -5.382 16884
0.003 -5.382 16896
0.003 -5.382 16908
0.002 -5.382 16920
0.003 -5.382 16932
0.003 -5.382 16944
0.003 -5.382 16956
0.003 -5.382 16968
0.003 -5.382 16980
0.003 -5.382 16992
0.004 -5.382 17004
0.006 -5.382 17016
0.006 -5.382 17028
0.003 -5.382 17040
0.002 -5.382 17052
0.003 -5.382 17064
0.002 -5.382 17076
0.001 -5.382 17088
0.001 -5.382 17100
0.001 -5.382 17112
0.001 -5.382 17124
0.003 -5.382 17136
0.002 -5.382 17148
0.005 -5.382 17160
0.003 -5.382 17172
0.003 -5.382 17184
0.003 -5.382 17196
0.003 -5.382 17208
0.003 -5.382 17220
0.003 -5.382 17232
-0.002 -5.382 17244
-0.003 -5.382 17256
-0.001 -5.382 17268
-0.001 -5.382 17280
0.000 -5.382 17293
-0.003 -5.382 17305
-0.003 -5.382 17317
-0.003 -5.382 17329
-0.001 -5.382 17341
-0.001 -5.382 17353
-0.001 -5.382 17365
0.004 -5.382 17377
0.004 -5.382 17389
0.004 -5.382 17401
0.006 -5.376 17413
0.004 -5.382 17425
0.006 -5.376 17437
0.006 -5.376 17449
0.003 -5.382 17461
-0.002 -5.382 17473
0.001 -5.382 17485
-0.002 -5.382 17497
-0.003 -5.382 17509
-0.002 -5.382 17521
-0.002 -5.382 17533
0.001 -5.382 17545
-0.002 -5.382 17557
-0.003 -5.382 17569
-0.002 -5.382 17581
-0.003 -5.382 17593
-0.003 -5.382 17605
0.001 -5.382 17617
-0.003 -5.382 17629
-0.002 -5.382 17641
-0.002 -5.382 17653
0.002 -5.382 17665
0.003 -5.382 17677
0.003 -5.382 17689
0.005 -5.382 17701
0.004 -5.382 17713
0.003 -5.382 17725
0.003 -5.382 17737
0.002 -5.382 17749
0.002 -5.382 17761
0.005 -5.382 17773
-0.003 -5.382 17785
-0.003 -5.382 17797
-0.001 -5.382 17809
-0.002 -5.382 17821
-0.001 -5.382 17833
0.000 -5.382 17845
0.001 -5.382 17857
-0.003 -5.382 17869
-0.001 -5.382 17881
-0.002 -5.382 17893
-0.002 -5.382 17905
-0.001 -5.382 17917
0.003 -5.382 17929
0.005 -5.382 17941
0.005 -5.382 17953
0.003 -5.382 17965
0.005 -5.382 17977
0.003 -5.382 17989
0.003 -5.382 18001
0.003 -5.382 18013
0.003 -5.382 18025
0.003 -5.382 18037
0.002 -5.382 18049
0.003 -5.382 18061
0.005 -5.382 18073
0.003 -5.382 18085
0.005 -5.382 18097
0.003 -5.382 18109
0.004 -5.382 18121
0.006 -5.382 18133
0.005 -5.382 18145
0.006 -5.382 18157
0.005 -5.382 18169
0.006 -5.382 18181
0.002 -5.382 18193
0.003 -5.382 18205
0.003 -5.382 18217
0.002 -5.382 18229
0.003 -5.382 18241
0.005 -5.382 18253
0.003 -5.382 18265
0.005 -5.382 18277
0.003 -5.382 18289
0.002 -5.382 18301
0.001 -5.382 18313
0.003 -5.382 18325
0.002 -5.382 18337
0.002 -5.382 18349
0.003 -5.382 18361
0.003 -5.382 18373
0.002 -5.382 18385
0.003 -5.382 18397
0.001 -5.382 18409
0.002 -5.382 18421
0.002 -5.382 18433
0.003 -5.382 18445
0.002 -5.382 18457
0.003 -5.382 18469
0.005 -5.382 18481
0.005 -5.382 18493
0.002 -5.382 18505
0.004 -5.382 18517
0.003 -5.382 18529
0.004 -5.382 18541
0.005 -5.382 18553
0.002 -5.382 18565
0.005 -5.382 18577
0.002 -5.382 18589
0.002 -5.382 18601
0.003 -5.382 18613
0.001 -5.382 18625
0.005 -5.382 18637
0.002 -5.382 18649
0.001 -5.382 18661
0.005 -5.382 18673
0.002 -5.382 18685
0.005 -5.382 18697
0.002 -5.382 18709
0.002 -5.382 18721
0.001 -5.382 18733
0.001 -5.382 18745
0.005 -5.382 18757
0.002 -5.382 18769
0.003 -5.382 18781
0.002 -5.382 18793
0.002 -5.382 18805
0.005 -5.382 18817
0.003 -5.382 18829
0.002 -5.382 18841
0.003 -5.382 18853
0.002 -5.382 18865
0.002 -5.382 18877
0.002 -5.382 18889
0.003 -5.382 18901
0.005 -5.382 18913
0.002 -5.382 18925
0.005 -5.382 18937
0.001 -5.382 18949
0.005 -5.382 18961
0.005 -5.382 18973
0.002 -5.382 18985
0.005 -5.382 18997
0.002 -5.382 19009
0.002 -5.382 19021
0.002 -5.382 19033
0.002 -5.382 19045
0.002 -5.382 19057
0.003 -5.382 19069
0.005 -5.382 19081
0.005 -5.382 19093
0.003 -5.382 19105
0.002 -5.382 19117
0.002 -5.382 19129
0.002 -5.382 19141
0.002 -5.382 19153
0.001 -5.382 19165
0.005 -5.382 19177
0.002 -5.382 19189
0.002 -5.382 19201
0.002 -5.382 19213
0.002 -5.382 19225
0.002 -5.382 19237
0.003 -5.382 19249
0.006 -5.382 19261
0.003 -5.382 19273
0.002 -5.382 19285
0.002 -5.382 19297
0.002 -5.382 19309
0.003 -5.382 19321
0.005 -5.382 19333
0.002 -5.382 19345
0.005 -5.382 19357
0.003 -5.382 19369
0.003 -5.382 19381
0.002 -5.382 19393
0.002 -5.382 19405
0.005 -5.382 19417
0.002 -5.382 19429
0.002 -5.382 19441
0.002 -5.382 19453
0.003 -5.382 19465
0.003 -5.382 19477
0.002 -5.382 19489
0.002 -5.382 19501
0.005 -5.382 19513
0.003 -5.382 19525
0.005 -5.382 19537
0.003 -5.382 19549
0.003 -5.382 19561
0.003 -5.382 19573
0.002 -5.382 19585
0.002 -5.382 19597
0.001 -5.382 19609
0.003 -5.382 19621
0.002 -5.382 19633
0.003 -5.382 19645
0.005 -5.382 19657
0.003 -5.382 19669
0.002 -5.382 19681
0.002 -5.382 19693
0.002 -5.382 19705
0.002 -5.382 19717
0.002 -5.382 19729
0.002 -5.382 19741
0.005 -5.382 19753
0.003 -5.382 19765
0.005 -5.382 19777
0.003 -5.382 19789
0.002 -5.382 19801
0.001 -5.382 19813
-0.003 -5.382 19825
0.004 -5.382 19837
-0.002 -5.382 19849
-0.002 -5.382 19861
0.005 -5.382 19873
-0.003 -5.382 19885
-0.003 -5.382 19897
0.002 -5.382 19909
0.002 -5.382 19921
0.002 -5.382 19933
0.002 -5.382 19945
0.002 -5.382 19957
0.001 -5.382 19969
0.002 -5.382 19981
0.002 -5.382 19993
0.002 -5.382 20005
0.001 -5.382 20017
0.003 -5.382 20029
0.002 -5.382 20041
0.003 -5.382 20053
0.003 -5.382 20065
-0.003 -5.382 20077
-0.003 -5.382 20089
0.001 -5.382 20101
0.005 -5.382 20113
0.002 -5.382 20125
0.005 -5.382 20137
0.002 -5.382 20149
0.002 -5.382 20161
0.002 -5.382 20173
0.001 -5.382 20185
0.005 -5.382 20197
0.003 -5.382 20209
0.002 -5.382 20221
0.003 -5.382 20233
0.002 -5.382 20245
0.001 -5.382 20257
0.002 -5.382 20269
0.003 -5.382 20281
0.005 -5.382 20293
0.002 -5.382 20305
0.005 -5.382 20317
0.003 -5.382 20329
0.001 -5.382 20341
0.004 -5.382 20353
0.001 -5.382 20365
0.005 -5.382 20377
0.001 -5.382 20389
0.005 -5.382 20401
0.005 -5.382 20413
0.002 -5.382 20425
0.005 -5.382 20437
0.003 -5.382 20449
0.002 -5.382 20461
0.002 -5.382 20473
0.003 -5.382 20485
0.002 -5.382 20497
0.003 -5.382 20509
0.005 -5.382 20521
0.005 -5.382 20533
0.003 -5.382 20545
0.005 -5.382 20557
0.002 -5.382 20569
0.003 -5.382 20581
0.003 -5.382 20593
0.002 -5.382 20605
0.001 -5.382 20617
0.001 -5.382 20629
0.002 -5.382 20641
0.002 -5.382 20653
0.003 -5.382 20665
0.003 -5.382 20677
0.002 -5.382 20689
0.003 -5.382 20701
0.003 -5.382 20713
0.005 -5.382 20725
0.005 -5.382 20737
0.001 -5.382 20749
0.005 -5.382 20761
0.005 -5.382 20773
0.002 -5.382 20785
0.005 -5.382 20797
0.002 -5.382 20809
0.002 -5.382 20821
0.001 -5.382 20833
0.001 -5.382 20845
0.005 -5.382 20857
-0.003 -5.382 20869
-0.002 -5.382 20881
0.000 -5.382 20893
0.002 -5.382 20905
0.004 -5.382 20917
0.001 -5.382 20929
0.001 -5.382 20941
0.005 -5.382 20953
-0.003 -5.382 20965
-0.003 -5.382 20977
-0.003 -5.382 20989
-0.002 -5.382 21001
-0.002 -5.382 21013
0.001 -5.382 21025
-0.003 -5.382 21037
-0.003 -5.382 21049
-0.003 -5.382 21061
0.001 -5.382 21073
-0.002 -5.382 21085
-0.002 -5.382 21097
-0.003 -5.382 21109
-0.002 -5.382 21121
-0.003 -5.382 21133
-0.002 -5.382 21145
0.004 -5.382 21157
0.001 -5.382 21169
0.002 -5.382 21181
0.002 -5.382 21193
0.002 -5.382 21205
0.003 -5.382 21217
0.002 -5.382 21229
0.001 -5.382 21241
0.005 -5.382 21253
-0.003 -5.382 21265
0.002 -5.382 21277
0.002 -5.382 21289
0.003 -5.382 21301
0.002 -5.382 21313
0.002 -5.382 21325
-0.002 -5.382 21337
-0.001 -5.382 21349
0.001 -5.382 21361
-0.001 -5.382 21373
0.001 -5.382 21385
-0.001 -5.382 21397
0.001 -5.382 21409
0.001 -5.382 21421
0.004 -5.382 21433
0.001 -5.382 21445
-0.002 -5.382 21457
-0.003 -5.382 21469
-0.003 -5.382 21481
0.001 -5.382 21493
-0.003 -5.382 21505
-0.000 -5.382 21517
-0.003 -5.382 21529
-0.003 -5.382 21541
-0.001 -5.382 21553
-0.002 -5.382 21565
-0.002 -5.382 21577
-0.003 -5.382 21589
-0.001 -5.382 21601
-0.001 -5.382 21613
-0.001 -5.382 21625
-0.001 -5.382 21637
-0.001 -5.382 21649
-0.001 -5.382 21661
0.001 -5.382 21673
-0.001 -5.382 21685
-0.001 -5.382 21697
-0.002 -5.382 21709
-0.001 -5.382 21721
0.001 -5.382 21733
-0.001 -5.382 21745
-0.001 -5.382 21757
-0.001 -5.382 21769
-0.001 -5.382 21781
0.001 -5.382 21793
-0.002 -5.382 21805
-0.001 -5.382 21817
-0.002 -5.382 21829
-0.002 -5.382 21841
0.001 -5.382 21853
-0.003 -5.382 21865
-0.001 -5.382 21877
0.001 -5.382 21889
0.006 -5.382 21901
0.003 -5.382 21913
0.003 -5.382 21925
0.003 -5.382 21937
0.003 -5.382 21949
0.006 -5.382 21961
0.003 -5.382 21973
0.003 -5.382 21985
0.003 -5.382 21997
0.003 -5.382 22009
0.005 -5.382 22021
0.006 -5.382 22033
0.006 -5.382 22045
0.005 -5.382 22057
0.003 -5.382 22069
0.003 -5.382 22081
0.003 -5.382 22093
0.003 -5.382 22105
0.003 -5.382 22117
0.003 -5.382 22129
0.005 -5.382 22141
0.005 -5.382 22153
0.003 -5.382 22165
0.005 -5.382 22177
0.003 -5.382 22189
0.003 -5.382 22201
0.003 -5.382 22213
0.003 -5.382 22225
0.003 -5.382 22237
0.003 -5.382 22249
0.005 -5.382 22261
0.005 -5.382 22273
0.003 -5.382 22285
0.005 -5.382 22297
0.003 -5.382 22309
0.003 -5.382 22321
0.003 -5.382 22333
0.003 -5.382 22345
0.003 -5.382 22357
0.002 -5.382 22369
0.003 -5.382 22381
0.003 -5.382 22393
0.003 -5.382 22405
0.003 -5.382 22417
0.005 -5.382 22429
0.005 -5.382 22441
0.005 -5.382 22453
0.003 -5.382 22465
0.005 -5.382 22477
0.003 -5.382 22489
0.003 -5.382 22501
0.003 -5.382 22513
0.003 -5.382 22525
0.003 -5.382 22537
0.003 -5.382 22549
0.005 -5.382 22561
0.005 -5.382 22573
0.003 -5.382 22585
0.005 -5.382 22597
0.003 -5.382 22609
0.003 -5.382 22621
0.003 -5.382 22633
0.003 -5.382 22645
0.002 -5.382 22657
0.003 -5.382 22669
0.005 -5.382 22681
0.005 -5.382 22693
0.003 -5.382 22705
0.005 -5.382 22717
0.003 -5.382 22729
0.003 -5.382 22741
0.003 -5.382 22753
0.003 -5.382 22765
0.002 -5.382 22777
0.003 -5.382 22789
0.006 -5.382 22801
0.003 -5.382 22813
0.003 -5.382 22825
0.003 -5.382 22837
0.003 -5.382 22849
0.005 -5.382 22861
0.005 -5.382 22873
0.003 -5.382 22885
0.005 -5.382 22897
0.003 -5.382 22909
0.003 -5.382 22921
0.003 -5.382 22933
0.003 -5.382 22945
0.003 -5.382 22957
0.002 -5.382 22969
0.003 -5.382 22981
0.003 -5.382 22993
0.005 -5.382 23005
0.006 -5.382 23017
0.005 -5.382 23029
0.006 -5.382 23041
0.003 -5.382 23053
0.003 -5.382 23065
0.003 -5.382 23077
0.003 -5.382 23089
0.005 -5.382 23101
0.006 -5.382 23113
0.005 -5.382 23125
0.006 -5.382 23137
0.005 -5.382 23149
0.006 -5.382 23161
0.003 -5.382 23173
0.003 -5.382 23185
0.003 -5.382 23197
0.003 -5.382 23209
0.005 -5.382 23221
0.005 -5.382 23233
0.003 -5.382 23245
0.006 -5.382 23257
0.005 -5.382 23269
0.005 -5.382 23281
0.005 -5.382 23293
0.003 -5.382 23305
0.005 -5.382 23317
0.003 -5.382 23329
0.002 -5.382 23341
0.003 -5.382 23353
0.003 -5.382 23365
0.003 -5.382 23377
0.003 -5.382 23389
0.005 -5.382 23401
0.005 -5.382 23413
0.003 -5.382 23425
0.005 -5.382 23437
0.003 -5.382 23449
0.003 -5.382 23461
0.002 -5.382 23473
0.003 -5.382 23485
0.003 -5.382 23497
0.003 -5.382 23509
0.005 -5.382 23521
0.005 -5.382 23533
0.003 -5.382 23545
0.005 -5.382 23557
0.003 -5.382 23569
0.003 -5.382 23581
0.003 -5.382 23593
0.003 -5.382 23605
0.003 -5.382 23617
0.003 -5.382 23629
0.005 -5.382 23641
0.005 -5.382 23653
0.003 -5.382 23665
0.005 -5.382 23677
0.003 -5.382 23689
0.003 -5.382 23701
0.003 -5.382 23713
0.003 -5.382 23725
0.003 -5.382 23737
0.003 -5.382 23749
0.003 -5.382 23761
0.003 -5.382 23773
0.006 -5.382 23785
0.005 -5.382 23797
0.003 -5.382 23809
0.003 -5.382 23821
0.003 -5.382 23833
0.003 -5.382 23845
0.003 -5.382 23857
0.003 -5.382 23869
0.005 -5.382 23881
0.005 -5.382 23893
0.003 -5.382 23905
0.005 -5.382 23917
0.003 -5.382 23929
0.003 -5.382 23941
0.003 -5.382 23953
0.003 -5.382 23965
0.003 -5.382 23977
0.003 -5.382 23989
0.005 -5.382 24001
0.006 -5.382 24013
0.006 -5.382 24025
0.005 -5.382 24037
0.003 -5.382 24049
0.003 -5.382 24061
0.003 -5.382 24073
0.003 -5.382 24085
0.003 -5.382 24097
0.003 -5.382 24109
0.006 -5.382 24121
0.003 -5.382 24133
0.003 -5.382 24145
0.003 -5.382 24157
0.003 -5.382 24169
0.006 -5.382 24181
0.003 -5.382 24193
0.003 -5.382 24205
0.003 -5.382 24217
0.003 -5.382 24229
0.006 -5.382 24241
0.003 -5.382 24253
0.003 -5.382 24265
0.003 -5.382 24277
0.003 -5.382 24289
0.006 -5.382 24301
0.003 -5.382 24313
0.003 -5.382 24325
0.003 -5.382 24337
0.003 -5.382 24349
0.006 -5.382 24361
0.004 -5.382 24373
0.006 -5.382 24385
0.005 -5.382 24397
0.003 -5.382 24409
0.003 -5.382 24421
0.003 -5.382 24433
0.003 -5.382 24445
0.003 -5.382 24457
0.003 -5.382 24469
0.005 -5.382 24481
0.005 -5.382 24493
0.003 -5.382 24505
0.005 -5.382 24517
0.003 -5.382 24529
0.003 -5.382 24541
0.002 -5.382 24553
0.001 -5.382 24565
0.005 -5.382 24577
0.002 -5.382 24589
0.003 -5.382 24601
0.003 -5.382 24613
0.002 -5.382 24625
0.003 -5.382 24637
0.003 -5.382 24649
0.005 -5.382 24661
0.006 -5.370 24673
0.004 -5.382 24685
0.004 -5.382 24697
0.006 -5.370 24709
0.004 -5.382 24721
0.003 -5.382 24733
0.004 -5.382 24745
0.003 -5.382 24757
0.006 -5.382 24769
0.005 -5.382 24781
0.005 -5.382 24793
0.002 -5.382 24805
0.005 -5.382 24817
0.002 -5.382 24829
0.002 -5.382 24841
0.001 -5.382 24853
0.003 -5.382 24865
0.001 -5.382 24877
0.002 -5.382 24889
0.001 -5.382 24901
0.005 -5.382 24913
0.002 -5.382 24925
0.005 -5.382 24937
0.002 -5.382 24949
0.001 -5.382 24961
0.004 -5.382 24973
0.001 -5.382 24985
0.004 -5.382 24997
0.002 -5.382 25009
0.002 -5.382 25021
0.002 -5.382 25033
0.001 -5.382 25045
0.005 -5.382 25057
0.001 -5.382 25069
0.005 -5.382 25081
0.005 -5.382 25093
0.002 -5.382 25105
0.005 -5.382 25117
0.002 -5.382 25129
0.003 -5.382 25141
0.001 -5.382 25153
0.002 -5.382 25165
0.003 -5.382 25177
0.002 -5.382 25189
0.003 -5.382 25201
0.003 -5.382 25213
0.005 -5.382 25225
0.005 -5.382 25237
0.003 -5.382 25249
0.003 -5.382 25261
0.003 -5.382 25273
0.003 -5.382 25285
0.002 -5.382 25297
0.003 -5.382 25309
0.003 -5.382 25321
0.003 -5.382 25333
0.005 -5.382 25345
0.005 -5.382 25357
0.002 -5.382 25369
0.003 -5.382 25381
0.002 -5.382 25393
0.002 -5.382 25405
0.003 -5.382 25417
0.002 -5.382 25429
0.003 -5.382 25441
0.003 -5.382 25453
0.005 -5.382 25465
0.005 -5.382 25477
0.002 -5.382 25489
0.003 -5.382 25501
0.002 -5.382 25513
0.003 -5.382 25525
0.002 -5.382 25537
0.002 -5.382 25549
0.002 -5.382 25561
0.003 -5.382 25573
0.003 -5.382 25585
0.002 -5.382 25597
0.001 -5.382 25609
0.003 -5.382 25621
0.002 -5.382 25633
0.002 -5.382 25645
0.005 -5.382 25657
0.003 -5.382 25669
0.003 -5.382 25681
0.003 -5.382 25693
0.001 -5.382 25705
0.005 -5.382 25717
0.003 -5.382 25729
0.003 -5.382 25741
0.001 -5.382 25753
0.002 -5.382 25765
0.002 -5.382 25777
0.002 -5.382 25789
0.002 -5.382 25801
0.002 -5.382 25813
0.002 -5.382 25825
0.002 -5.382 25837
0.001 -5.382 25849
-0.002 -5.382 25861
-0.002 -5.382 25873
0.001 -5.382 25885
-0.003 -5.382 25897
-0.002 -5.382 25909
-0.002 -5.382 25921
-0.002 -5.382 25933
0.001 -5.382 25945
-0.002 -5.382 25957
-0.003 -5.382 25969
-0.002 -5.382 25981
-0.002 -5.382 25993
0.001 -5.382 26005
-0.002 -5.382 26017
-0.003 -5.382 26029
-0.002 -5.382 26041
-0.002 -5.382 26053
0.001 -5.382 26065
-0.003 -5.382 26077
-0.002 -5.382 26089
-0.002 -5.382 26101
-0.002 -5.382 26113
0.001 -5.382 26125
-0.003 -5.382 26137
-0.002 -5.382 26149
-0.002 -5.382 26161
-0.002 -5.382 26173
0.001 -5.382 26185
-0.002 -5.382 26197
-0.003 -5.382 26209
-0.001 -5.382 26221
-0.002 -5.382 26233
-0.003 -5.382 26245
-0.003 -5.382 26257
-0.002 -5.382 26269
-0.002 -5.382 26281
0.001 -5.382 26293
-0.003 -5.382 26305
-0.001 -5.382 26317
0.001 -5.382 26329
-0.003 -5.382 26341
0.001 -5.382 26353
-0.003 -5.382 26365
-0.002 -5.382 26377
0.001 -5.382 26389
-0.002 -5.382 26401
-0.002 -5.382 26413
0.001 -5.382 26425
-0.002 -5.382 26437
-0.002 -5.382 26449
-0.003 -5.382 26461
-0.003 -5.382 26473
-0.002 -5.382 26485
-0.003 -5.382 26497
-0.002 -5.382 26509
-0.002 -5.382 26521
-0.001 -5.382 26533
0.001 -5.382 26545
-0.003 -5.382 26557
-0.003 -5.382 26569
-0.002 -5.382 26581
-0.002 -5.382 26593
0.001 -5.382 26605
-0.001 -5.382 26617
-0.002 -5.382 26629
-0.002 -5.382 26641
0.001 -5.382 26653
-0.002 -5.382 26665
-0.002 -5.382 26677
-0.002 -5.382 26689
-0.001 -5.382 26701
-0.001 -5.382 26713
-0.003 -5.382 26725
-0.003 -5.382 26737
-0.002 -5.382 26749
-0.002 -5.382 26761
0.001 -5.382 26773
-0.003 -5.382 26785
-0.002 -5.382 26797
0.000 -5.382 26809
-0.002 -5.382 26821
-0.001 -5.382 26833
-0.001 -5.382 26845
-0.002 -5.382 26857
-0.003 -5.382 26869
-0.002 -5.382 26881
-0.002 -5.382 26893
0.001 -5.382 26905
-0.002 -5.382 26917
-0.002 -5.382 26929
-0.002 -5.382 26941
-0.003 -5.382 26953
-0.002 -5.382 26965
0.001 -5.382 26977
-0.002 -5.382 26989
-0.002 -5.382 27001
0.000 -5.382 27013
-0.002 -5.382 27025
0.001 -5.382 27037
-0.003 -5.382 27049
-0.002 -5.382 27061
-0.002 -5.382 27073
-0.002 -5.382 27085
-0.002 -5.382 27097
-0.002 -5.382 27109
-0.002 -5.382 27121
-0.002 -5.382 27133
-0.002 -5.382 27145
-0.002 -5.382 27157
-0.003 -5.382 27169
-0.003 -5.382 27181
0.001 -5.382 27193
-0.003 -5.382 27205
-0.002 -5.382 27217
0.001 -5.382 27229
-0.001 -5.382 27241
-0.002 -5.382 27253
-0.002 -5.382 27265
-0.002 -5.382 27277
-0.003 -5.382 27289
-0.002 -5.382 27301
-0.002 -5.382 27313
0.001 -5.382 27325
-0.003 -5.382 27337
-0.002 -5.382 27349
-0.002 -5.382 27361
-0.002 -5.382 27373
0.001 -5.382 27385
-0.002 -5.382 27397
-0.002 -5.382 27409
-0.002 -5.382 27421
-0.002 -5.382 27433
-0.003 -5.382 27445
-0.003 -5.382 27457
-0.002 -5.382 27469
-0.002 -5.382 27481
0.001 -5.382 27493
-0.002 -5.382 27505
-0.002 -5.382 27517
-0.003 -5.382 27529
-0.002 -5.382 27541
-0.002 -5.382 27553
0.001 -5.382 27565
-0.002 -5.382 27577
-0.002 -5.382 27589
-0.002 -5.382 27601
-0.003 -5.382 27613
-0.002 -5.382 27625
0.000 -5.382 27637
-0.002 -5.382 27649
-0.002 -5.382 27661
-0.002 -5.382 27673
0.001 -5.382 27685
-0.002 -5.382 27697
-0.003 -5.382 27709
-0.002 -5.382 27721
-0.002 -5.382 27733
0.001 -5.382 27745
-0.002 -5.382 27757
-0.002 -5.382 27769
-0.002 -5.382 27781
-0.002 -5.382 27793
-0.003 -5.382 27805
-0.002 -5.382 27817
0.001 -5.382 27829
-0.002 -5.382 27841
-0.002 -5.382 27853
0.001 -5.382 27865
-0.003 -5.382 27877
-0.002 -5.382 27889
-0.003 -5.382 27901
0.001 -5.382 27913
-0.003 -5.382 27925
-0.002 -5.382 27937
0.001 -5.382 27949
-0.002 -5.382 27961
-0.002 -5.382 27973
0.001 -5.382 27985
-0.003 -5.382 27997
-0.001 -5.382 28009
-0.002 -5.382 28021
-0.001 -5.382 28033
0.001 -5.382 28045
-0.002 -5.382 28057
-0.002 -5.382 28069
-0.002 -5.382 28081
-0.002 -5.382 28093
-0.002 -5.382 28105
-0.002 -5.382 28117
-0.002 -5.382 28129
-0.002 -5.382 28141
-0.003 -5.382 28153
-0.002 -5.382 28165
0.001 -5.382 28177
-0.003 -5.382 28189
-0.002 -5.382 28201
-0.002 -5.382 28213
-0.002 -5.382 28225
-0.003 -5.382 28237
-0.001 -5.382 28249
-0.002 -5.382 28261
-0.002 -5.382 28273
0.001 -5.382 28285
-0.002 -5.382 28297
-0.003 -5.382 28309
-0.002 -5.382 28321
-0.001 -5.382 28333
0.001 -5.382 28345
-0.003 -5.382 28357
-0.003 -5.382 28369
-0.002 -5.382 28381
-0.002 -5.382 28393
-0.003 -5.382 28405
-0.002 -5.382 28417
0.001 -5.382 28429
-0.001 -5.382 28441
-0.003 -5.382 28453
-0.003 -5.382 28465
-0.001 -5.382 28477
-0.002 -5.382 28489
-0.001 -5.382 28501
0.001 -5.382 28513
-0.002 -5.382 28525
-0.002 -5.382 28537
-0.003 -5.382 28549
-0.002 -5.382 28561
-0.003 -5.382 28573
-0.001 -5.382 28585
0.001 -5.382 28597
-0.003 -5.382 28609
-0.002 -5.382 28621
-0.003 -5.382 28633
-0.002 -5.382 28645
0.001 -5.382 28657
-0.003 -5.382 28669
-0.002 -5.382 28681
-0.003 -5.382 28693
-0.002 -5.382 28705
0.001 -5.382 28717
-0.003 -5.382 28729
-0.002 -5.382 28741
-0.002 -5.382 28753
-0.003 -5.382 28765
-0.003 -5.382 28777
-0.002 -5.382 28789
-0.002 -5.382 28801
0.001 -5.382 28813
-0.003 -5.382 28825
-0.002 -5.382 28837
0.001 -5.382 28849
-0.002 -5.382 28861
-0.002 -5.382 28873
0.001 -5.382 28885
-0.003 -5.382 28897
-0.001 -5.382 28909
-0.003 -5.382 28921
-0.000 -5.382 28933
-0.002 -5.382 28945
-0.002 -5.382 28957
-0.002 -5.382 28969
-0.002 -5.382 28981
-0.002 -5.382 28993
-0.003 -5.382 29005
-0.003 -5.382 29017
-0.001 -5.382 29029
-0.002 -5.382 29041
0.001 -5.382 29053
-0.002 -5.382 29065
-0.003 -5.382 29077
-0.002 -5.382 29089
-0.003 -5.382 29101
0.001 -5.382 29113
-0.003 -5.382 29125
-0.002 -5.382 29137
0.001 -5.382 29149
-0.002 -5.382 29161
-0.002 -5.382 29173
0.001 -5.382 29185
-0.002 -5.382 29197
-0.002 -5.382 29209
-0.002 -5.382 29221
-0.003 -5.382 29233
-0.003 -5.382 29245
-0.002 -5.382 29257
-0.003 -5.382 29269
-0.003 -5.382 29281
0.001 -5.382 29293
-0.003 -5.382 29305
-0.002 -5.382 29317
0.000 -5.382 29329
-0.002 -5.382 29341
-0.002 -5.382 29353
-0.002 -5.382 29365
-0.003 -5.382 29377
-0.002 -5.382 29389
-0.001 -5.382 29401
-0.003 -5.382 29413
-0.002 -5.382 29425
0.001 -5.382 29437
-0.003 -5.382 29449
-0.002 -5.382 29461
-0.003 -5.382 29473
-0.003 -5.382 29485
-0.002 -5.382 29497
-0.003 -5.382 29509
-0.002 -5.382 29521
-0.002 -5.382 29533
0.001 -5.382 29545
-0.001 -5.382 29557
-0.003 -5.382 29569
-0.001 -5.382 29581
-0.002 -5.382 29593
-0.002 -5.382 29605
-0.003 -5.382 29617
-0.003 -5.382 29629
-0.002 -5.382 29641
-0.002 -5.382 29653
0.001 -5.382 29665
-0.002 -5.382 29677
-0.002 -5.382 29689
-0.002 -5.382 29701
-0.002 -5.382 29713
-0.003 -5.382 29725
-0.002 -5.382 29737
0.001 -5.382 29749
-0.002 -5.382 29761
-0.003 -5.382 29773
-0.003 -5.382 29785
-0.001 -5.382 29797
0.001 -5.382 29809
-0.002 -5.382 29821
-0.003 -5.382 29833
-0.003 -5.382 29845
-0.002 -5.382 29857
0.001 -5.382 29869
-0.001 -5.382 29881
-0.003 -5.382 29893
-0.002 -5.382 29905
0.001 -5.382 29917
-0.002 -5.382 29929
-0.002 -5.382 29941
0.001 -5.382 29953
-0.003 -5.382 29965
-0.002 -5.382 29977
0.001 -5.382 29989
-0.002 -5.382 30001
-0.002 -5.382 30013
0.000 -5.382 30025
0.001 -5.382 30037
-0.002 -5.382 30049
-0.002 -5.382 30061
-0.003 -5.382 30073
-0.001 -5.382 30085
0.001 -5.382 30097
-0.003 -5.382 30109
-0.001 -5.382 30121
-0.003 -5.382 30133
-0.003 -5.382 30145
-0.002 -5.382 30157
-0.003 -5.382 30169
-0.001 -5.382 30181
-0.003 -5.382 30193
-0.003 -5.382 30205
-0.003 -5.382 30217
-0.002 -5.382 30229
-0.003 -5.382 30241
0.001 -5.382 30253
-0.003 -5.382 30265
-0.003 -5.382 30277
-0.003 -5.382 30289
-0.002 -5.382 30301
-0.003 -5.382 30313
-0.002 -5.382 30325
0.001 -5.382 30337
-0.002 -5.382 30349
-0.002 -5.382 30361
0.001 -5.382 30373
-0.003 -5.382 30385
-0.002 -5.382 30397
0.001 -5.382 30409
-0.002 -5.382 30421
-0.003 -5.382 30433
-0.003 -5.382 30445
-0.002 -5.382 30457
0.001 -5.382 30469
-0.001 -5.382 30481
-0.002 -5.382 30493
-0.002 -5.382 30505
-0.001 -5.382 30517
-0.002 -5.382 30529
-0.001 -5.382 30541
0.001 -5.382 30553
-0.003 -5.382 30565
-0.002 -5.382 30577
0.001 -5.382 30589
-0.002 -5.382 30601
-0.003 -5.382 30613
-0.002 -5.382 30625
-0.003 -5.382 30637
0.001 -5.382 30649
-0.003 -5.382 30661
0.001 -5.382 30673
-0.002 -5.382 30685
-0.003 -5.382 30697
-0.002 -5.382 30709
-0.003 -5.382 30721
0.001 -5.382 30733
-0.002 -5.382 30745
-0.003 -5.382 30757
-0.002 -5.382 30769
0.001 -5.382 30781
-0.003 -5.382 30793
-0.003 -5.382 30805
-0.003 -5.382 30817
-0.002 -5.382 30829
-0.003 -5.382 30841
0.001 -5.382 30853
-0.003 -5.382 30865
-0.003 -5.376 30877
-0.002 -5.382 30889
-0.002 -5.382 30901
0.001 -5.382 30913
-0.001 -5.364 30925
-0.001 -5.364 30937
-0.002 -5.382 30949
-0.002 -5.382 30961
0.002 -5.382 30973
-0.002 -5.382 30985
0.001 -5.382 30997
-0.003 -5.382 31009
-0.002 -5.376 31021
0.000 -5.382 31033
-0.002 -5.382 31045
-0.000 -5.382 31057
-0.003 -5.382 31069
-0.001 -5.382 31081
-0.003 -5.382 31093
-0.002 -5.382 31105
0.000 -5.382 31117
-0.002 -5.382 31129
-0.003 -5.382 31141
0.001 -5.382 31153
-0.002 -5.382 31165
-0.003 -5.382 31177
0.001 -5.382 31189
-0.003 -5.382 31201
0.001 -5.382 31213
-0.003 -5.382 31225
-0.003 -5.382 31237
-0.003 -5.382 31249
-0.002 -5.382 31261
-0.002 -5.382 31273
-0.002 -5.382 31285
-0.003 -5.382 31297
0.001 -5.382 31309
-0.002 -5.382 31321
-0.002 -5.382 31333
-0.000 -5.382 31345
-0.003 -5.382 31357
0.001 -5.382 31369
-0.002 -5.382 31381
-0.003 -5.382 31393
-0.003 -5.382 31405
-0.003 -5.382 31417
-0.002 -5.382 31429
-0.002 -5.382 31441
0.001 -5.382 31453
-0.003 -5.382 31465
-0.003 -5.382 31477
-0.003 -5.382 31489
-0.002 -5.382 31501
-0.002 -5.382 31513
-0.003 -5.382 31525
-0.002 -5.382 31537
0.001 -5.382 31549
-0.002 -5.382 31561
-0.003 -5.382 31573
-0.003 -5.382 31585
-0.003 -5.382 31597
-0.002 -5.382 31609
-0.002 -5.382 31621
0.000 -5.382 31633
-0.002 -5.382 31645
-0.000 -5.382 31657
-0.002 -5.382 31669
-0.002 -5.382 31681
0.001 -5.382 31693
-0.003 -5.382 31705
-0.003 -5.382 31717
-0.003 -5.382 31729
-0.002 -5.382 31741
-0.003 -5.382 31753
-0.003 -5.382 31765
-0.003 -5.382 31777
0.001 -5.382 31789
-0.003 -5.382 31801
0.001 -5.382 31813
-0.002 -5.382 31825
-0.003 -5.382 31837
0.000 -5.382 31849
-0.002 -5.382 31861
-0.003 -5.382 31873
-0.003 -5.382 31885
-0.003 -5.382 31897
0.000 -5.382 31909
-0.002 -5.382 31921
-0.002 -5.382 31933
-0.003 -5.382 31945
-0.000 -5.382 31957
-0.002 -5.382 31969
-0.001 -5.382 31981
0.001 -5.382 31993
-0.002 -5.382 32005
-0.003 -5.382 32017
0.001 -5.382 32029
-0.003 -5.382 32041
0.001 -5.382 32053
-0.003 -5.382 32065
-0.003 -5.382 32077
-0.003 -5.382 32089
-0.003 -5.382 32101
-0.002 -5.382 32113
0.001 -5.382 32125
-0.003 -5.382 32137
0.000 -5.382 32149
-0.002 -5.382 32161
-0.003 -5.382 32173
-0.002 -5.382 32185
0.001 -5.382 32197
-0.003 -5.382 32209
-0.002 -5.382 32221
-0.002 -5.382 32233
0.001 -5.382 32245
-0.003 -5.382 32257
0.000 -5.382 32269
-0.001 -5.382 32281
-0.003 -5.382 32293
0.001 -5.382 32305
-0.003 -5.382 32317
-0.001 -5.382 32329
-0.001 -5.382 32341
-0.003 -5.382 32353
-0.003 -5.382 32365
-0.001 -5.382 32377
-0.003 -5.382 32389
-0.002 -5.382 32401
-0.003 -5.382 32413
-0.003 -5.382 32425
-0.003 -5.382 32437
-0.003 -5.382 32449
-0.002 -5.382 32461
-0.003 -5.382 32473
-0.003 -5.382 32485
-0.003 -5.382 32497
-0.003 -5.382 32509
-0.002 -5.382 32521
-0.001 -5.382 32533
0.001 -5.382 32545
-0.003 -5.382 32557
-0.002 -5.382 32569
-0.002 -5.382 32581
-0.002 -5.382 32593
0.001 -5.382 32605
-0.003 -5.382 32617
-0.002 -5.382 32629
-0.003 -5.382 32641
-0.000 -5.382 32653
-0.003 -5.382 32665
-0.003 -5.382 32677
-0.002 -5.382 32689
-0.002 -5.382 32701
0.001 -5.382 32713
-0.001 -5.382 32725
-0.003 -5.382 32737
0.001 -5.382 32749
-0.001 -5.382 32761
-0.002 -5.382 32773
-0.003 -5.382 32785
-0.003 -5.382 32797
-0.002 -5.382 32809
-0.003 -5.382 32821
-0.002 -5.382 32833
-0.002 -5.382 32845
-0.003 -5.382 32857
-0.003 -5.382 32869
-0.003 -5.382 32881
0.001 -5.382 32893
-0.002 -5.382 32905
-0.003 -5.382 32917
-0.002 -5.382 32929
-0.002 -5.382 32941
-0.003 -5.382 32953
-0.002 -5.382 32965
0.001 -5.382 32977
-0.003 -5.382 32989
-0.002 -5.382 33001
-0.003 -5.382 33013
-0.002 -5.382 33025
0.001 -5.382 33037
-0.003 -5.382 33049
-0.003 -5.382 33061
-0.003 -5.382 33073
-0.003 -5.382 33085
0.001 -5.382 33097
-0.002 -5.382 33109
-0.002 -5.382 33121
0.001 -5.382 33133
-0.002 -5.382 33145
-0.003 -5.382 33157
0.001 -5.382 33169
-0.002 -5.382 33181
-0.002 -5.382 33193
-0.003 -5.382 33205
-0.003 -5.382 33217
0.002 -5.382 33229
0.003 -5.382 33241
0.003 -5.382 33253
0.002 -5.382 33265
0.001 -5.382 33277
0.002 -5.382 33289
0.002 -5.382 33301
0.002 -5.382 33313
0.001 -5.382 33325
0.005 -5.382 33337
0.003 -5.382 33349
0.003 -5.382 33361
0.002 -5.382 33373
0.003 -5.382 33385
0.001 -5.382 33397
0.002 -5.382 33409
0.003 -5.382 33421
0.002 -5.382 33433
0.003 -5.382 33445
0.004 -5.382 33457
0.003 -5.382 33469
0.003 -5.382 33481
0.003 -5.382 33493
0.001 -5.382 33505
0.004 -5.382 33517
0.003 -5.382 33529
0.003 -5.382 33541
0.003 -5.382 33553
0.002 -5.382 33565
0.001 -5.382 33577
0.002 -5.382 33589
0.002 -5.382 33601
0.002 -5.382 33613
0.003 -5.382 33625
0.003 -5.382 33637
0.002 -5.382 33649
0.003 -5.382 33661
0.001 -5.382 33673
0.001 -5.382 33685
0.005 -5.382 33697
0.001 -5.382 33709
0.005 -5.382 33721
0.003 -5.382 33733
0.005 -5.382 33745
0.001 -5.382 33757
0.002 -5.382 33769
0.002 -5.382 33781
0.003 -5.382 33793
0.003 -5.382 33805
0.001 -5.382 33817
0.003 -5.382 33829
0.005 -5.382 33841
  
  
  
