  
  
  
  
  
0.000 0.000 1
0.158 -2.721 12
0.153 -2.721 24
0.156 -2.709 36
0.153 -2.712 48
0.156 -2.697 60
0.153 -2.694 72
0.156 -2.697 84
0.153 -2.686 96
0.153 -2.680 108
0.153 -2.677 120
0.153 -2.668 132
0.156 -2.662 144
0.153 -2.662 156
0.153 -2.656 168
0.153 -2.653 180
0.153 -2.648 192
0.153 -2.648 204
0.156 -2.639 216
0.153 -2.639 228
0.153 -2.636 240
0.153 -2.630 252
0.153 -2.627 264
0.153 -2.624 276
0.153 -2.624 288
0.156 -2.627 300
0.153 -2.610 312
0.153 -2.610 324
0.153 -2.607 336
0.153 -2.604 348
0.153 -2.601 360
0.156 -2.592 372
0.156 -2.586 384
0.156 -2.586 396
0.153 -2.586 408
0.153 -2.586 420
0.153 -2.578 432
0.153 -2.575 444
0.156 -2.569 456
0.153 -2.569 468
0.153 -2.566 480
0.153 -2.560 492
0.153 -2.560 504
0.153 -2.554 516
0.156 -2.557 528
0.153 -2.548 540
0.153 -2.546 552
0.153 -2.546 564
0.156 -2.534 576
0.153 -2.537 588
0.153 -2.537 600
0.153 -2.531 612
0.153 -2.525 624
0.153 -2.522 636
0.153 -2.516 648
0.153 -2.519 660
0.156 -2.511 672
0.156 -2.511 684
0.153 -2.511 696
0.153 -2.508 708
0.156 -2.511 720
0.153 -2.499 732
0.157 -2.487 744
0.153 -2.490 756
0.156 -2.487 768
0.153 -2.490 780
0.156 -2.476 792
0.153 -2.478 804
0.153 -2.476 816
0.153 -2.476 828
0.156 -2.470 840
0.156 -2.464 852
0.153 -2.464 864
0.153 -2.461 876
0.153 -2.461 888
0.156 -2.452 900
0.153 -2.452 912
0.153 -2.446 924
0.153 -2.443 936
0.157 -2.441 948
0.153 -2.441 960
0.156 -2.429 972
0.156 -2.429 984
0.153 -2.429 996
0.153 -2.429 1008
0.153 -2.423 1020
0.153 -2.417 1032
0.156 -2.417 1044
0.153 -2.414 1056
0.153 -2.408 1068
0.153 -2.408 1080
0.153 -2.400 1092
0.157 -2.394 1104
0.153 -2.397 1116
0.157 -2.394 1128
0.153 -2.391 1140
0.157 -2.382 1152
0.153 -2.382 1164
0.153 -2.376 1176
0.153 -2.376 1188
0.155 -2.376 1200
0.156 -2.371 1212
0.152 -2.371 1224
0.156 -2.359 1236
0.152 -2.365 1248
0.153 -2.362 1260
0.152 -2.359 1272
0.153 -2.359 1284
0.153 -2.353 1296
0.153 -2.350 1308
0.153 -2.353 1320
0.153 -2.347 1332
0.157 -2.347 1344
0.153 -2.336 1356
0.153 -2.330 1368
0.153 -2.330 1380
0.157 -2.324 1392
0.154 -2.324 1404
0.157 -2.324 1416
0.153 -2.318 1428
0.153 -2.315 1440
0.153 -2.312 1452
0.153 -2.312 1464
0.153 -2.303 1476
0.153 -2.303 1488
0.153 -2.298 1500
0.156 -2.289 1512
0.156 -2.289 1524
0.156 -2.289 1536
0.153 -2.289 1548
0.153 -2.283 1560
0.157 -2.277 1572
0.153 -2.277 1584
0.153 -2.274 1596
0.153 -2.274 1608
0.158 -2.266 1620
0.153 -2.263 1632
0.154 -2.260 1644
0.154 -2.260 1656
0.154 -2.257 1668
0.154 -2.251 1680
0.154 -2.251 1692
0.157 -2.254 1704
0.153 -2.245 1716
0.153 -2.245 1728
0.153 -2.242 1740
0.152 -2.236 1752
0.152 -2.236 1764
0.151 -2.233 1776
0.151 -2.236 1788
0.153 -2.231 1800
0.153 -2.233 1812
0.152 -2.228 1824
0.153 -2.228 1836
0.157 -2.207 1848
0.153 -2.213 1860
0.157 -2.207 1872
0.153 -2.207 1884
0.153 -2.198 1896
0.157 -2.196 1908
0.153 -2.196 1920
0.153 -2.190 1932
0.153 -2.190 1944
0.153 -2.187 1956
0.153 -2.184 1968
0.154 -2.181 1980
0.153 -2.175 1992
0.153 -2.172 2004
0.153 -2.166 2016
0.153 -2.166 2028
0.153 -2.166 2040
0.157 -2.161 2052
0.157 -2.161 2064
0.157 -2.149 2076
0.157 -2.149 2088
0.156 -2.149 2100
0.157 -2.137 2112
0.153 -2.143 2124
0.153 -2.140 2136
0.153 -2.140 2148
0.157 -2.137 2160
0.157 -2.137 2172
0.153 -2.128 2184
0.153 -2.126 2196
0.153 -2.120 2208
0.154 -2.120 2220
0.157 -2.114 2232
0.157 -2.114 2244
0.156 -2.114 2256
0.154 -2.108 2268
0.153 -2.108 2280
0.157 -2.096 2292
0.157 -2.091 2304
0.153 -2.096 2316
0.153 -2.093 2328
0.157 -2.091 2340
0.156 -2.079 2352
0.153 -2.088 2364
0.157 -2.073 2376
0.153 -2.079 2388
0.153 -2.079 2400
0.157 -2.067 2412
0.153 -2.067 2424
0.153 -2.067 2436
0.153 -2.064 2448
0.154 -2.061 2460
0.157 -2.050 2472
0.154 -2.047 2484
0.153 -2.050 2496
0.154 -2.050 2508
0.157 -2.044 2520
0.157 -2.044 2532
0.153 -2.041 2544
0.154 -2.035 2556
0.157 -2.026 2568
0.154 -2.035 2580
0.153 -2.023 2592
0.157 -2.021 2604
0.153 -2.021 2616
0.153 -2.018 2628
0.153 -2.018 2640
0.154 -2.009 2652
0.157 -1.997 2664
0.153 -2.003 2676
0.153 -2.003 2688
0.154 -2.000 2700
0.157 -1.997 2712
0.153 -1.994 2724
0.153 -1.994 2736
0.157 -1.986 2748
0.157 -1.986 2760
0.157 -1.974 2772
0.153 -1.977 2784
0.153 -1.977 2796
0.157 -1.974 2808
0.157 -1.974 2820
0.157 -1.962 2832
0.153 -1.965 2844
0.153 -1.962 2856
0.157 -1.951 2868
0.154 -1.956 2880
0.157 -1.951 2892
0.157 -1.951 2904
0.153 -1.948 2916
0.153 -1.948 2928
0.154 -1.939 2940
0.157 -1.927 2952
0.153 -1.933 2964
0.154 -1.930 2976
0.154 -1.933 2988
0.153 -1.921 3000
0.154 -1.918 3012
0.157 -1.916 3024
0.153 -1.918 3036
0.153 -1.916 3048
0.154 -1.910 3060
0.153 -1.907 3072
0.153 -1.904 3084
0.154 -1.901 3096
0.154 -1.898 3108
0.154 -1.895 3120
0.153 -1.889 3132
0.157 -1.886 3144
0.153 -1.886 3156
0.154 -1.875 3168
0.154 -1.875 3180
0.153 -1.878 3192
0.153 -1.872 3204
0.153 -1.872 3216
0.154 -1.869 3228
0.157 -1.863 3240
0.158 -1.857 3252
0.153 -1.860 3264
0.154 -1.854 3276
0.153 -1.854 3288
0.153 -1.854 3300
0.157 -1.840 3312
0.157 -1.840 3324
0.157 -1.834 3336
0.153 -1.837 3348
0.154 -1.837 3360
0.157 -1.834 3372
0.157 -1.822 3384
0.153 -1.831 3396
0.154 -1.822 3408
0.154 -1.816 3420
0.153 -1.813 3432
0.157 -1.811 3444
0.154 -1.811 3456
0.153 -1.808 3468
0.157 -1.799 3480
0.157 -1.793 3492
0.153 -1.799 3504
0.157 -1.787 3516
0.154 -1.793 3528
0.153 -1.793 3540
0.154 -1.784 3552
0.157 -1.787 3564
0.154 -1.778 3576
0.157 -1.776 3588
0.153 -1.773 3600
0.157 -1.764 3612
0.153 -1.767 3624
0.153 -1.764 3636
0.153 -1.767 3648
0.154 -1.758 3660
0.153 -1.752 3672
0.157 -1.746 3684
0.157 -1.741 3696
0.153 -1.746 3708
0.154 -1.746 3720
0.154 -1.738 3732
0.154 -1.738 3744
0.153 -1.738 3756
0.153 -1.732 3768
0.153 -1.732 3780
0.154 -1.720 3792
0.153 -1.723 3804
0.157 -1.717 3816
0.154 -1.717 3828
0.157 -1.706 3840
0.153 -1.708 3852
0.157 -1.706 3864
0.153 -1.708 3876
0.154 -1.700 3888
0.157 -1.694 3900
0.157 -1.694 3912
0.157 -1.694 3924
0.157 -1.682 3936
0.154 -1.688 3948
0.153 -1.682 3960
0.154 -1.676 3972
0.154 -1.673 3984
0.153 -1.673 3996
0.157 -1.671 4008
0.154 -1.665 4020
0.157 -1.671 4032
0.157 -1.671 4044
0.154 -1.653 4056
0.154 -1.653 4068
0.157 -1.647 4080
0.157 -1.647 4092
0.153 -1.644 4104
0.153 -1.641 4116
0.154 -1.638 4128
0.154 -1.636 4140
0.157 -1.624 4152
0.157 -1.624 4164
0.158 -1.624 4176
0.153 -1.627 4188
0.154 -1.621 4200
0.157 -1.612 4212
0.153 -1.612 4224
0.154 -1.609 4236
0.154 -1.606 4248
0.154 -1.606 4260
0.157 -1.601 4272
0.153 -1.598 4284
0.154 -1.592 4296
0.153 -1.592 4308
0.157 -1.589 4320
0.157 -1.577 4332
0.153 -1.583 4344
0.154 -1.577 4356
0.154 -1.580 4368
0.153 -1.574 4380
0.154 -1.568 4392
0.153 -1.566 4404
0.153 -1.566 4416
0.153 -1.560 4428
0.153 -1.557 4440
0.154 -1.554 4452
0.157 -1.554 4464
0.153 -1.551 4476
0.153 -1.545 4488
0.153 -1.539 4500
0.154 -1.533 4512
0.153 -1.533 4524
0.153 -1.531 4536
0.153 -1.528 4548
0.154 -1.528 4560
0.157 -1.519 4572
0.153 -1.522 4584
0.157 -1.507 4596
0.153 -1.513 4608
0.153 -1.510 4620
0.154 -1.504 4632
0.153 -1.504 4644
0.153 -1.504 4656
0.153 -1.498 4668
0.154 -1.498 4680
0.154 -1.487 4692
0.154 -1.487 4704
0.153 -1.487 4716
0.154 -1.484 4728
0.153 -1.481 4740
0.157 -1.472 4752
0.153 -1.472 4764
0.153 -1.466 4776
0.153 -1.466 4788
0.154 -1.466 4800
0.153 -1.461 4812
0.153 -1.458 4824
0.157 -1.449 4836
0.153 -1.452 4848
0.154 -1.446 4860
0.153 -1.443 4872
0.154 -1.440 4884
0.154 -1.437 4896
0.153 -1.434 4908
0.153 -1.434 4920
0.157 -1.426 4932
0.157 -1.414 4944
0.156 -1.414 4956
0.153 -1.420 4968
0.153 -1.420 4980
0.153 -1.411 4992
0.153 -1.411 5004
0.157 -1.402 5016
0.154 -1.396 5028
0.158 -1.391 5040
0.156 -1.391 5052
0.154 -1.388 5064
0.153 -1.391 5076
0.155 -1.373 5088
0.156 -1.391 5100
0.157 -1.373 5112
0.153 -1.367 5124
0.153 -1.364 5136
0.153 -1.370 5148
0.153 -1.361 5160
0.157 -1.367 5172
0.153 -1.358 5184
0.153 -1.358 5196
0.153 -1.358 5208
0.153 -1.358 5220
0.157 -1.344 5232
0.156 -1.344 5244
0.153 -1.341 5256
0.156 -1.332 5268
0.153 -1.335 5280
0.153 -1.326 5292
0.153 -1.326 5304
0.156 -1.321 5316
0.153 -1.321 5328
0.153 -1.321 5340
0.156 -1.321 5352
0.153 -1.312 5364
0.153 -1.309 5376
0.153 -1.303 5388
0.153 -1.303 5400
0.156 -1.297 5412
0.153 -1.294 5424
0.153 -1.294 5436
0.153 -1.288 5448
0.153 -1.286 5460
0.156 -1.274 5472
0.156 -1.274 5484
0.156 -1.274 5496
0.153 -1.271 5508
0.157 -1.274 5520
0.153 -1.265 5532
0.153 -1.262 5544
0.153 -1.256 5556
0.157 -1.251 5568
0.153 -1.253 5580
0.153 -1.248 5592
0.156 -1.239 5604
0.153 -1.242 5616
0.154 -1.242 5628
0.153 -1.242 5640
0.153 -1.230 5652
0.156 -1.227 5664
0.153 -1.224 5676
0.153 -1.224 5688
0.153 -1.221 5700
0.156 -1.210 5712
0.153 -1.210 5724
0.156 -1.204 5736
0.153 -1.207 5748
0.157 -1.204 5760
0.157 -1.204 5772
0.153 -1.192 5784
0.153 -1.189 5796
0.153 -1.186 5808
0.153 -1.186 5820
0.157 -1.181 5832
0.156 -1.181 5844
0.153 -1.178 5856
0.153 -1.172 5868
0.153 -1.166 5880
0.153 -1.160 5892
0.153 -1.160 5904
0.153 -1.160 5916
0.153 -1.157 5928
0.153 -1.154 5940
0.157 -1.146 5952
0.153 -1.143 5964
0.156 -1.134 5976
0.153 -1.137 5988
0.153 -1.134 6000
0.156 -1.134 6012
0.156 -1.134 6024
0.156 -1.122 6036
0.153 -1.119 6048
0.153 -1.116 6060
0.157 -1.111 6072
0.153 -1.111 6084
0.157 -1.111 6096
0.153 -1.108 6108
0.153 -1.099 6120
0.156 -1.087 6132
0.153 -1.093 6144
0.156 -1.087 6156
0.153 -1.087 6168
0.153 -1.084 6180
0.153 -1.078 6192
0.153 -1.078 6204
0.153 -1.070 6216
0.156 -1.064 6228
0.153 -1.070 6240
0.157 -1.052 6252
0.156 -1.052 6264
0.153 -1.055 6276
0.153 -1.055 6288
0.153 -1.052 6300
0.156 -1.041 6312
0.156 -1.041 6324
0.153 -1.038 6336
0.153 -1.038 6348
0.153 -1.032 6360
0.153 -1.026 6372
0.153 -1.023 6384
0.153 -1.020 6396
0.153 -1.020 6408
0.157 -1.017 6420
0.153 -1.014 6432
0.153 -1.006 6444
0.153 -1.003 6456
0.153 -1.000 6468
0.153 -0.997 6480
0.153 -0.991 6492
0.153 -0.991 6504
0.154 -0.982 6516
0.153 -0.985 6528
0.153 -0.976 6540
0.153 -0.973 6552
0.153 -0.971 6564
0.153 -0.968 6576
0.153 -0.968 6588
0.153 -0.962 6600
0.153 -0.956 6612
0.153 -0.953 6624
0.153 -0.950 6636
0.156 -0.947 6648
0.153 -0.944 6660
0.156 -0.947 6672
0.153 -0.936 6684
0.153 -0.930 6696
0.153 -0.930 6708
0.153 -0.927 6720
0.156 -0.924 6732
0.153 -0.921 6744
0.156 -0.912 6756
0.153 -0.915 6768
0.153 -0.906 6780
0.156 -0.901 6792
0.153 -0.898 6804
0.153 -0.898 6816
0.153 -0.892 6828
0.153 -0.898 6840
0.153 -0.880 6852
0.153 -0.880 6864
0.153 -0.880 6876
0.157 -0.877 6888
0.153 -0.874 6900
0.153 -0.863 6912
0.153 -0.863 6924
0.153 -0.860 6936
0.156 -0.854 6948
0.157 -0.854 6960
0.153 -0.851 6972
0.153 -0.851 6984
0.153 -0.845 6996
0.153 -0.839 7008
0.153 -0.836 7020
0.157 -0.831 7032
0.156 -0.831 7044
0.153 -0.828 7056
0.157 -0.831 7068
0.153 -0.819 7080
0.156 -0.807 7092
0.153 -0.810 7104
0.153 -0.807 7116
0.153 -0.801 7128
0.153 -0.801 7140
0.157 -0.790 7152
0.153 -0.790 7164
0.157 -0.784 7176
0.153 -0.784 7188
0.153 -0.781 7200
0.153 -0.775 7212
0.153 -0.772 7224
0.153 -0.769 7236
0.153 -0.766 7248
0.156 -0.761 7260
0.157 -0.761 7272
0.156 -0.761 7284
0.153 -0.752 7296
0.153 -0.746 7308
0.153 -0.743 7320
0.153 -0.740 7332
0.153 -0.734 7344
0.153 -0.734 7356
0.153 -0.734 7368
0.156 -0.726 7380
0.153 -0.720 7392
0.153 -0.717 7404
0.153 -0.717 7416
0.153 -0.714 7428
0.153 -0.711 7440
0.153 -0.705 7452
0.153 -0.699 7464
0.153 -0.696 7476
0.153 -0.693 7488
0.156 -0.691 7500
0.157 -0.679 7512
0.156 -0.679 7524
0.153 -0.679 7536
0.153 -0.682 7548
0.153 -0.673 7560
0.156 -0.667 7572
0.153 -0.664 7584
0.153 -0.658 7596
0.156 -0.656 7608
0.153 -0.656 7620
0.153 -0.647 7632
0.153 -0.641 7644
0.153 -0.647 7656
0.153 -0.641 7668
0.153 -0.635 7680
0.156 -0.621 7692
0.153 -0.626 7704
0.153 -0.626 7716
0.156 -0.621 7728
0.153 -0.618 7740
0.156 -0.609 7752
0.153 -0.606 7764
0.153 -0.606 7776
0.153 -0.600 7788
0.156 -0.597 7800
0.157 -0.586 7812
0.156 -0.586 7824
0.153 -0.583 7836
0.153 -0.588 7848
0.154 -0.580 7860
0.156 -0.574 7872
0.153 -0.571 7884
0.153 -0.565 7896
0.153 -0.565 7908
0.153 -0.565 7920
0.157 -0.551 7932
0.153 -0.553 7944
0.153 -0.548 7956
0.153 -0.548 7968
0.153 -0.542 7980
0.156 -0.533 7992
0.153 -0.533 8004
0.153 -0.530 8016
0.156 -0.527 8028
0.153 -0.524 8040
0.153 -0.516 8052
0.153 -0.513 8064
0.153 -0.510 8076
0.153 -0.510 8088
0.156 -0.504 8100
0.153 -0.501 8112
0.153 -0.495 8124
0.153 -0.492 8136
0.153 -0.486 8148
0.153 -0.486 8160
0.154 -0.478 8172
0.156 -0.481 8184
0.153 -0.472 8196
0.153 -0.472 8208
0.153 -0.466 8220
0.153 -0.460 8232
0.153 -0.457 8244
0.153 -0.457 8256
0.157 -0.457 8268
0.153 -0.448 8280
0.156 -0.434 8292
0.153 -0.440 8304
0.153 -0.437 8316
0.153 -0.431 8328
0.153 -0.431 8340
0.153 -0.425 8352
0.153 -0.416 8364
0.153 -0.416 8376
0.156 -0.411 8388
0.153 -0.408 8400
0.153 -0.402 8412
0.153 -0.402 8424
0.153 -0.396 8436
0.153 -0.393 8448
0.153 -0.390 8460
0.153 -0.384 8472
0.153 -0.384 8484
0.156 -0.376 8496
0.153 -0.376 8508
0.153 -0.370 8520
0.153 -0.367 8532
0.153 -0.364 8544
0.154 -0.361 8556
0.153 -0.361 8568
0.153 -0.352 8580
0.153 -0.346 8592
0.153 -0.343 8604
0.153 -0.343 8616
0.153 -0.338 8628
0.153 -0.332 8640
0.153 -0.326 8652
0.153 -0.323 8664
0.153 -0.320 8676
0.153 -0.317 8688
0.153 -0.314 8700
0.156 -0.306 8712
0.153 -0.300 8724
0.157 -0.294 8736
0.153 -0.297 8748
0.153 -0.294 8760
0.156 -0.294 8772
0.153 -0.291 8784
0.156 -0.282 8796
0.153 -0.276 8808
0.153 -0.276 8820
0.157 -0.271 8832
0.157 -0.271 8844
0.153 -0.268 8856
0.154 -0.265 8868
0.156 -0.247 8880
0.153 -0.250 8892
0.156 -0.247 8904
0.156 -0.247 8916
0.153 -0.238 8928
0.153 -0.238 8940
0.153 -0.230 8952
0.157 -0.224 8964
0.153 -0.221 8976
0.153 -0.221 8988
0.156 -0.224 9000
0.156 -0.212 9012
0.153 -0.206 9024
0.153 -0.203 9036
0.156 -0.201 9048
0.153 -0.198 9060
0.153 -0.192 9072
0.153 -0.186 9084
0.154 -0.180 9096
0.153 -0.180 9108
0.153 -0.180 9120
0.157 -0.177 9132
0.153 -0.168 9144
0.153 -0.166 9156
0.153 -0.160 9168
0.153 -0.157 9180
0.153 -0.151 9192
0.153 -0.151 9204
0.153 -0.151 9216
0.153 -0.142 9228
0.153 -0.136 9240
0.153 -0.133 9252
0.153 -0.131 9264
0.153 -0.128 9276
0.153 -0.122 9288
0.153 -0.122 9300
0.153 -0.110 9312
0.153 -0.110 9324
0.153 -0.104 9336
0.153 -0.104 9348
0.153 -0.098 9360
0.153 -0.093 9372
0.153 -0.090 9384
0.153 -0.084 9396
0.153 -0.084 9408
0.153 -0.081 9420
0.154 -0.069 9432
0.153 -0.066 9444
0.153 -0.066 9456
0.156 -0.061 9468
0.153 -0.061 9480
0.156 -0.049 9492
0.157 -0.049 9504
0.153 -0.043 9516
0.156 -0.037 9528
0.156 -0.037 9540
0.157 -0.037 9552
0.157 -0.026 9564
0.153 -0.026 9576
0.153 -0.026 9588
0.153 -0.020 9600
0.153 -0.017 9612
0.153 -0.011 9624
0.157 -0.014 9636
0.156 -0.002 9648
0.156 -0.002 9660
0.157 0.009 9672
0.156 0.009 9684
0.153 0.012 9696
0.153 0.012 9708
0.157 0.021 9720
0.157 0.033 9732
0.153 0.030 9744
0.153 0.036 9756
0.157 0.033 9768
0.153 0.036 9780
0.153 0.044 9792
0.153 0.050 9804
0.153 0.053 9816
0.153 0.056 9828
0.156 0.056 9840
0.156 0.068 9852
0.153 0.071 9864
0.153 0.074 9876
0.153 0.077 9888
0.153 0.077 9900
0.153 0.082 9912
0.153 0.088 9924
0.153 0.088 9936
0.153 0.097 9948
0.153 0.097 9960
0.153 0.106 9972
0.153 0.106 9984
0.156 0.103 9996
0.153 0.120 10008
0.153 0.117 10020
0.156 0.126 10032
0.153 0.129 10044
0.153 0.129 10056
0.153 0.135 10068
0.153 0.141 10080
0.157 0.149 10092
0.153 0.147 10104
0.153 0.152 10116
0.157 0.149 10128
0.153 0.158 10140
0.154 0.167 10152
0.153 0.170 10164
0.157 0.173 10176
0.153 0.170 10188
0.153 0.176 10200
0.156 0.184 10212
0.153 0.187 10224
0.153 0.190 10236
0.153 0.193 10248
0.153 0.196 10260
0.153 0.205 10272
0.153 0.211 10284
0.156 0.219 10296
0.157 0.219 10308
0.153 0.217 10320
0.157 0.219 10332
0.154 0.222 10344
0.156 0.231 10356
0.153 0.231 10368
0.156 0.231 10380
0.154 0.246 10392
0.153 0.243 10404
0.157 0.254 10416
0.153 0.252 10428
0.153 0.252 10440
0.153 0.263 10452
0.153 0.269 10464
0.153 0.269 10476
0.156 0.266 10488
0.153 0.275 10500
0.157 0.289 10512
0.153 0.284 10524
0.153 0.287 10536
0.157 0.289 10548
0.153 0.292 10560
0.153 0.304 10572
0.153 0.307 10584
0.153 0.307 10596
0.153 0.313 10608
0.153 0.316 10620
0.157 0.313 10632
0.153 0.327 10644
0.153 0.330 10656
0.153 0.330 10668
0.157 0.336 10680
0.153 0.339 10692
0.157 0.348 10704
0.153 0.345 10716
0.153 0.354 10728
0.153 0.354 10740
0.153 0.362 10752
0.157 0.359 10764
0.153 0.368 10776
0.153 0.368 10788
0.153 0.371 10800
0.157 0.383 10812
0.156 0.383 10824
0.153 0.386 10836
0.154 0.386 10848
0.156 0.383 10860
0.157 0.406 10872
0.153 0.403 10884
0.157 0.406 10896
0.153 0.409 10908
0.153 0.409 10920
0.156 0.418 10932
0.153 0.424 10944
0.153 0.424 10956
0.153 0.432 10968
0.153 0.429 10980
0.153 0.432 10992
0.153 0.438 11004
0.153 0.444 11016
0.153 0.447 11028
0.153 0.450 11040
0.153 0.456 11052
0.156 0.453 11064
0.153 0.462 11076
0.154 0.467 11088
0.157 0.470 11100
0.153 0.473 11112
0.153 0.479 11124
0.156 0.476 11136
0.154 0.485 11148
0.153 0.482 11160
0.157 0.499 11172
0.153 0.497 11184
0.153 0.497 11196
0.152 0.497 11208
0.153 0.505 11220
0.157 0.523 11232
0.153 0.517 11244
0.153 0.520 11256
0.153 0.520 11268
0.153 0.526 11280
0.153 0.526 11292
0.153 0.532 11304
0.154 0.540 11316
0.157 0.540 11328
0.153 0.543 11340
0.153 0.549 11352
0.157 0.546 11364
0.156 0.558 11376
0.153 0.561 11388
0.156 0.569 11400
0.153 0.567 11412
0.156 0.569 11424
0.156 0.569 11436
0.153 0.572 11448
0.153 0.581 11460
0.153 0.590 11472
0.153 0.578 11484
0.152 0.587 11496
0.156 0.607 11508
0.157 0.593 11520
0.157 0.604 11532
0.153 0.610 11544
0.153 0.602 11556
0.156 0.637 11568
0.156 0.616 11580
0.156 0.628 11592
0.153 0.628 11604
0.153 0.634 11616
0.153 0.634 11628
0.153 0.637 11640
0.153 0.642 11652
0.157 0.639 11664
0.153 0.648 11676
0.153 0.654 11688
0.153 0.657 11700
0.156 0.663 11712
0.153 0.666 11724
0.156 0.663 11736
0.153 0.669 11748
0.153 0.674 11760
0.156 0.680 11772
0.153 0.683 11784
0.160 0.709 11796
0.153 0.683 11808
0.153 0.695 11820
0.153 0.698 11832
0.153 0.701 11844
0.153 0.712 11856
0.156 0.709 11868
0.153 0.707 11880
0.153 0.712 11892
0.153 0.718 11904
0.153 0.721 11916
0.153 0.724 11928
0.153 0.727 11940
0.157 0.733 11952
0.157 0.733 11964
0.156 0.733 11976
0.152 0.739 11988
0.153 0.742 12000
0.156 0.756 12012
0.153 0.753 12024
0.153 0.759 12036
0.153 0.759 12048
0.153 0.759 12060
0.157 0.774 12072
0.153 0.774 12084
0.156 0.779 12096
0.153 0.777 12108
0.153 0.782 12120
0.153 0.788 12132
0.157 0.791 12144
0.156 0.791 12156
0.156 0.797 12168
0.153 0.800 12180
0.157 0.803 12192
0.153 0.806 12204
0.153 0.812 12216
0.153 0.809 12228
0.153 0.817 12240
0.153 0.823 12252
0.153 0.826 12264
0.153 0.823 12276
0.153 0.832 12288
0.156 0.826 12300
0.153 0.841 12312
0.153 0.844 12324
0.156 0.849 12336
0.153 0.847 12348
0.153 0.852 12360
0.157 0.849 12372
0.153 0.861 12384
0.156 0.849 12396
0.153 0.864 12408
0.153 0.870 12420
0.156 0.873 12432
0.153 0.876 12444
0.156 0.873 12456
0.152 0.876 12468
0.156 0.890 12480
0.156 0.896 12492
0.153 0.893 12504
0.153 0.896 12516
0.153 0.899 12528
0.156 0.908 12540
0.156 0.919 12552
0.152 0.911 12564
0.153 0.914 12576
0.156 0.919 12588
0.156 0.919 12600
0.156 0.919 12612
0.153 0.928 12624
0.153 0.934 12636
0.153 0.937 12648
0.153 0.940 12660
0.153 0.946 12672
0.153 0.946 12684
0.156 0.943 12696
0.153 0.946 12708
0.153 0.957 12720
0.153 0.960 12732
0.153 0.963 12744
0.157 0.966 12756
0.153 0.969 12768
0.152 0.969 12780
0.153 0.981 12792
0.153 0.984 12804
0.153 0.984 12816
0.153 0.981 12828
0.153 0.987 12840
0.157 1.001 12852
0.157 1.001 12864
0.156 1.001 12876
0.153 0.992 12888
0.153 1.004 12900
0.156 1.013 12912
0.156 1.013 12924
0.153 1.022 12936
0.153 1.016 12948
0.153 1.022 12960
0.157 1.036 12972
0.157 1.036 12984
0.156 1.036 12996
0.152 1.033 13008
0.153 1.039 13020
0.153 1.048 13032
0.156 1.036 13044
0.153 1.051 13056
0.153 1.051 13068
0.153 1.057 13080
0.153 1.062 13092
0.156 1.059 13104
0.156 1.059 13116
0.153 1.062 13128
0.153 1.068 13140
0.157 1.083 13152
0.153 1.080 13164
0.156 1.083 13176
0.153 1.086 13188
0.153 1.086 13200
0.154 1.097 13212
0.157 1.106 13224
0.153 1.097 13236
0.153 1.103 13248
0.157 1.106 13260
0.157 1.106 13272
0.153 1.115 13284
0.153 1.115 13296
0.157 1.129 13308
0.153 1.121 13320
0.156 1.129 13332
0.153 1.127 13344
0.153 1.132 13356
0.153 1.132 13368
0.156 1.129 13380
0.157 1.153 13392
0.154 1.150 13404
0.153 1.147 13416
0.155 1.153 13428
0.154 1.156 13440
0.153 1.156 13452
0.153 1.162 13464
0.153 1.162 13476
0.153 1.170 13488
0.153 1.173 13500
0.153 1.179 13512
0.153 1.179 13524
0.153 1.179 13536
0.153 1.179 13548
0.153 1.185 13560
0.157 1.199 13572
0.156 1.199 13584
0.153 1.197 13596
0.156 1.199 13608
0.157 1.199 13620
0.153 1.208 13632
0.153 1.211 13644
0.153 1.214 13656
0.153 1.220 13668
0.156 1.223 13680
0.157 1.223 13692
0.153 1.226 13704
0.153 1.226 13716
0.153 1.232 13728
0.153 1.240 13740
0.153 1.243 13752
0.154 1.249 13764
0.153 1.249 13776
0.156 1.246 13788
0.157 1.258 13800
0.157 1.264 13812
0.153 1.261 13824
0.153 1.261 13836
0.153 1.267 13848
0.153 1.272 13860
0.157 1.281 13872
0.153 1.272 13884
0.153 1.272 13896
0.153 1.278 13908
0.153 1.287 13920
0.153 1.290 13932
0.153 1.296 13944
0.157 1.293 13956
0.153 1.296 13968
0.153 1.296 13980
0.155 1.304 13992
0.153 1.310 14004
0.153 1.310 14016
0.153 1.310 14028
0.157 1.316 14040
0.153 1.319 14052
0.153 1.319 14064
0.153 1.325 14076
0.153 1.328 14088
0.153 1.337 14100
0.153 1.337 14112
0.153 1.342 14124
0.153 1.342 14136
0.152 1.342 14148
0.153 1.348 14160
0.153 1.357 14172
0.153 1.360 14184
0.153 1.360 14196
0.153 1.360 14208
0.153 1.360 14220
0.157 1.374 14232
0.152 1.366 14244
0.153 1.372 14256
0.153 1.377 14268
0.153 1.377 14280
0.153 1.383 14292
0.153 1.386 14304
0.156 1.386 14316
0.153 1.389 14328
0.156 1.386 14340
0.157 1.409 14352
0.153 1.401 14364
0.156 1.409 14376
0.152 1.404 14388
0.153 1.412 14400
0.153 1.418 14412
0.156 1.409 14424
0.153 1.418 14436
0.153 1.421 14448
0.153 1.430 14460
0.157 1.433 14472
0.153 1.436 14484
0.156 1.433 14496
0.153 1.436 14508
0.157 1.444 14520
0.156 1.456 14532
0.156 1.456 14544
0.156 1.456 14556
0.153 1.453 14568
0.153 1.459 14580
0.156 1.468 14592
0.156 1.468 14604
0.156 1.468 14616
0.153 1.459 14628
0.153 1.474 14640
0.157 1.479 14652
0.153 1.482 14664
0.156 1.479 14676
0.152 1.477 14688
0.153 1.488 14700
0.157 1.503 14712
0.153 1.497 14724
0.153 1.494 14736
0.153 1.500 14748
0.154 1.500 14760
0.153 1.506 14772
0.153 1.506 14784
0.156 1.503 14796
0.153 1.506 14808
0.157 1.526 14820
0.153 1.523 14832
0.153 1.523 14844
0.153 1.523 14856
0.156 1.526 14868
0.157 1.526 14880
0.153 1.541 14892
0.153 1.541 14904
0.156 1.549 14916
0.153 1.544 14928
0.153 1.549 14940
0.153 1.552 14952
0.153 1.552 14964
0.153 1.552 14976
0.156 1.561 14988
0.153 1.564 15000
0.155 1.573 15012
0.153 1.570 15024
0.156 1.573 15036
0.153 1.576 15048
0.153 1.576 15060
0.153 1.582 15072
0.157 1.590 15084
0.153 1.587 15096
0.153 1.587 15108
0.156 1.596 15120
0.156 1.596 15132
0.153 1.599 15144
0.156 1.596 15156
0.153 1.599 15168
0.153 1.608 15180
0.153 1.611 15192
0.153 1.617 15204
0.156 1.619 15216
0.153 1.617 15228
0.153 1.622 15240
0.156 1.631 15252
0.153 1.628 15264
0.154 1.634 15276
0.153 1.634 15288
0.153 1.634 15300
0.153 1.646 15312
0.153 1.646 15324
0.157 1.654 15336
0.153 1.637 15348
0.153 1.652 15360
0.153 1.660 15372
0.153 1.663 15384
0.153 1.660 15396
0.153 1.663 15408
0.153 1.669 15420
0.153 1.675 15432
0.157 1.678 15444
0.156 1.666 15456
0.153 1.675 15468
0.158 1.689 15480
0.154 1.692 15492
0.154 1.692 15504
0.153 1.692 15516
0.157 1.689 15528
0.153 1.692 15540
0.153 1.704 15552
0.153 1.707 15564
0.153 1.707 15576
0.156 1.713 15588
0.153 1.710 15600
0.155 1.713 15612
0.153 1.713 15624
0.153 1.716 15636
0.153 1.716 15648
0.153 1.722 15660
0.153 1.733 15672
0.153 1.733 15684
0.153 1.733 15696
0.153 1.733 15708
0.154 1.733 15720
0.153 1.739 15732
0.153 1.751 15744
0.153 1.751 15756
0.156 1.759 15768
0.153 1.742 15780
0.156 1.759 15792
0.153 1.762 15804
0.153 1.762 15816
0.155 1.759 15828
0.150 1.762 15840
0.152 1.774 15852
0.153 1.777 15864
0.153 1.777 15876
0.152 1.777 15888
0.154 1.777 15900
0.156 1.800 15912
0.156 1.803 15924
0.153 1.786 15936
0.153 1.792 15948
0.156 1.815 15960
0.156 1.827 15972
0.153 1.827 15984
0.153 1.803 15996
0.153 1.803 16008
0.156 1.829 16020
0.153 1.815 16032
0.153 1.821 16044
0.153 1.824 16056
0.151 1.815 16068
0.153 1.821 16080
0.153 1.827 16092
0.153 1.832 16104
0.156 1.829 16116
0.153 1.832 16128
0.153 1.838 16140
0.156 1.853 16152
0.153 1.847 16164
0.153 1.850 16176
0.153 1.850 16188
0.156 1.853 16200
0.153 1.856 16212
0.153 1.856 16224
0.153 1.862 16236
0.153 1.862 16248
0.156 1.876 16260
0.156 1.876 16272
0.153 1.873 16284
0.153 1.873 16296
0.153 1.879 16308
0.153 1.879 16320
0.153 1.885 16332
0.153 1.888 16344
0.153 1.891 16356
0.156 1.899 16368
0.153 1.894 16380
0.156 1.899 16392
0.156 1.899 16404
0.156 1.899 16416
0.153 1.902 16428
0.153 1.908 16440
0.156 1.923 16452
0.153 1.914 16464
0.153 1.917 16476
0.154 1.920 16488
0.153 1.926 16500
0.152 1.926 16512
0.156 1.934 16524
0.153 1.926 16536
0.153 1.932 16548
0.153 1.937 16560
0.154 1.946 16572
0.153 1.943 16584
0.154 1.949 16596
0.153 1.949 16608
0.152 1.952 16620
0.153 1.955 16632
0.153 1.955 16644
0.156 1.969 16656
0.153 1.952 16668
0.152 1.964 16680
0.153 1.972 16692
0.153 1.972 16704
0.153 1.972 16716
0.156 1.969 16728
0.156 1.969 16740
0.156 1.969 16752
0.153 1.984 16764
0.153 1.987 16776
0.156 1.993 16788
0.155 1.993 16800
0.153 1.996 16812
0.157 1.993 16824
0.153 1.996 16836
0.153 1.999 16848
0.156 2.004 16860
0.157 2.016 16872
0.156 2.016 16884
0.153 2.019 16896
0.156 2.016 16908
0.156 2.016 16920
0.153 2.019 16932
0.156 2.028 16944
0.153 2.025 16956
0.152 2.031 16968
0.153 2.034 16980
0.153 2.037 16992
0.153 2.037 17004
0.156 2.039 17016
0.153 2.045 17028
0.152 2.042 17040
0.153 2.048 17052
0.153 2.057 17064
0.153 2.054 17076
0.156 2.063 17088
0.152 2.057 17100
0.156 2.063 17112
0.153 2.072 17124
0.153 2.066 17136
0.153 2.077 17148
0.153 2.077 17160
0.153 2.083 17172
0.156 2.086 17184
0.153 2.083 17196
0.153 2.083 17208
0.153 2.089 17220
0.153 2.089 17232
0.153 2.089 17244
0.153 2.095 17256
0.155 2.086 17268
0.153 2.101 17280
0.155 2.109 17292
0.156 2.109 17304
0.153 2.107 17316
0.153 2.112 17328
0.153 2.112 17340
0.156 2.121 17352
0.156 2.121 17364
0.156 2.121 17376
0.153 2.118 17388
0.153 2.127 17400
0.153 2.130 17412
0.153 2.130 17424
0.153 2.136 17436
0.156 2.133 17448
0.156 2.133 17460
0.156 2.144 17472
0.153 2.147 17484
0.153 2.147 17496
0.153 2.150 17508
0.153 2.153 17520
0.153 2.159 17532
0.155 2.156 17544
0.153 2.159 17556
0.153 2.159 17568
0.156 2.156 17580
0.156 2.179 17592
0.153 2.174 17604
0.156 2.179 17616
0.153 2.177 17628
0.152 2.177 17640
0.156 2.179 17652
0.153 2.182 17664
0.156 2.179 17676
0.153 2.188 17688
0.155 2.191 17700
0.153 2.197 17712
0.156 2.203 17724
0.153 2.206 17736
0.153 2.200 17748
0.153 2.197 17760
0.153 2.206 17772
0.153 2.212 17784
0.153 2.217 17796
0.153 2.217 17808
0.157 2.226 17820
0.153 2.223 17832
0.155 2.226 17844
0.153 2.223 17856
0.153 2.229 17868
0.153 2.229 17880
0.156 2.238 17892
0.153 2.235 17904
0.156 2.249 17916
0.152 2.241 17928
0.152 2.244 17940
0.153 2.247 17952
0.153 2.252 17964
0.156 2.249 17976
0.153 2.252 17988
0.156 2.249 18000
0.153 2.264 18012
0.156 2.273 18024
0.153 2.267 18036
0.153 2.270 18048
0.153 2.270 18060
0.156 2.273 18072
0.153 2.276 18084
0.155 2.273 18096
0.153 2.282 18108
0.152 2.276 18120
0.153 2.290 18132
0.156 2.296 18144
0.153 2.293 18156
0.153 2.293 18168
0.156 2.296 18180
0.157 2.308 18192
0.153 2.305 18204
0.153 2.305 18216
0.153 2.311 18228
0.157 2.319 18240
0.156 2.319 18252
0.157 2.319 18264
0.153 2.317 18276
0.156 2.319 18288
0.153 2.319 18300
0.156 2.319 18312
0.155 2.331 18324
0.153 2.328 18336
0.152 2.328 18348
0.153 2.334 18360
0.153 2.340 18372
0.153 2.340 18384
0.153 2.346 18396
0.153 2.346 18408
0.153 2.346 18420
0.153 2.352 18432
0.153 2.352 18444
0.153 2.357 18456
0.153 2.360 18468
0.156 2.366 18480
0.153 2.363 18492
0.153 2.363 18504
0.153 2.363 18516
0.153 2.369 18528
0.152 2.369 18540
0.156 2.378 18552
0.152 2.375 18564
0.153 2.381 18576
0.153 2.375 18588
0.153 2.387 18600
0.153 2.392 18612
0.155 2.389 18624
0.153 2.392 18636
0.153 2.392 18648
0.156 2.401 18660
0.157 2.413 18672
0.153 2.407 18684
0.153 2.407 18696
0.153 2.419 18708
0.156 2.413 18720
0.155 2.413 18732
0.152 2.416 18744
0.153 2.416 18756
0.156 2.413 18768
0.153 2.416 18780
0.152 2.422 18792
0.156 2.436 18804
0.153 2.430 18816
0.152 2.430 18828
0.152 2.433 18840
0.153 2.433 18852
0.156 2.436 18864
0.153 2.439 18876
0.153 2.439 18888
0.153 2.439 18900
0.155 2.436 18912
0.152 2.454 18924
0.156 2.459 18936
0.156 2.459 18948
0.156 2.459 18960
0.152 2.462 18972
0.153 2.462 18984
0.153 2.474 18996
0.153 2.468 19008
0.153 2.468 19020
0.155 2.483 19032
0.152 2.474 19044
0.153 2.486 19056
0.153 2.486 19068
0.153 2.486 19080
0.154 2.486 19092
0.153 2.492 19104
0.152 2.486 19116
0.153 2.492 19128
0.153 2.492 19140
0.153 2.503 19152
0.153 2.503 19164
0.154 2.509 19176
0.156 2.506 19188
0.153 2.503 19200
0.153 2.509 19212
0.153 2.515 19224
0.153 2.509 19236
0.156 2.524 19248
0.152 2.521 19260
0.153 2.527 19272
0.156 2.529 19284
0.152 2.527 19296
0.153 2.532 19308
0.153 2.532 19320
0.156 2.529 19332
0.153 2.532 19344
0.152 2.538 19356
0.152 2.541 19368
0.153 2.544 19380
0.153 2.547 19392
0.155 2.529 19404
0.151 2.550 19416
0.153 2.559 19428
0.153 2.550 19440
0.156 2.553 19452
0.153 2.562 19464
0.153 2.556 19476
0.152 2.562 19488
0.153 2.567 19500
0.152 2.570 19512
0.153 2.573 19524
0.153 2.579 19536
0.153 2.579 19548
0.156 2.588 19560
0.156 2.588 19572
0.153 2.579 19584
0.153 2.579 19596
0.153 2.585 19608
0.153 2.585 19620
0.153 2.597 19632
0.153 2.597 19644
0.153 2.597 19656
0.153 2.602 19668
0.153 2.605 19680
0.157 2.611 19692
0.153 2.608 19704
0.153 2.614 19716
0.152 2.608 19728
0.152 2.605 19740
0.152 2.620 19752
0.153 2.620 19764
0.153 2.620 19776
0.152 2.626 19788
0.153 2.626 19800
0.155 2.623 19812
0.153 2.631 19824
0.156 2.646 19836
0.153 2.643 19848
0.153 2.643 19860
0.156 2.646 19872
0.155 2.646 19884
0.153 2.649 19896
0.157 2.646 19908
0.154 2.655 19920
0.158 2.669 19932
0.155 2.666 19944
0.155 2.666 19956
0.154 2.666 19968
0.158 2.669 19980
0.153 2.666 19992
0.153 2.672 20004
0.156 2.681 20016
0.150 2.664 20028
0.149 2.661 20040
0.153 2.684 20052
0.154 2.684 20064
0.153 2.687 20076
0.157 2.693 20088
0.150 2.664 20100
0.150 2.672 20112
0.155 2.681 20124
0.151 2.672 20136
0.153 2.696 20148
0.153 2.696 20160
0.153 2.696 20172
0.154 2.701 20184
0.154 2.701 20196
0.154 2.710 20208
0.153 2.710 20220
0.154 2.719 20232
0.154 2.719 20244
0.157 2.716 20256
0.154 2.719 20268
0.153 2.719 20280
0.154 2.731 20292
0.157 2.739 20304
0.154 2.734 20316
0.153 2.734 20328
0.153 2.734 20340
0.156 2.739 20352
0.153 2.742 20364
0.158 2.751 20376
0.154 2.748 20388
0.153 2.748 20400
0.157 2.763 20412
0.153 2.754 20424
0.154 2.760 20436
0.154 2.760 20448
0.153 2.760 20460
0.157 2.763 20472
0.153 2.760 20484
0.154 2.766 20496
0.154 2.766 20508
0.157 2.774 20520
0.157 2.786 20532
0.154 2.783 20544
0.154 2.783 20556
0.153 2.783 20568
0.153 2.783 20580
0.158 2.786 20592
0.153 2.789 20604
0.153 2.789 20616
0.157 2.786 20628
0.153 2.795 20640
0.154 2.801 20652
0.153 2.806 20664
0.153 2.806 20676
0.157 2.809 20688
0.154 2.806 20700
0.157 2.809 20712
0.153 2.812 20724
0.157 2.809 20736
0.153 2.812 20748
0.153 2.812 20760
0.154 2.824 20772
0.153 2.824 20784
0.156 2.809 20796
0.157 2.833 20808
0.153 2.830 20820
0.156 2.833 20832
0.153 2.836 20844
0.153 2.836 20856
0.153 2.836 20868
0.153 2.841 20880
0.157 2.856 20892
0.154 2.853 20904
0.154 2.853 20916
0.154 2.853 20928
0.157 2.856 20940
0.157 2.856 20952
0.154 2.865 20964
0.154 2.859 20976
0.154 2.859 20988
0.157 2.868 21000
0.156 2.879 21012
0.153 2.874 21024
0.153 2.874 21036
0.154 2.876 21048
0.154 2.876 21060
0.158 2.879 21072
0.154 2.888 21084
0.153 2.882 21096
0.154 2.888 21108
0.154 2.888 21120
0.158 2.903 21132
0.155 2.900 21144
0.154 2.900 21156
0.157 2.903 21168
0.153 2.900 21180
0.153 2.906 21192
0.154 2.911 21204
0.154 2.906 21216
0.154 2.909 21228
0.154 2.911 21240
0.154 2.923 21252
0.153 2.920 21264
0.154 2.923 21276
0.154 2.923 21288
0.154 2.923 21300
0.158 2.926 21312
0.154 2.929 21324
0.153 2.935 21336
0.157 2.926 21348
0.154 2.935 21360
0.158 2.949 21372
0.153 2.946 21384
0.158 2.949 21396
0.153 2.946 21408
0.153 2.946 21420
0.153 2.952 21432
0.153 2.952 21444
0.157 2.961 21456
0.153 2.952 21468
0.153 2.952 21480
0.154 2.970 21492
0.153 2.964 21504
0.153 2.970 21516
0.154 2.970 21528
0.153 2.967 21540
0.157 2.973 21552
0.154 2.976 21564
0.154 2.976 21576
0.154 2.981 21588
0.153 2.981 21600
0.153 2.981 21612
0.154 2.993 21624
0.156 2.996 21636
0.153 2.993 21648
0.153 2.993 21660
0.156 2.996 21672
0.153 2.999 21684
0.157 2.996 21696
0.154 2.999 21708
0.153 2.999 21720
0.153 3.005 21732
0.154 3.016 21744
0.154 3.016 21756
0.157 3.019 21768
0.153 3.016 21780
0.157 3.019 21792
0.153 3.022 21804
0.153 3.022 21816
0.154 3.028 21828
0.154 3.028 21840
0.158 3.043 21852
0.154 3.037 21864
0.153 3.037 21876
0.154 3.037 21888
0.154 3.040 21900
0.157 3.043 21912
0.153 3.046 21924
0.157 3.054 21936
0.154 3.046 21948
0.154 3.049 21960
0.157 3.066 21972
0.154 3.060 21984
0.154 3.060 21996
0.153 3.063 22008
0.153 3.063 22020
0.153 3.069 22032
0.153 3.069 22044
0.154 3.069 22056
0.153 3.069 22068
0.154 3.075 22080
0.157 3.078 22092
0.153 3.081 22104
0.154 3.084 22116
0.153 3.084 22128
0.154 3.086 22140
0.157 3.089 22152
0.154 3.092 22164
0.153 3.092 22176
0.153 3.095 22188
0.153 3.092 22200
0.154 3.110 22212
0.154 3.104 22224
0.154 3.110 22236
0.153 3.110 22248
0.157 3.113 22260
0.153 3.110 22272
0.154 3.110 22284
0.154 3.116 22296
0.154 3.121 22308
0.153 3.121 22320
0.157 3.124 22332
0.157 3.136 22344
0.157 3.136 22356
0.153 3.133 22368
0.154 3.133 22380
0.157 3.148 22392
0.157 3.136 22404
0.157 3.148 22416
0.153 3.139 22428
0.154 3.145 22440
0.154 3.151 22452
0.156 3.159 22464
0.158 3.159 22476
0.153 3.156 22488
0.154 3.156 22500
0.154 3.162 22512
0.157 3.159 22524
0.154 3.162 22536
0.157 3.159 22548
0.154 3.168 22560
0.157 3.183 22572
0.154 3.177 22584
0.157 3.183 22596
0.153 3.174 22608
0.154 3.180 22620
0.157 3.183 22632
0.154 3.186 22644
0.157 3.183 22656
0.153 3.186 22668
0.154 3.186 22680
0.157 3.183 22692
0.154 3.197 22704
0.153 3.203 22716
0.153 3.200 22728
0.153 3.203 22740
0.154 3.203 22752
0.154 3.209 22764
0.154 3.209 22776
0.157 3.206 22788
0.153 3.215 22800
0.154 3.221 22812
0.154 3.221 22824
0.157 3.229 22836
0.154 3.226 22848
0.153 3.226 22860
0.153 3.226 22872
0.157 3.229 22884
0.153 3.232 22896
0.153 3.232 22908
0.153 3.232 22920
0.157 3.241 22932
0.157 3.253 22944
0.153 3.250 22956
0.157 3.253 22968
0.154 3.259 22980
0.153 3.250 22992
0.153 3.250 23004
0.153 3.250 23016
0.153 3.256 23028
0.154 3.259 23040
0.157 3.264 23052
0.153 3.267 23064
0.153 3.261 23076
0.156 3.276 23088
0.153 3.273 23100
0.157 3.276 23112
0.153 3.273 23124
0.153 3.279 23136
0.156 3.276 23148
0.153 3.279 23160
0.154 3.285 23172
0.153 3.285 23184
0.153 3.285 23196
0.157 3.276 23208
0.154 3.305 23220
0.154 3.296 23232
0.153 3.296 23244
0.153 3.302 23256
0.153 3.302 23268
0.157 3.299 23280
0.156 3.299 23292
0.153 3.308 23304
0.153 3.308 23316
0.153 3.314 23328
0.153 3.317 23340
0.154 3.320 23352
0.153 3.320 23364
0.157 3.323 23376
0.154 3.326 23388
0.156 3.323 23400
0.157 3.334 23412
0.153 3.331 23424
0.153 3.331 23436
0.157 3.334 23448
0.154 3.329 23460
0.153 3.343 23472
0.157 3.346 23484
0.153 3.343 23496
0.153 3.343 23508
0.153 3.343 23520
0.157 3.346 23532
0.153 3.349 23544
0.153 3.355 23556
0.157 3.358 23568
0.156 3.358 23580
0.157 3.369 23592
0.154 3.366 23604
0.153 3.366 23616
0.157 3.369 23628
0.154 3.364 23640
0.157 3.369 23652
0.154 3.372 23664
0.154 3.372 23676
0.153 3.372 23688
0.153 3.384 23700
0.153 3.384 23712
0.153 3.384 23724
0.156 3.393 23736
0.153 3.390 23748
0.153 3.390 23760
0.156 3.393 23772
0.153 3.396 23784
0.153 3.396 23796
0.158 3.404 23808
0.153 3.401 23820
0.158 3.416 23832
0.155 3.413 23844
0.155 3.419 23856
0.158 3.428 23868
0.155 3.425 23880
0.157 3.428 23892
0.154 3.425 23904
0.153 3.425 23916
0.157 3.428 23928
0.157 3.428 23940
0.153 3.431 23952
0.153 3.425 23964
0.153 3.434 23976
0.157 3.439 23988
0.153 3.436 24000
0.153 3.436 24012
0.157 3.439 24024
0.153 3.436 24036
0.153 3.442 24048
0.153 3.442 24060
0.156 3.451 24072
0.153 3.448 24084
0.153 3.454 24096
0.157 3.463 24108
0.157 3.463 24120
0.153 3.460 24132
0.153 3.460 24144
0.153 3.466 24156
0.157 3.463 24168
0.156 3.463 24180
0.156 3.463 24192
0.153 3.471 24204
0.153 3.471 24216
0.153 3.477 24228
0.157 3.463 24240
0.153 3.480 24252
0.153 3.483 24264
0.153 3.483 24276
0.153 3.483 24288
0.157 3.486 24300
0.157 3.486 24312
0.157 3.486 24324
0.153 3.495 24336
0.153 3.501 24348
0.153 3.495 24360
0.157 3.509 24372
0.153 3.506 24384
0.153 3.506 24396
0.153 3.506 24408
0.153 3.504 24420
0.153 3.512 24432
0.153 3.512 24444
0.157 3.521 24456
0.153 3.512 24468
0.153 3.518 24480
0.154 3.524 24492
0.153 3.530 24504
0.153 3.527 24516
0.156 3.533 24528
0.153 3.530 24540
0.153 3.536 24552
0.157 3.533 24564
0.153 3.536 24576
0.156 3.533 24588
0.153 3.536 24600
0.153 3.541 24612
0.153 3.541 24624
0.157 3.556 24636
0.153 3.550 24648
0.156 3.556 24660
0.153 3.553 24672
0.153 3.553 24684
0.153 3.559 24696
0.153 3.559 24708
0.153 3.559 24720
0.156 3.556 24732
0.153 3.571 24744
0.153 3.571 24756
0.153 3.571 24768
0.154 3.585 24780
0.156 3.579 24792
0.153 3.576 24804
0.153 3.576 24816
0.153 3.582 24828
0.153 3.582 24840
0.153 3.582 24852
0.153 3.588 24864
0.157 3.591 24876
0.153 3.594 24888
0.153 3.594 24900
0.156 3.603 24912
0.157 3.603 24924
0.153 3.600 24936
0.153 3.600 24948
0.153 3.597 24960
0.153 3.606 24972
0.153 3.606 24984
0.153 3.606 24996
0.157 3.614 25008
0.153 3.611 25020
0.153 3.617 25032
0.153 3.623 25044
0.156 3.626 25056
0.153 3.623 25068
0.153 3.623 25080
0.153 3.623 25092
0.153 3.629 25104
0.157 3.626 25116
0.153 3.629 25128
0.153 3.629 25140
0.157 3.638 25152
0.153 3.641 25164
0.153 3.641 25176
0.157 3.649 25188
0.153 3.644 25200
0.153 3.646 25212
0.153 3.646 25224
0.157 3.649 25236
0.153 3.652 25248
0.153 3.652 25260
0.153 3.652 25272
0.153 3.652 25284
0.157 3.649 25296
0.153 3.658 25308
0.153 3.667 25320
0.153 3.670 25332
0.153 3.670 25344
0.153 3.670 25356
0.153 3.670 25368
0.157 3.673 25380
0.156 3.673 25392
0.153 3.676 25404
0.153 3.681 25416
0.153 3.676 25428
0.153 3.681 25440
0.153 3.690 25452
0.156 3.684 25464
0.153 3.693 25476
0.153 3.693 25488
0.153 3.693 25500
0.157 3.696 25512
0.153 3.693 25524
0.156 3.696 25536
0.153 3.699 25548
0.153 3.699 25560
0.156 3.708 25572
0.157 3.708 25584
0.153 3.711 25596
0.153 3.714 25608
0.153 3.714 25620
0.156 3.719 25632
0.157 3.719 25644
0.153 3.716 25656
0.153 3.722 25668
0.153 3.722 25680
0.153 3.722 25692
0.153 3.722 25704
0.156 3.719 25716
0.156 3.743 25728
0.153 3.734 25740
0.154 3.737 25752
0.153 3.740 25764
0.153 3.740 25776
0.153 3.740 25788
0.156 3.743 25800
0.157 3.743 25812
0.153 3.746 25824
0.153 3.746 25836
0.156 3.743 25848
0.153 3.746 25860
0.154 3.757 25872
0.153 3.757 25884
0.153 3.757 25896
0.153 3.763 25908
0.153 3.760 25920
0.157 3.766 25932
0.153 3.763 25944
0.157 3.766 25956
0.153 3.769 25968
0.153 3.769 25980
0.156 3.766 25992
0.153 3.781 26004
0.153 3.775 26016
0.157 3.789 26028
0.153 3.781 26040
0.153 3.786 26052
0.153 3.786 26064
0.157 3.789 26076
0.153 3.792 26088
0.153 3.792 26100
0.157 3.789 26112
0.153 3.792 26124
0.156 3.801 26136
0.156 3.789 26148
0.153 3.792 26160
0.156 3.813 26172
0.153 3.804 26184
0.153 3.807 26196
0.153 3.810 26208
0.156 3.813 26220
0.153 3.810 26232
0.157 3.813 26244
0.153 3.816 26256
0.157 3.813 26268
0.153 3.816 26280
0.154 3.816 26292
0.153 3.816 26304
0.153 3.821 26316
0.153 3.821 26328
0.153 3.827 26340
0.157 3.836 26352
0.153 3.833 26364
0.157 3.836 26376
0.154 3.833 26388
0.153 3.833 26400
0.156 3.836 26412
0.153 3.839 26424
0.157 3.836 26436
0.153 3.839 26448
0.153 3.839 26460
0.157 3.836 26472
0.153 3.845 26484
0.153 3.851 26496
0.153 3.854 26508
0.153 3.856 26520
0.157 3.859 26532
0.153 3.859 26544
0.157 3.859 26556
0.153 3.856 26568
0.153 3.862 26580
0.153 3.862 26592
0.153 3.862 26604
0.156 3.859 26616
0.153 3.868 26628
0.153 3.868 26640
0.157 3.883 26652
0.153 3.877 26664
0.153 3.880 26676
0.153 3.880 26688
0.153 3.880 26700
0.157 3.883 26712
0.153 3.886 26724
0.154 3.886 26736
0.153 3.886 26748
0.153 3.886 26760
0.157 3.894 26772
0.157 3.894 26784
0.153 3.891 26796
0.153 3.891 26808
0.153 3.891 26820
0.157 3.906 26832
-0.154 3.716 26845
-0.149 3.696 26857
-0.152 3.670 26869
-0.152 3.629 26881
-0.153 3.620 26893
-0.148 3.614 26905
-0.153 3.600 26917
-0.153 3.588 26929
-0.153 3.571 26941
-0.149 3.556 26953
-0.153 3.553 26965
-0.153 3.547 26977
-0.148 3.533 26989
-0.153 3.527 27001
-0.153 3.512 27013
-0.153 3.512 27025
-0.153 3.506 27037
-0.151 3.504 27049
-0.153 3.489 27061
-0.152 3.483 27073
-0.149 3.486 27085
-0.153 3.471 27097
-0.152 3.466 27109
-0.153 3.460 27121
-0.153 3.457 27133
-0.153 3.448 27145
-0.153 3.448 27157
-0.153 3.442 27169
-0.149 3.439 27181
-0.153 3.434 27193
-0.152 3.419 27205
-0.153 3.419 27217
-0.152 3.419 27229
-0.153 3.413 27241
-0.152 3.407 27253
-0.149 3.416 27265
-0.152 3.401 27277
-0.152 3.396 27289
-0.153 3.390 27301
-0.152 3.387 27313
-0.153 3.384 27325
-0.153 3.378 27337
-0.151 3.372 27349
-0.152 3.372 27361
-0.153 3.366 27373
-0.151 3.366 27385
-0.153 3.355 27397
-0.152 3.355 27409
-0.152 3.349 27421
-0.149 3.346 27433
-0.152 3.343 27445
-0.153 3.337 27457
-0.153 3.337 27469
-0.152 3.326 27481
-0.149 3.323 27493
-0.153 3.320 27505
-0.151 3.320 27517
-0.151 3.320 27529
-0.153 3.308 27541
-0.149 3.299 27553
-0.153 3.302 27565
-0.148 3.299 27577
-0.149 3.299 27589
-0.148 3.276 27601
-0.149 3.276 27613
-0.152 3.285 27625
-0.152 3.279 27637
-0.148 3.276 27649
-0.148 3.276 27661
-0.149 3.276 27673
-0.153 3.267 27685
-0.153 3.261 27697
-0.153 3.261 27709
-0.153 3.256 27721
-0.153 3.250 27733
-0.148 3.253 27745
-0.149 3.253 27757
-0.153 3.244 27769
-0.153 3.232 27781
-0.152 3.232 27793
-0.153 3.226 27805
-0.152 3.226 27817
-0.152 3.226 27829
-0.153 3.215 27841
-0.152 3.215 27853
-0.148 3.206 27865
-0.153 3.209 27877
-0.152 3.209 27889
-0.149 3.206 27901
-0.152 3.200 27913
-0.149 3.183 27925
-0.153 3.186 27937
-0.148 3.183 27949
-0.149 3.183 27961
-0.152 3.180 27973
-0.153 3.180 27985
-0.152 3.177 27997
-0.152 3.168 28009
-0.153 3.162 28021
-0.149 3.159 28033
-0.153 3.156 28045
-0.152 3.156 28057
-0.148 3.159 28069
-0.153 3.145 28081
-0.153 3.139 28093
-0.149 3.148 28105
-0.149 3.148 28117
-0.148 3.136 28129
-0.152 3.133 28141
-0.152 3.130 28153
-0.153 3.121 28165
-0.152 3.121 28177
-0.153 3.116 28189
-0.149 3.113 28201
-0.149 3.113 28213
-0.148 3.113 28225
-0.153 3.104 28237
-0.149 3.089 28249
-0.153 3.092 28261
-0.152 3.092 28273
-0.152 3.092 28285
-0.152 3.086 28297
-0.151 3.086 28309
-0.152 3.084 28321
-0.151 3.081 28333
-0.148 3.089 28345
-0.153 3.069 28357
-0.153 3.063 28369
-0.152 3.063 28381
-0.152 3.063 28393
-0.151 3.060 28405
-0.149 3.054 28417
-0.152 3.051 28429
-0.149 3.043 28441
-0.151 3.046 28453
-0.151 3.040 28465
-0.152 3.040 28477
-0.151 3.040 28489
-0.148 3.043 28501
-0.148 3.031 28513
-0.149 3.019 28525
-0.149 3.019 28537
-0.149 3.019 28549
-0.152 3.016 28561
-0.148 3.019 28573
-0.153 3.011 28585
-0.153 2.999 28597
-0.152 2.999 28609
-0.148 2.996 28621
-0.152 2.993 28633
-0.152 2.993 28645
-0.153 2.981 28657
-0.153 2.981 28669
-0.153 2.976 28681
-0.152 2.976 28693
-0.153 2.970 28705
-0.152 2.970 28717
-0.153 2.970 28729
-0.151 2.964 28741
-0.152 2.958 28753
-0.151 2.952 28765
-0.149 2.949 28777
-0.153 2.952 28789
-0.152 2.946 28801
-0.152 2.944 28813
-0.153 2.941 28825
-0.152 2.935 28837
-0.153 2.929 28849
-0.148 2.926 28861
-0.151 2.929 28873
-0.152 2.923 28885
-0.152 2.923 28897
-0.151 2.920 28909
-0.153 2.906 28921
-0.149 2.903 28933
-0.152 2.906 28945
-0.152 2.906 28957
-0.149 2.903 28969
