  
  
  
  
  
0.899 0.142 58
0.892 -0.161 146
0.904 -0.103 235
0.903 -0.114 324
0.906 -0.114 413
0.904 -0.126 502
0.903 -0.138 591
0.903 -0.138 680
0.903 -0.138 769
0.903 -0.138 858
0.903 -0.138 947
0.903 -0.138 1036
0.903 -0.138 1125
0.903 -0.138 1214
0.903 -0.138 1303
0.903 -0.138 1392
0.903 -0.138 1481
0.903 -0.138 1570
0.903 -0.138 1659
0.903 -0.138 1748
0.903 -0.138 1837
0.903 -0.138 1926
0.903 -0.138 2015
0.903 -0.138 2104
0.903 -0.126 2193
0.903 -0.126 2282
0.903 -0.126 2371
0.903 -0.126 2460
0.903 -0.126 2549
0.904 -0.120 2638
0.903 -0.126 2727
0.903 -0.114 2816
0.903 -0.114 2905
0.903 -0.114 2994
0.903 -0.114 3083
0.903 -0.114 3172
0.903 -0.114 3261
0.903 -0.114 3350
0.903 -0.114 3439
0.903 -0.114 3528
0.903 -0.114 3617
0.903 -0.103 3706
0.903 -0.103 3795
0.904 -0.103 3884
0.904 -0.103 3973
0.904 -0.103 4062
0.904 -0.103 4151
0.903 -0.097 4240
0.903 -0.103 4329
0.903 -0.091 4418
0.903 -0.091 4507
0.903 -0.091 4596
0.904 -0.091 4685
0.903 -0.091 4774
0.904 -0.091 4863
0.903 -0.091 4952
0.903 -0.091 5041
0.903 -0.091 5130
0.904 -0.091 5219
0.903 -0.091 5308
0.903 -0.091 5397
0.904 -0.091 5486
0.903 -0.079 5575
0.903 -0.079 5664
0.903 -0.079 5753
0.903 -0.073 5842
0.904 -0.068 5931
0.903 -0.073 6020
0.904 -0.068 6109
0.903 -0.073 6198
0.903 -0.068 6287
0.903 -0.068 6376
0.903 -0.068 6465
0.904 -0.068 6554
0.903 -0.068 6643
0.904 -0.062 6732
0.904 -0.059 6821
0.904 -0.056 6910
0.903 -0.056 6999
0.903 -0.056 7088
0.903 -0.056 7177
0.903 -0.056 7266
0.904 -0.056 7355
0.903 -0.056 7444
0.907 -0.053 7533
0.903 -0.044 7622
0.904 -0.044 7711
0.903 -0.044 7800
0.904 -0.044 7889
0.903 -0.044 7978
0.904 -0.044 8067
0.904 -0.044 8156
0.903 -0.044 8245
0.903 -0.044 8334
0.904 -0.044 8423
0.904 -0.044 8512
0.904 -0.033 8601
0.904 -0.033 8690
0.903 -0.033 8779
0.904 -0.033 8868
0.904 -0.033 8957
0.904 -0.027 9046
0.904 -0.027 9135
0.904 -0.021 9224
0.904 -0.021 9313
0.904 -0.021 9402
0.905 -0.021 9491
0.904 -0.021 9580
0.904 -0.021 9669
0.903 -0.015 9758
0.903 -0.015 9847
0.904 -0.009 9936
0.903 -0.009 10025
0.903 -0.015 10114
0.904 -0.009 10203
0.903 -0.009 10292
0.904 -0.009 10381
0.903 -0.009 10470
0.904 -0.009 10559
0.904 -0.009 10648
0.904 -0.003 10737
0.904 -0.001 10826
0.904 0.002 10915
0.904 0.002 11004
0.904 0.002 11093
0.904 0.002 11182
0.904 0.002 11271
0.905 0.002 11360
0.904 0.002 11449
0.904 0.002 11538
0.904 0.002 11627
0.904 0.002 11716
0.904 0.002 11805
0.904 0.014 11894
0.904 0.014 11983
0.904 0.014 12072
0.904 0.014 12161
0.904 0.020 12250
0.904 0.014 12339
0.904 0.020 12428
0.903 0.020 12517
0.904 0.026 12606
0.904 0.026 12695
0.905 0.026 12784
0.904 0.026 12873
0.904 0.026 12962
0.904 0.026 13051
0.904 0.037 13140
0.904 0.026 13229
0.904 0.032 13318
0.904 0.037 13407
0.904 0.037 13496
0.903 0.037 13585
0.904 0.037 13674
0.905 0.043 13763
0.907 0.040 13852
0.903 0.043 13941
0.904 0.049 14030
0.903 0.049 14119
0.905 0.049 14208
0.907 0.046 14297
0.904 0.049 14386
0.904 0.049 14475
0.905 0.049 14564
0.906 0.049 14653
0.904 0.061 14742
0.905 0.049 14831
0.904 0.061 14920
0.905 0.061 15009
0.905 0.061 15098
0.905 0.067 15187
0.904 0.067 15276
0.905 0.067 15365
0.904 0.061 15454
0.904 0.067 15543
0.905 0.072 15632
0.904 0.072 15721
0.904 0.072 15810
0.904 0.072 15899
0.904 0.072 15988
0.904 0.072 16077
0.905 0.078 16166
0.906 0.078 16255
0.904 0.084 16344
0.904 0.084 16433
0.904 0.084 16522
0.905 0.084 16611
0.904 0.084 16700
0.904 0.090 16789
0.904 0.090 16878
0.905 0.090 16967
0.906 0.090 17056
0.904 0.096 17145
0.905 0.096 17234
0.906 0.096 17323
0.905 0.096 17412
0.904 0.096 17501
0.904 0.096 17590
0.904 0.096 17679
0.905 0.096 17768
0.904 0.096 17857
0.904 0.096 17946
0.904 0.096 18035
0.904 0.107 18124
0.906 0.107 18213
0.905 0.107 18302
0.906 0.107 18391
0.904 0.113 18480
0.904 0.107 18569
0.904 0.119 18658
0.905 0.119 18747
0.904 0.119 18836
0.904 0.119 18925
0.904 0.119 19014
0.905 0.119 19103
0.904 0.119 19192
0.905 0.119 19281
0.905 0.119 19370
0.905 0.125 19459
0.905 0.131 19548
0.906 0.131 19637
0.904 0.131 19726
0.906 0.131 19815
0.905 0.131 19904
0.905 0.131 19993
0.906 0.137 20082
0.905 0.137 20171
0.904 0.142 20260
0.906 0.142 20349
0.904 0.142 20438
0.905 0.142 20527
0.904 0.142 20616
0.907 0.139 20705
0.907 0.145 20794
0.904 0.142 20883
0.904 0.142 20972
0.906 0.154 21061
0.906 0.154 21150
0.907 0.154 21239
0.907 0.160 21328
0.906 0.166 21417
0.905 0.160 21506
0.904 0.160 21595
0.904 0.160 21684
0.904 0.154 21773
0.904 0.154 21862
0.904 0.166 21951
0.906 0.166 22040
0.904 0.166 22129
0.905 0.166 22218
0.906 0.166 22307
0.904 0.172 22396
0.905 0.177 22485
0.904 0.177 22574
0.905 0.177 22663
0.906 0.177 22752
0.906 0.177 22841
0.906 0.177 22930
0.906 0.177 23019
0.904 0.177 23108
0.904 0.177 23197
0.904 0.177 23286
0.904 0.183 23375
0.905 0.177 23464
0.906 0.183 23553
0.906 0.189 23642
0.906 0.189 23731
0.906 0.189 23820
0.905 0.189 23909
0.905 0.189 23998
0.905 0.189 24087
0.905 0.189 24176
0.906 0.201 24265
0.906 0.201 24354
0.905 0.201 24443
0.906 0.201 24532
0.906 0.201 24621
0.905 0.207 24710
0.906 0.207 24799
0.906 0.207 24888
0.906 0.212 24977
0.906 0.212 25066
0.906 0.212 25155
0.906 0.212 25244
0.905 0.212 25333
0.906 0.212 25422
0.906 0.212 25511
0.906 0.212 25600
0.906 0.224 25689
0.906 0.221 25778
0.906 0.224 25867
0.906 0.224 25956
0.906 0.224 26045
0.905 0.224 26134
0.906 0.224 26223
0.906 0.224 26312
0.906 0.230 26401
0.905 0.236 26490
0.906 0.236 26579
0.906 0.236 26668
0.905 0.236 26757
0.906 0.236 26846
0.906 0.236 26935
0.908 0.239 27024
0.906 0.236 27113
0.908 0.250 27202
0.905 0.236 27291
0.906 0.236 27380
0.906 0.236 27469
0.908 0.250 27558
0.905 0.247 27647
0.907 0.256 27736
0.906 0.259 27825
0.905 0.247 27914
0.905 0.253 28003
0.906 0.259 28092
0.906 0.259 28181
0.906 0.259 28270
0.904 0.259 28359
0.906 0.259 28448
0.906 0.259 28537
0.905 0.265 28626
0.906 0.265 28715
0.907 0.271 28804
0.906 0.271 28893
0.905 0.265 28982
0.906 0.271 29071
0.906 0.271 29160
0.906 0.271 29249
0.906 0.271 29338
0.905 0.271 29427
0.906 0.282 29516
0.906 0.282 29605
0.907 0.282 29694
0.905 0.282 29783
0.906 0.277 29872
0.906 0.282 29961
0.906 0.282 30050
0.907 0.300 30139
0.906 0.282 30228
0.906 0.282 30317
0.905 0.282 30406
0.905 0.294 30495
0.904 0.282 30584
0.904 0.294 30673
0.903 0.282 30762
0.902 0.294 30851
0.903 0.294 30940
0.904 0.300 31029
0.903 0.300 31118
0.903 0.306 31207
0.904 0.306 31296
0.903 0.306 31385
0.903 0.306 31474
0.903 0.306 31563
0.903 0.306 31652
0.903 0.306 31741
0.904 0.312 31830
0.904 0.312 31919
0.903 0.306 32008
0.932 0.364 32097
0.910 0.329 32186
0.057 0.487 32275
-0.930 0.536 32364
0.051 0.492 32453
0.047 0.492 32542
0.045 0.492 32631
0.053 0.495 32720
0.051 0.507 32809
0.045 0.492 32898
0.052 0.495 32987
0.049 0.492 33076
0.070 0.501 33165
0.065 0.507 33254
0.061 0.504 33343
0.070 0.504 33432
0.063 0.495 33521
0.061 0.504 33610
0.074 0.507 33699
0.064 0.510 33788
0.059 0.510 33877
0.070 0.516 33966
0.062 0.516 34055
0.060 0.519 34144
0.067 0.516 34233
0.061 0.516 34322
0.057 0.516 34411
0.068 0.516 34500
0.062 0.516 34589
0.057 0.516 34678
0.055 0.527 34767
0.063 0.527 34856
0.057 0.527 34945
0.054 0.527 35034
0.062 0.527 35123
0.056 0.527 35212
0.053 0.533 35301
0.064 0.539 35390
0.060 0.536 35479
0.055 0.539 35568
0.062 0.539 35657
0.057 0.539 35746
0.056 0.542 35835
0.061 0.539 35924
0.056 0.545 36013
0.053 0.545 36102
0.060 0.551 36191
0.057 0.551 36280
0.055 0.554 36369
0.062 0.554 36458
0.055 0.551 36547
0.054 0.554 36636
0.060 0.562 36725
0.057 0.565 36814
0.052 0.551 36903
0.049 0.562 36992
0.057 0.559 37081
0.053 0.557 37170
0.052 0.559 37259
0.059 0.559 37348
0.055 0.559 37437
0.052 0.565 37526
0.059 0.565 37615
0.054 0.577 37704
0.050 0.562 37793
0.055 0.562 37882
0.053 0.577 37971
0.051 0.562 38060
0.056 0.574 38149
0.055 0.577 38238
0.049 0.574 38327
0.055 0.574 38416
0.052 0.574 38505
0.049 0.586 38594
0.055 0.586 38683
0.053 0.589 38772
0.048 0.586 38861
0.055 0.586 38950
0.053 0.589 39039
0.045 0.589 39128
0.051 0.586 39217
0.047 0.586 39306
0.045 0.586 39395
0.045 0.600 39484
0.064 0.597 39573
0.063 0.600 39662
0.074 0.600 39751
0.052 0.597 39840
0.058 0.597 39929
0.075 0.597 40018
0.068 0.600 40107
0.061 0.597 40196
0.072 0.600 40285
0.064 0.600 40374
0.061 0.606 40463
0.070 0.606 40552
0.063 0.606 40641
0.062 0.606 40730
0.072 0.624 40819
0.064 0.624 40908
0.059 0.609 40997
0.068 0.609 41086
0.062 0.621 41175
0.058 0.621 41264
0.066 0.627 41353
0.060 0.621 41442
0.057 0.621 41531
0.055 0.621 41620
0.064 0.621 41709
0.059 0.627 41798
0.057 0.629 41887
0.063 0.632 41976
0.059 0.629 42065
0.057 0.629 42154
0.062 0.632 42243
0.057 0.632 42332
0.055 0.632 42421
0.065 0.647 42510
0.059 0.647 42599
0.055 0.644 42688
0.063 0.647 42777
0.059 0.647 42866
0.053 0.644 42955
0.062 0.647 43044
0.057 0.647 43133
0.053 0.653 43222
0.061 0.647 43311
0.057 0.647 43400
0.053 0.650 43489
0.060 0.656 43578
0.056 0.656 43667
0.052 0.656 43756
0.059 0.656 43845
0.057 0.659 43934
0.052 0.656 44023
0.050 0.656 44112
0.057 0.670 44201
0.055 0.670 44290
0.052 0.656 44379
0.059 0.667 44468
0.055 0.670 44557
0.051 0.667 44646
0.057 0.670 44735
0.054 0.670 44824
0.053 0.670 44913
0.056 0.679 45002
0.052 0.679 45091
0.053 0.682 45180
0.057 0.679 45269
0.054 0.682 45358
0.050 0.679 45447
0.055 0.679 45536
0.053 0.694 45625
0.049 0.679 45714
0.055 0.679 45803
0.057 0.691 45892
0.077 0.691 45981
0.056 0.691 46070
0.053 0.694 46159
0.050 0.691 46248
0.072 0.691 46337
0.070 0.699 46426
0.064 0.699 46515
0.072 0.702 46604
0.065 0.702 46693
0.061 0.702 46782
0.070 0.702 46871
0.068 0.702 46960
0.064 0.717 47049
0.074 0.717 47138
0.065 0.702 47227
0.062 0.702 47316
0.070 0.702 47405
0.063 0.702 47494
0.059 0.714 47583
0.068 0.714 47672
0.061 0.714 47761
0.060 0.720 47850
0.070 0.723 47939
0.062 0.720 48028
0.061 0.717 48117
0.066 0.726 48206
0.061 0.726 48295
0.057 0.726 48384
0.065 0.726 48473
0.062 0.723 48562
0.057 0.732 48651
0.057 0.740 48740
0.064 0.737 48829
0.061 0.740 48918
0.057 0.740 49007
0.065 0.740 49096
0.061 0.740 49185
0.057 0.740 49274
0.064 0.740 49363
0.059 0.746 49452
0.055 0.743 49541
0.064 0.749 49630
0.061 0.746 49719
0.057 0.746 49808
0.062 0.749 49897
0.057 0.749 49986
0.057 0.752 50075
0.062 0.749 50164
0.059 0.764 50253
0.053 0.749 50342
0.060 0.749 50431
0.057 0.749 50520
0.057 0.764 50609
0.061 0.761 50698
0.056 0.761 50787
0.054 0.767 50876
0.052 0.769 50965
0.059 0.764 51054
0.054 0.769 51143
0.052 0.764 51232
0.059 0.769 51321
0.055 0.772 51410
0.053 0.772 51499
0.061 0.775 51588
0.055 0.772 51677
0.053 0.772 51766
0.059 0.787 51855
0.054 0.778 51944
0.051 0.784 52033
0.057 0.784 52122
0.055 0.787 52211
0.052 0.784 52300
0.057 0.784 52389
0.053 0.790 52478
0.052 0.793 52567
0.058 0.793 52656
0.067 0.796 52745
0.079 0.796 52834
0.071 0.793 52923
0.065 0.796 53012
0.063 0.796 53101
0.077 0.796 53190
0.070 0.810 53279
0.065 0.796 53368
0.076 0.810 53457
0.066 0.796 53546
0.064 0.796 53635
0.072 0.807 53724
0.065 0.807 53813
0.062 0.807 53902
0.070 0.813 53991
0.068 0.810 54080
0.065 0.810 54169
0.071 0.819 54258
0.064 0.819 54347
0.062 0.819 54436
0.070 0.819 54525
0.063 0.819 54614
0.060 0.825 54703
0.068 0.819 54792
0.064 0.834 54881
0.063 0.834 54970
0.068 0.831 55059
0.063 0.831 55148
0.060 0.831 55237
0.069 0.834 55326
0.063 0.834 55415
0.060 0.842 55504
0.057 0.834 55593
0.063 0.837 55682
0.060 0.842 55771
