  
  
0.000 0.000 1
0.903 0.758 52
0.903 0.758 104
0.903 0.758 156
0.903 0.758 208
0.903 0.758 260
0.906 0.740 312
0.903 0.758 364
0.903 0.758 416
0.903 0.758 468
0.903 0.758 520
0.906 0.746 572
0.903 0.758 624
0.903 0.758 676
0.903 0.758 728
0.903 0.758 780
0.905 0.740 832
0.903 0.743 884
0.903 0.758 936
0.903 0.758 988
0.903 0.758 1040
0.903 0.743 1092
0.903 0.758 1144
0.906 0.740 1196
0.903 0.743 1248
0.903 0.758 1300
0.903 0.743 1352
0.903 0.758 1404
0.905 0.746 1456
0.903 0.758 1508
0.905 0.746 1560
0.906 0.746 1612
0.903 0.758 1664
0.906 0.746 1716
0.903 0.758 1768
0.906 0.746 1820
0.903 0.758 1872
0.903 0.758 1924
0.906 0.746 1976
0.903 0.758 2028
0.905 0.740 2080
0.903 0.758 2132
0.903 0.758 2184
0.906 0.746 2236
0.903 0.758 2288
0.906 0.746 2340
0.903 0.758 2392
0.903 0.758 2444
0.906 0.746 2496
0.903 0.758 2548
0.906 0.746 2600
0.903 0.758 2652
0.903 0.758 2704
  
  
