  
  
0.000 0.000 1
0.904 1.694 52
0.902 1.711 104
0.904 1.711 156
0.902 1.711 208
0.902 1.711 260
0.902 1.711 312
0.902 1.723 364
0.904 1.720 416
0.904 1.720 468
0.904 1.720 520
0.902 1.723 572
0.904 1.735 624
0.902 1.735 676
0.902 1.735 728
0.902 1.735 780
0.904 1.735 832
0.902 1.735 884
0.902 1.735 936
0.902 1.740 988
0.902 1.740 1040
0.902 1.746 1092
0.904 1.746 1144
0.902 1.758 1196
0.902 1.758 1248
0.902 1.758 1300
0.902 1.758 1352
0.902 1.758 1404
0.902 1.758 1456
0.902 1.758 1508
0.902 1.764 1560
0.902 1.764 1612
0.902 1.764 1664
0.902 1.764 1716
0.902 1.781 1768
0.902 1.781 1820
0.902 1.781 1872
0.902 1.781 1924
0.902 1.781 1976
0.902 1.781 2028
0.902 1.781 2080
0.902 1.781 2132
0.902 1.784 2184
0.904 1.790 2236
0.902 1.793 2288
0.904 1.790 2340
0.902 1.793 2392
0.902 1.805 2444
0.902 1.805 2496
0.904 1.805 2548
0.902 1.805 2600
0.906 1.793 2652
0.902 1.816 2704
0.902 1.816 2756
0.906 1.799 2808
0.902 1.816 2860
0.904 1.813 2912
0.902 1.828 2964
0.902 1.828 3016
0.902 1.828 3068
0.902 1.828 3120
0.902 1.828 3172
0.902 1.828 3224
0.902 1.828 3276
0.902 1.828 3328
0.902 1.828 3380
0.904 1.828 3432
0.902 1.840 3484
0.904 1.837 3536
0.902 1.834 3588
0.904 1.837 3640
0.902 1.851 3692
0.902 1.851 3744
0.902 1.851 3796
0.902 1.851 3848
0.904 1.848 3900
0.902 1.851 3952
0.902 1.851 4004
0.902 1.851 4056
0.902 1.851 4108
0.904 1.860 4160
0.902 1.875 4212
0.902 1.875 4264
0.902 1.875 4316
0.902 1.875 4368
0.902 1.875 4420
0.902 1.875 4472
0.902 1.875 4524
0.902 1.875 4576
0.902 1.875 4628
0.902 1.875 4680
0.904 1.886 4732
0.902 1.875 4784
0.902 1.880 4836
0.902 1.886 4888
0.906 1.880 4940
0.902 1.898 4992
0.902 1.898 5044
0.906 1.907 5096
0.904 1.895 5148
0.904 1.895 5200
0.902 1.898 5252
0.902 1.898 5304
0.902 1.910 5356
0.902 1.910 5408
0.904 1.907 5460
0.904 1.921 5512
0.902 1.921 5564
0.902 1.921 5616
0.902 1.921 5668
0.902 1.898 5720
0.902 1.921 5772
0.902 1.921 5824
0.902 1.921 5876
0.902 1.921 5928
0.902 1.921 5980
0.905 1.930 6032
0.903 1.930 6084
0.905 1.910 6136
0.905 1.915 6188
0.905 1.915 6240
0.902 1.930 6292
0.902 1.933 6344
0.902 1.945 6396
0.902 1.945 6448
0.902 1.945 6500
0.902 1.945 6552
0.902 1.945 6604
0.902 1.945 6656
0.902 1.945 6708
0.902 1.945 6760
0.902 1.945 6812
0.902 1.950 6864
0.906 1.942 6916
0.902 1.968 6968
0.904 1.965 7020
0.906 1.950 7072
0.902 1.968 7124
0.906 1.950 7176
0.902 1.968 7228
0.903 1.965 7280
0.902 1.968 7332
0.905 1.977 7384
0.906 1.962 7436
0.904 1.974 7488
0.902 1.968 7540
0.902 1.980 7592
0.902 1.974 7644
0.902 1.974 7696
0.902 1.974 7748
0.902 1.991 7800
0.902 1.980 7852
0.898 1.980 7904
0.733 2.003 7956
0.805 1.991 8008
0.757 1.980 8060
0.669 2.003 8112
0.463 2.003 8164
0.533 2.003 8216
0.906 1.985 8268
0.904 2.000 8320
0.904 2.000 8372
0.902 2.000 8424
0.902 2.003 8476
0.906 2.003 8528
0.907 2.003 8580
0.905 2.012 8632
0.904 2.000 8684
0.902 2.015 8736
0.907 2.009 8788
0.905 2.012 8840
0.905 2.012 8892
0.905 2.012 8944
0.905 2.038 8996
0.908 2.012 9048
0.906 2.026 9100
0.903 2.020 9152
0.620 2.026 9204
0.907 2.003 9256
0.906 2.009 9308
0.907 2.020 9360
0.905 2.023 9412
0.907 2.032 9464
0.907 2.026 9516
0.905 2.038 9568
0.907 2.032 9620
0.881 2.047 9672
0.900 2.044 9724
0.898 2.047 9776
0.902 2.044 9828
0.902 2.061 9880
0.902 2.061 9932
0.905 2.061 9984
0.902 2.061 10036
0.904 2.061 10088
0.904 2.061 10140
0.905 2.058 10192
0.898 2.050 10244
0.907 2.050 10296
0.897 2.061 10348
0.907 2.055 10400
0.898 2.055 10452
0.909 2.055 10504
0.902 2.055 10556
0.906 2.073 10608
0.902 2.055 10660
0.595 2.088 10712
0.375 2.082 10764
0.460 2.108 10816
0.411 2.093 10868
0.448 2.093 10920
0.355 2.108 10972
0.381 2.108 11024
0.754 2.096 11076
0.853 2.085 11128
0.499 2.096 11180
0.437 2.108 11232
0.383 2.108 11284
0.455 2.108 11336
0.354 2.102 11388
0.413 2.108 11440
0.289 2.120 11492
0.367 2.114 11544
0.386 2.117 11596
0.288 2.131 11648
0.345 2.131 11700
0.265 2.131 11752
0.902 2.108 11804
0.907 2.096 11856
0.905 2.108 11908
0.907 2.096 11960
0.680 2.117 12012
0.509 2.120 12064
0.604 2.131 12116
0.473 2.131 12168
0.642 2.105 12220
0.517 2.131 12272
0.554 2.120 12324
0.475 2.137 12376
0.906 2.131 12428
0.908 2.125 12480
0.743 2.120 12532
0.652 2.131 12584
0.690 2.131 12636
0.646 2.137 12688
0.906 2.120 12740
0.906 2.114 12792
0.905 2.131 12844
0.896 2.120 12896
0.847 2.128 12948
0.901 2.120 13000
0.851 2.134 13052
0.915 2.125 13104
0.857 2.137 13156
0.915 2.137 13208
0.856 2.128 13260
0.914 2.140 13312
0.879 2.128 13364
0.914 2.128 13416
0.881 2.137 13468
0.913 2.137 13520
0.877 2.155 13572
0.880 2.137 13624
0.874 2.155 13676
0.879 2.143 13728
0.879 2.149 13780
0.877 2.155 13832
0.902 2.149 13884
0.875 2.163 13936
0.904 2.149 13988
0.881 2.166 14040
0.902 2.166 14092
0.864 2.160 14144
0.903 2.152 14196
0.864 2.160 14248
0.903 2.160 14300
0.855 2.178 14352
0.907 2.160 14404
0.856 2.175 14456
0.908 2.166 14508
0.860 2.172 14560
0.905 2.175 14612
0.883 2.190 14664
0.905 2.190 14716
0.886 2.172 14768
0.907 2.172 14820
0.881 2.190 14872
0.873 2.175 14924
0.881 2.201 14976
0.871 2.201 15028
0.883 2.190 15080
0.904 2.187 15132
0.906 2.190 15184
0.904 2.187 15236
0.904 2.198 15288
0.904 2.201 15340
0.904 2.201 15392
0.902 2.201 15444
0.906 2.195 15496
0.906 2.190 15548
0.906 2.195 15600
0.904 2.207 15652
0.904 2.207 15704
0.906 2.198 15756
0.906 2.198 15808
0.904 2.210 15860
0.906 2.207 15912
0.906 2.213 15964
0.902 2.225 16016
0.902 2.225 16068
0.904 2.225 16120
0.904 2.225 16172
0.904 2.225 16224
0.904 2.225 16276
0.902 2.225 16328
0.904 2.225 16380
0.902 2.225 16432
0.902 2.236 16484
0.906 2.219 16536
0.902 2.236 16588
0.906 2.222 16640
0.902 2.248 16692
0.906 2.222 16744
0.906 2.230 16796
0.906 2.230 16848
0.906 2.230 16900
0.904 2.245 16952
0.902 2.248 17004
0.902 2.248 17056
0.904 2.245 17108
0.902 2.248 17160
0.906 2.233 17212
0.904 2.245 17264
0.904 2.254 17316
0.904 2.254 17368
0.906 2.242 17420
0.904 2.257 17472
0.906 2.245 17524
0.906 2.245 17576
0.906 2.260 17628
0.906 2.260 17680
0.906 2.260 17732
0.902 2.271 17784
0.906 2.260 17836
0.906 2.260 17888
0.906 2.260 17940
0.904 2.268 17992
0.904 2.283 18044
0.902 2.283 18096
0.902 2.283 18148
0.906 2.265 18200
0.906 2.265 18252
0.906 2.265 18304
0.906 2.268 18356
0.902 2.295 18408
0.906 2.268 18460
0.904 2.280 18512
0.902 2.295 18564
0.902 2.295 18616
0.902 2.295 18668
0.906 2.283 18720
0.905 2.283 18772
0.906 2.289 18824
0.906 2.289 18876
0.906 2.289 18928
0.906 2.289 18980
0.904 2.292 19032
0.904 2.303 19084
0.906 2.289 19136
0.902 2.318 19188
0.906 2.292 19240
0.902 2.318 19292
0.906 2.292 19344
0.902 2.318 19396
0.906 2.300 19448
0.906 2.306 19500
0.902 2.318 19552
0.906 2.306 19604
0.902 2.318 19656
0.906 2.306 19708
0.902 2.318 19760
0.904 2.315 19812
0.906 2.312 19864
0.902 2.318 19916
0.906 2.312 19968
0.906 2.312 20020
0.904 2.324 20072
0.906 2.315 20124
0.902 2.324 20176
0.906 2.315 20228
0.904 2.341 20280
0.902 2.341 20332
0.902 2.341 20384
0.906 2.324 20436
0.906 2.324 20488
0.906 2.324 20540
0.904 2.338 20592
0.902 2.341 20644
0.907 2.327 20696
0.902 2.341 20748
0.906 2.335 20800
0.902 2.347 20852
0.906 2.335 20904
0.904 2.350 20956
0.902 2.347 21008
0.906 2.335 21060
0.904 2.350 21112
0.902 2.365 21164
0.906 2.338 21216
0.906 2.338 21268
0.904 2.365 21320
0.906 2.353 21372
0.906 2.353 21424
0.906 2.347 21476
0.906 2.353 21528
0.906 2.353 21580
0.906 2.353 21632
0.906 2.353 21684
0.906 2.359 21736
0.906 2.359 21788
0.906 2.359 21840
0.906 2.359 21892
0.906 2.359 21944
0.906 2.359 21996
0.906 2.362 22048
0.906 2.359 22100
0.906 2.362 22152
0.902 2.388 22204
0.902 2.388 22256
0.902 2.388 22308
0.906 2.376 22360
0.902 2.388 22412
0.902 2.388 22464
0.904 2.388 22516
0.904 2.388 22568
0.906 2.376 22620
0.904 2.385 22672
0.906 2.382 22724
0.906 2.382 22776
0.902 2.394 22828
0.905 2.376 22880
0.906 2.382 22932
0.906 2.382 22984
0.906 2.385 23036
0.902 2.411 23088
0.906 2.385 23140
0.904 2.397 23192
0.906 2.385 23244
0.906 2.394 23296
0.906 2.394 23348
0.905 2.385 23400
0.904 2.397 23452
0.906 2.400 23504
0.902 2.411 23556
0.906 2.400 23608
0.906 2.405 23660
0.907 2.400 23712
0.902 2.411 23764
0.906 2.405 23816
0.902 2.411 23868
0.906 2.405 23920
0.904 2.420 23972
0.902 2.417 24024
0.906 2.405 24076
0.902 2.417 24128
0.906 2.405 24180
0.904 2.420 24232
0.902 2.417 24284
0.906 2.417 24336
0.906 2.408 24388
0.902 2.420 24440
0.906 2.417 24492
0.904 2.432 24544
0.906 2.417 24596
0.904 2.432 24648
0.906 2.429 24700
0.906 2.423 24752
0.902 2.435 24804
0.904 2.435 24856
0.902 2.435 24908
0.906 2.429 24960
0.906 2.429 25012
0.902 2.440 25064
0.904 2.446 25116
0.904 2.446 25168
0.906 2.429 25220
0.906 2.432 25272
0.902 2.446 25324
0.906 2.440 25376
0.906 2.440 25428
0.906 2.440 25480
0.904 2.443 25532
0.906 2.446 25584
0.906 2.446 25636
0.906 2.446 25688
0.904 2.443 25740
0.904 2.443 25792
0.906 2.446 25844
0.906 2.446 25896
0.905 2.446 25948
0.905 2.446 26000
0.906 2.452 26052
0.902 2.458 26104
0.906 2.452 26156
0.906 2.452 26208
0.906 2.452 26260
0.906 2.452 26312
0.902 2.481 26364
0.904 2.481 26416
0.904 2.481 26468
0.906 2.452 26520
0.907 2.470 26572
0.907 2.470 26624
0.906 2.478 26676
0.906 2.481 26728
0.902 2.481 26780
0.905 2.490 26832
0.902 2.487 26884
0.906 2.475 26936
0.906 2.475 26988
0.906 2.475 27040
0.902 2.481 27092
0.904 2.478 27144
0.902 2.481 27196
0.905 2.470 27248
0.906 2.475 27300
0.905 2.475 27352
0.902 2.487 27404
0.906 2.475 27456
0.906 2.478 27508
0.906 2.478 27560
0.902 2.493 27612
0.906 2.478 27664
0.906 2.487 27716
0.906 2.478 27768
0.906 2.487 27820
0.902 2.505 27872
-0.867 2.490 27925
-0.866 2.490 27977
-0.865 2.475 28029
-0.864 2.470 28081
-0.864 2.455 28133
-0.865 2.452 28185
-0.866 2.467 28237
-0.864 2.446 28289
-0.865 2.432 28341
-0.864 2.429 28393
-0.865 2.423 28445
-0.864 2.429 28497
-0.864 2.417 28549
-0.866 2.420 28601
-0.865 2.405 28653
-0.864 2.400 28705
-0.865 2.400 28757
-0.866 2.397 28809
-0.867 2.397 28861
-0.864 2.382 28913
-0.867 2.385 28965
-0.865 2.376 29017
-0.865 2.362 29069
-0.867 2.373 29121
-0.865 2.359 29173
-0.864 2.353 29225
-0.866 2.350 29277
-0.864 2.353 29329
-0.864 2.338 29381
-0.865 2.335 29433
-0.865 2.335 29485
-0.865 2.327 29537
-0.867 2.338 29589
-0.867 2.327 29641
-0.865 2.312 29693
-0.865 2.312 29745
-0.867 2.303 29797
-0.865 2.306 29849
-0.864 2.300 29901
-0.864 2.292 29953
-0.866 2.303 30005
-0.867 2.298 30057
-0.866 2.292 30109
-0.864 2.283 30161
-0.866 2.280 30213
-0.864 2.283 30265
-0.867 2.280 30317
-0.864 2.265 30369
-0.867 2.268 30421
-0.865 2.260 30473
-0.867 2.257 30525
-0.865 2.245 30577
-0.865 2.233 30629
-0.867 2.257 30681
-0.864 2.233 30733
-0.864 2.230 30785
-0.865 2.230 30837
-0.865 2.230 30889
-0.866 2.233 30941
-0.866 2.228 30993
-0.867 2.222 31045
-0.866 2.222 31097
-0.867 2.210 31149
-0.866 2.210 31201
-0.865 2.198 31253
-0.865 2.195 31305
-0.866 2.198 31357
-0.865 2.190 31409
-0.866 2.198 31461
-0.867 2.187 31513
-0.867 2.187 31565
-0.865 2.172 31617
-0.865 2.172 31669
-0.867 2.175 31721
-0.865 2.166 31773
-0.864 2.160 31825
-0.864 2.160 31877
-0.866 2.163 31929
-0.864 2.149 31981
-0.864 2.149 32033
-0.866 2.152 32085
-0.864 2.143 32137
-0.866 2.152 32189
-0.864 2.137 32241
-0.865 2.128 32293
-0.866 2.140 32345
-0.864 2.125 32397
-0.865 2.120 32449
-0.867 2.117 32501
-0.865 2.114 32553
-0.865 2.105 32605
-0.865 2.102 32657
-0.865 2.102 32709
-0.867 2.105 32761
-0.864 2.096 32813
-0.865 2.096 32865
-0.867 2.093 32917
-0.865 2.096 32969
-0.866 2.093 33021
-0.867 2.093 33073
-0.864 2.079 33125
-0.866 2.082 33177
-0.864 2.073 33229
-0.864 2.073 33281
-0.864 2.067 33333
-0.865 2.058 33385
-0.864 2.055 33437
-0.866 2.058 33489
-0.866 2.058 33541
-0.864 2.050 33593
-0.866 2.053 33645
-0.867 2.047 33697
-0.866 2.047 33749
-0.867 2.035 33801
-0.866 2.026 33853
-0.866 2.020 33905
-0.867 2.023 33957
-0.867 2.023 34009
-0.868 2.023 34061
-0.938 2.023 34113
-0.936 2.026 34165
-0.936 2.012 34217
-0.936 2.020 34269
-0.935 2.012 34321
-0.935 2.012 34373
-0.936 2.023 34425
-0.937 2.018 34477
-0.935 2.009 34529
-0.935 2.003 34581
-0.936 2.003 34633
-0.937 2.000 34685
-0.935 2.003 34737
-0.937 2.003 34789
-0.935 1.985 34841
-0.936 1.985 34893
-0.935 1.980 34945
-0.935 1.980 34997
-0.937 1.991 35049
-0.937 1.991 35101
-0.937 1.977 35153
-0.937 1.980 35205
-0.937 1.968 35257
-0.937 1.965 35309
-0.935 1.950 35361
-0.911 1.953 35413
-0.881 1.933 35465
-0.873 1.930 35517
-0.868 1.930 35569
-0.864 1.915 35621
-0.865 1.915 35673
-0.866 1.921 35725
-0.866 1.918 35777
-0.866 1.921 35829
-0.865 1.910 35881
-0.865 1.895 35933
-0.866 1.910 35985
-0.864 1.892 36037
-0.864 1.892 36089
-0.866 1.898 36141
-0.864 1.886 36193
-0.864 1.880 36245
-0.866 1.883 36297
-0.866 1.898 36349
-0.866 1.883 36401
-0.866 1.883 36453
-0.866 1.875 36505
-0.866 1.872 36557
-0.865 1.857 36609
-0.865 1.857 36661
-0.867 1.860 36713
-0.866 1.860 36765
-0.865 1.845 36817
-0.864 1.845 36869
-0.864 1.845 36921
-0.866 1.848 36973
-0.866 1.837 37025
-0.866 1.851 37077
-0.866 1.840 37129
-0.866 1.837 37181
-0.866 1.825 37233
-0.866 1.828 37285
-0.866 1.825 37337
-0.866 1.828 37389
-0.866 1.828 37441
-0.866 1.813 37493
-0.865 1.799 37545
-0.866 1.802 37597
-0.865 1.799 37649
-0.866 1.805 37701
-0.866 1.790 37753
-0.866 1.805 37805
-0.866 1.790 37857
-0.865 1.805 37909
-0.866 1.793 37961
-0.865 1.775 38013
-0.866 1.781 38065
-0.867 1.778 38117
-0.866 1.781 38169
-0.866 1.781 38221
-0.866 1.767 38273
-0.866 1.767 38325
-0.866 1.764 38377
-0.866 1.764 38429
-0.866 1.758 38481
-0.866 1.755 38533
-0.866 1.758 38585
-0.867 1.743 38637
-0.865 1.732 38689
-0.865 1.729 38741
-0.864 1.729 38793
-0.866 1.735 38845
-0.866 1.735 38897
-0.864 1.723 38949
-0.866 1.720 39001
-0.865 1.720 39053
-0.865 1.732 39105
-0.865 1.708 39157
-0.865 1.705 39209
-0.867 1.711 39261
-0.865 1.700 39313
-0.865 1.700 39365
-0.867 1.697 39417
-0.866 1.711 39469
-0.866 1.694 39521
-0.867 1.697 39573
-0.867 1.688 39625
-0.867 1.688 39677
-0.867 1.685 39729
-0.865 1.670 39781
-0.866 1.679 39833
-0.866 1.673 39885
-0.867 1.670 39937
-0.866 1.670 39989
-0.865 1.659 40041
-0.867 1.662 40093
-0.866 1.665 40145
-0.867 1.665 40197
-0.864 1.647 40249
-0.866 1.665 40301
-0.865 1.635 40353
-0.866 1.647 40405
-0.863 1.638 40457
-0.865 1.665 40509
-0.865 1.630 40561
-0.866 1.627 40613
-0.865 1.618 40665
-0.865 1.615 40717
-0.867 1.630 40769
-0.866 1.627 40821
-0.865 1.612 40873
-0.865 1.630 40925
-0.865 1.618 40977
-0.865 1.606 41029
-0.866 1.580 41081
-0.865 1.583 41133
-0.866 1.595 41185
-0.866 1.589 41237
-0.868 1.595 41289
-0.867 1.595 41341
-0.863 1.589 41393
-0.866 1.600 41445
-0.864 1.577 41497
-0.867 1.577 41549
-0.867 1.574 41601
-0.865 1.565 41653
-0.865 1.560 41705
-0.867 1.568 41757
-0.865 1.560 41809
-0.865 1.554 41861
-0.867 1.557 41913
-0.865 1.545 41965
-0.866 1.557 42017
-0.865 1.542 42069
-0.866 1.545 42121
-0.865 1.542 42173
-0.866 1.545 42225
-0.866 1.548 42277
-0.866 1.536 42329
-0.866 1.536 42381
-0.867 1.533 42433
-0.864 1.519 42485
-0.865 1.513 42537
-0.867 1.525 42589
-0.867 1.510 42641
-0.865 1.507 42693
-0.866 1.510 42745
-0.867 1.513 42797
-0.866 1.510 42849
-0.867 1.498 42901
-0.865 1.487 42953
-0.867 1.501 43005
-0.865 1.484 43057
-0.867 1.493 43109
-0.867 1.487 43161
-0.867 1.487 43213
-0.865 1.472 43265
-0.866 1.478 43317
-0.867 1.478 43369
-0.866 1.463 43421
-0.867 1.463 43473
-0.867 1.478 43525
-0.867 1.452 43577
-0.865 1.449 43629
-0.866 1.460 43681
-0.866 1.452 43733
-0.865 1.443 43785
-0.867 1.455 43837
-0.865 1.443 43889
-0.865 1.443 43941
-0.866 1.440 43993
-0.866 1.455 44045
-0.867 1.443 44097
-0.866 1.420 44149
-0.867 1.431 44201
-0.864 1.420 44253
-0.865 1.420 44305
-0.867 1.417 44357
-0.867 1.420 44409
-0.866 1.431 44461
-0.864 1.420 44513
-0.863 1.402 44565
-0.867 1.408 44617
-0.867 1.379 44669
-0.867 1.390 44721
-0.867 1.393 44773
-0.866 1.408 44825
-0.867 1.393 44877
-0.864 1.382 44929
-0.864 1.379 44981
-0.864 1.379 45033
-0.866 1.385 45085
-0.867 1.370 45137
-0.866 1.370 45189
-0.866 1.370 45241
-0.865 1.367 45293
-0.864 1.358 45345
-0.865 1.355 45397
-0.864 1.355 45449
-0.867 1.361 45501
-0.864 1.350 45553
-0.867 1.361 45605
-0.866 1.347 45657
-0.867 1.361 45709
-0.867 1.350 45761
-0.867 1.338 45813
-0.866 1.335 45865
-0.867 1.338 45917
-0.866 1.335 45969
-0.866 1.323 46021
-0.865 1.320 46073
-0.864 1.312 46125
-0.867 1.326 46177
-0.864 1.309 46229
-0.866 1.315 46281
-0.864 1.303 46333
-0.864 1.303 46385
-0.866 1.312 46437
-0.866 1.300 46489
-0.864 1.288 46541
-0.865 1.285 46593
-0.864 1.285 46645
-0.867 1.288 46697
-0.864 1.280 46749
-0.864 1.280 46801
-0.866 1.277 46853
-0.865 1.280 46905
-0.867 1.277 46957
-0.864 1.262 47009
-0.866 1.274 47061
-0.864 1.262 47113
-0.867 1.268 47165
-0.867 1.265 47217
-0.866 1.253 47269
-0.866 1.253 47321
-0.864 1.242 47373
-0.864 1.242 47425
-0.866 1.253 47477
-0.866 1.245 47529
-0.866 1.245 47581
-0.864 1.233 47633
-0.865 1.218 47685
-0.867 1.230 47737
-0.865 1.233 47789
-0.865 1.245 47841
-0.863 1.233 47893
-0.864 1.215 47945
-0.866 1.221 47997
-0.867 1.221 48049
-0.867 1.221 48101
-0.865 1.204 48153
-0.867 1.207 48205
-0.865 1.192 48257
-0.864 1.192 48309
-0.867 1.198 48361
-0.867 1.195 48413
-0.867 1.198 48465
-0.867 1.183 48517
-0.867 1.198 48569
-0.865 1.172 48621
-0.867 1.183 48673
-0.867 1.180 48725
-0.867 1.178 48777
-0.867 1.175 48829
-0.865 1.163 48881
-0.867 1.160 48933
-0.867 1.175 48985
-0.867 1.160 49037
-0.867 1.163 49089
-0.865 1.145 49141
-0.867 1.148 49193
-0.867 1.148 49245
-0.867 1.151 49297
-0.867 1.151 49349
-0.867 1.140 49401
-0.865 1.122 49453
-0.867 1.134 49505
-0.867 1.134 49557
-0.865 1.113 49609
-0.867 1.125 49661
-0.865 1.113 49713
-0.867 1.128 49765
-0.865 1.110 49817
-0.865 1.099 49869
-0.867 1.116 49921
-0.867 1.113 49973
-0.867 1.105 50025
-0.867 1.105 50077
-0.867 1.090 50129
-0.867 1.105 50181
-0.867 1.090 50233
-0.867 1.093 50285
-0.867 1.090 50337
-0.867 1.087 50389
-0.867 1.087 50441
-0.867 1.078 50493
-0.865 1.070 50545
-0.865 1.070 50597
-0.867 1.081 50649
-0.867 1.070 50701
-0.865 1.055 50753
-0.865 1.055 50805
-0.867 1.058 50857
-0.865 1.052 50909
-0.867 1.058 50961
-0.867 1.043 51013
-0.865 1.040 51065
-0.867 1.043 51117
-0.865 1.029 51169
-0.865 1.029 51221
-0.867 1.035 51273
-0.867 1.035 51325
-0.867 1.032 51377
-0.867 1.032 51429
-0.867 1.032 51481
-0.865 1.017 51533
-0.867 1.035 51585
-0.867 1.020 51637
-0.865 1.005 51689
-0.867 1.011 51741
-0.865 1.000 51793
-0.865 1.000 51845
-0.867 0.997 51897
-0.867 1.011 51949
-0.867 1.000 52001
-0.865 0.982 52053
-0.867 0.991 52105
-0.868 0.985 52157
-0.865 0.976 52209
-0.867 0.985 52261
-0.867 0.973 52313
-0.867 0.988 52365
-0.867 0.976 52417
-0.867 0.976 52469
-0.867 0.973 52521
-0.867 0.962 52573
-0.865 0.959 52625
-0.865 0.953 52677
-0.867 0.965 52729
-0.867 0.950 52781
-0.865 0.947 52833
-0.867 0.953 52885
-0.867 0.950 52937
-0.867 0.941 52989
-0.867 0.938 53041
-0.866 0.930 53093
-0.867 0.938 53145
-0.867 0.933 53197
-0.867 0.924 53249
-0.867 0.927 53301
-0.867 0.927 53353
-0.867 0.924 53405
-0.867 0.915 53457
-0.867 0.915 53509
-0.867 0.903 53561
-0.865 0.906 53613
-0.865 0.900 53665
-0.867 0.903 53717
-0.867 0.903 53769
-0.867 0.900 53821
-0.867 0.892 53873
-0.867 0.892 53925
-0.867 0.895 53977
-0.865 0.883 54029
-0.867 0.880 54081
-0.865 0.868 54133
-0.867 0.880 54185
-0.866 0.883 54237
-0.867 0.883 54289
-0.867 0.868 54341
-0.867 0.868 54393
-0.867 0.871 54445
-0.867 0.871 54497
-0.865 0.845 54549
-0.866 0.857 54601
-0.865 0.842 54653
-0.867 0.848 54705
-0.867 0.845 54757
-0.867 0.848 54809
-0.865 0.830 54861
-0.867 0.833 54913
-0.865 0.822 54965
-0.867 0.833 55017
-0.865 0.819 55069
-0.867 0.822 55121
-0.865 0.813 55173
-0.867 0.825 55225
-0.867 0.825 55277
-0.865 0.807 55329
-0.867 0.813 55381
-0.865 0.798 55433
-0.867 0.807 55485
-0.865 0.795 55537
-0.865 0.795 55589
-0.867 0.801 55641
-0.865 0.790 55693
-0.865 0.790 55745
-0.867 0.787 55797
-0.867 0.790 55849
-0.866 0.772 55901
-0.867 0.781 55953
-0.864 0.775 56005
-0.866 0.766 56057
-0.865 0.766 56109
-0.867 0.778 56161
-0.867 0.763 56213
-0.865 0.752 56265
-0.867 0.763 56317
-0.865 0.740 56369
-0.867 0.752 56421
-0.865 0.740 56473
-0.867 0.755 56525
-0.866 0.737 56577
-0.865 0.737 56629
-0.867 0.743 56681
-0.867 0.740 56733
-0.867 0.737 56785
-0.867 0.731 56837
-0.865 0.720 56889
-0.867 0.717 56941
-0.865 0.720 56993
-0.867 0.717 57045
-0.867 0.731 57097
-0.865 0.705 57149
-0.867 0.714 57201
-0.867 0.711 57253
-0.867 0.708 57305
-0.865 0.696 57357
-0.867 0.708 57409
-0.867 0.708 57461
-0.865 0.685 57513
-0.865 0.690 57565
-0.867 0.696 57617
-0.867 0.685 57669
-0.865 0.673 57721
-0.867 0.682 57773
-0.867 0.685 57825
-0.867 0.670 57877
-0.865 0.667 57929
-0.867 0.670 57981
-0.865 0.655 58033
-0.867 0.667 58085
-0.867 0.661 58137
-0.866 0.650 58189
-0.868 0.647 58241
-0.865 0.644 58293
-0.867 0.647 58345
-0.867 0.647 58397
-0.865 0.632 58449
-0.867 0.635 58501
-0.867 0.635 58553
-0.867 0.638 58605
-0.867 0.638 58657
-0.865 0.620 58709
-0.865 0.620 58761
-0.867 0.623 58813
-0.867 0.620 58865
-0.867 0.618 58917
-0.865 0.609 58969
-0.865 0.603 59021
-0.866 0.603 59073
-0.867 0.615 59125
-0.867 0.600 59177
-0.867 0.603 59229
-0.867 0.600 59281
-0.867 0.600 59333
-0.867 0.591 59385
-0.867 0.591 59437
-0.867 0.591 59489
-0.868 0.577 59541
-0.868 0.580 59593
-0.865 0.568 59645
-0.868 0.577 59697
-0.865 0.562 59749
-0.866 0.568 59801
-0.866 0.565 59853
-0.866 0.568 59905
-0.867 0.565 59957
-0.864 0.550 60009
-0.866 0.553 60061
-0.867 0.553 60113
-0.866 0.550 60165
-0.866 0.542 60217
-0.865 0.533 60269
-0.866 0.542 60321
-0.866 0.530 60373
-0.866 0.545 60425
-0.879 0.527 60477
-0.868 0.530 60529
-0.885 0.515 60581
-0.865 0.515 60633
-0.895 0.515 60685
-0.866 0.518 60737
-0.896 0.510 60789
-0.856 0.504 60841
-0.917 0.521 60893
-0.864 0.492 60945
-0.892 0.507 60997
-0.878 0.510 61049
-0.937 0.510 61101
-0.862 0.486 61153
-0.916 0.498 61205
-0.857 0.486 61257
-0.876 0.480 61309
-0.886 0.483 61361
-0.880 0.483 61413
-0.871 0.469 61465
-0.867 0.472 61517
-0.870 0.469 61569
-0.866 0.472 61621
-0.874 0.475 61673
-0.865 0.475 61725
-0.869 0.460 61777
-0.865 0.448 61829
-0.867 0.445 61881
-0.864 0.445 61933
-0.866 0.440 61985
-0.865 0.437 62037
-0.870 0.437 62089
-0.865 0.434 62141
-0.875 0.425 62193
-0.866 0.440 62245
-0.871 0.422 62297
-0.865 0.422 62349
-0.876 0.428 62401
-0.865 0.416 62453
-0.891 0.413 62505
-0.867 0.428 62557
-0.889 0.416 62609
-0.890 0.413 62661
-0.869 0.413 62713
-0.870 0.408 62765
-0.868 0.402 62817
-0.905 0.393 62869
-0.870 0.405 62921
-0.923 0.402 62973
-0.897 0.387 63025
-0.933 0.390 63077
-0.878 0.375 63129
-0.936 0.390 63181
-0.867 0.367 63233
-0.924 0.381 63285
-0.864 0.378 63337
-0.913 0.381 63389
-0.870 0.381 63441
-0.936 0.373 63493
-0.888 0.370 63545
-0.937 0.367 63597
-0.867 0.346 63649
-0.865 0.343 63701
-0.871 0.343 63753
-0.934 0.358 63805
-0.936 0.358 63857
-0.937 0.358 63909
-0.927 0.343 63961
-0.914 0.329 64013
-0.929 0.340 64065
-0.888 0.335 64117
-0.934 0.335 64169
-0.860 0.320 64221
-0.888 0.311 64273
-0.861 0.308 64325
-0.931 0.320 64377
-0.885 0.323 64429
-0.935 0.305 64481
-0.862 0.308 64533
-0.920 0.311 64585
-0.861 0.297 64637
-0.937 0.311 64689
-0.904 0.297 64741
-0.935 0.294 64793
-0.937 0.297 64845
-0.935 0.282 64897
-0.907 0.288 64949
-0.927 0.288 65001
-0.907 0.270 65053
-0.935 0.273 65105
-0.937 0.288 65157
-0.935 0.270 65209
-0.937 0.276 65261
-0.937 0.273 65313
-0.937 0.268 65365
-0.891 0.253 65417
-0.871 0.265 65469
-0.863 0.250 65521
-0.868 0.250 65573
-0.866 0.247 65625
-0.867 0.238 65677
-0.866 0.241 65729
-0.868 0.241 65781
-0.863 0.230 65833
-0.912 0.230 65885
-0.877 0.241 65937
-0.937 0.241 65989
-0.936 0.227 66041
-0.937 0.227 66093
-0.869 0.215 66145
-0.867 0.212 66197
-0.866 0.203 66249
-0.865 0.203 66301
-0.866 0.192 66353
-0.864 0.189 66405
-0.880 0.203 66457
-0.866 0.192 66509
-0.882 0.192 66561
-0.866 0.192 66613
-0.866 0.192 66665
-0.864 0.177 66717
-0.865 0.168 66769
-0.866 0.177 66821
-0.874 0.180 66873
-0.863 0.174 66925
-0.894 0.165 66977
-0.851 0.157 67029
-0.906 0.157 67081
-0.856 0.154 67133
-0.875 0.148 67185
-0.865 0.145 67237
-0.934 0.154 67289
-0.921 0.160 67341
-0.911 0.142 67393
-0.914 0.142 67445
-0.937 0.145 67497
-0.903 0.133 67549
-0.870 0.130 67601
-0.879 0.133 67653
-0.867 0.136 67705
-0.873 0.136 67757
-0.863 0.113 67809
-0.877 0.122 67861
-0.865 0.122 67913
-0.933 0.113 67965
-0.869 0.098 68017
-0.913 0.107 68069
-0.866 0.095 68121
-0.877 0.104 68173
-0.866 0.101 68225
-0.867 0.098 68277
-0.865 0.084 68329
-0.865 0.084 68381
-0.867 0.087 68433
-0.866 0.084 68485
-0.866 0.087 68537
-0.866 0.084 68589
-0.866 0.072 68641
-0.868 0.075 68693
-0.870 0.060 68745
-0.873 0.078 68797
-0.869 0.049 68849
-0.866 0.063 68901
-0.865 0.049 68953
-0.866 0.052 69005
-0.868 0.052 69057
-0.864 0.043 69109
-0.866 0.043 69161
-0.866 0.040 69213
-0.865 0.028 69265
-0.866 0.043 69317
-0.865 0.025 69369
-0.866 0.028 69421
-0.867 0.028 69473
-0.869 0.020 69525
-0.936 0.028 69577
-0.921 0.031 69629
-0.937 0.031 69681
-0.937 0.017 69733
-0.937 0.031 69785
-0.935 0.002 69837
-0.936 0.002 69889
-0.927 -0.007 69942
0.851 0.072 69994
0.792 0.084 70046
0.695 0.060 70098
0.775 0.090 70150
0.896 0.125 70202
0.838 0.113 70254
0.849 0.125 70306
0.758 0.113 70358
0.786 0.125 70410
0.761 0.125 70462
0.881 0.148 70514
0.674 0.110 70566
0.800 0.136 70618
0.722 0.136 70670
0.792 0.154 70722
0.686 0.148 70774
0.781 0.160 70826
0.754 0.171 70878
0.889 0.195 70930
0.904 0.195 70982
0.886 0.195 71034
0.809 0.180 71086
0.870 0.198 71138
0.905 0.218 71190
0.898 0.203 71242
0.907 0.206 71294
0.900 0.230 71346
0.907 0.212 71398
0.902 0.227 71450
0.906 0.241 71502
0.901 0.238 71554
0.915 0.250 71606
0.871 0.230 71658
0.921 0.250 71710
0.775 0.241 71762
0.904 0.253 71814
0.805 0.247 71866
0.919 0.270 71918
0.870 0.262 71970
0.881 0.270 72022
0.874 0.259 72074
0.890 0.288 72126
0.891 0.288 72178
0.890 0.288 72230
0.906 0.300 72282
0.883 0.300 72334
0.905 0.297 72386
0.901 0.300 72438
0.902 0.311 72490
0.891 0.323 72542
0.906 0.305 72594
0.819 0.311 72646
0.868 0.323 72698
0.822 0.323 72750
0.898 0.335 72802
0.819 0.335 72854
0.907 0.346 72906
0.885 0.346 72958
0.905 0.332 73010
0.902 0.358 73062
0.902 0.355 73114
0.847 0.358 73166
0.906 0.364 73218
0.812 0.343 73270
0.864 0.370 73322
0.898 0.367 73374
0.896 0.381 73426
0.900 0.378 73478
0.879 0.381 73530
0.887 0.393 73582
0.855 0.387 73634
0.902 0.405 73686
0.882 0.387 73738
0.906 0.405 73790
0.849 0.405 73842
0.902 0.416 73894
0.834 0.405 73946
0.902 0.428 73998
0.826 0.416 74050
0.902 0.428 74102
0.886 0.428 74154
0.902 0.425 74206
0.869 0.422 74258
0.900 0.440 74310
0.902 0.451 74362
0.902 0.451 74414
0.902 0.451 74466
0.906 0.440 74518
0.896 0.457 74570
0.864 0.457 74622
0.849 0.475 74674
0.831 0.463 74726
0.872 0.457 74778
0.887 0.475 74830
0.885 0.475 74882
0.847 0.475 74934
0.906 0.498 74986
0.854 0.469 75038
0.904 0.498 75090
0.824 0.498 75142
0.907 0.480 75194
0.872 0.486 75246
0.911 0.510 75298
0.880 0.501 75350
0.889 0.510 75402
0.826 0.507 75454
0.894 0.507 75506
0.846 0.504 75558
0.892 0.524 75610
0.905 0.533 75662
0.893 0.533 75714
0.906 0.530 75766
0.898 0.545 75818
0.906 0.542 75870
0.889 0.545 75922
0.906 0.542 75974
0.889 0.553 76026
0.906 0.553 76078
0.898 0.559 76130
0.906 0.568 76182
0.902 0.565 76234
0.905 0.565 76286
0.903 0.571 76338
0.905 0.577 76390
0.904 0.591 76442
0.904 0.591 76494
0.904 0.591 76546
0.906 0.588 76598
0.901 0.577 76650
0.902 0.577 76702
0.906 0.580 76754
0.902 0.603 76806
0.902 0.615 76858
0.905 0.603 76910
0.906 0.615 76962
0.908 0.620 77014
0.906 0.638 77066
0.902 0.620 77118
0.904 0.626 77170
0.904 0.623 77222
0.904 0.638 77274
0.902 0.638 77326
0.904 0.638 77378
0.902 0.638 77430
0.904 0.644 77482
0.906 0.632 77534
0.904 0.647 77586
0.906 0.638 77638
0.904 0.661 77690
0.904 0.658 77742
0.902 0.661 77794
0.904 0.664 77846
0.905 0.655 77898
0.869 0.655 77950
0.885 0.673 78002
0.902 0.685 78054
0.902 0.670 78106
0.902 0.685 78158
0.906 0.679 78210
0.904 0.696 78262
0.902 0.696 78314
0.905 0.696 78366
0.902 0.708 78418
0.906 0.708 78470
0.902 0.708 78522
0.904 0.708 78574
0.902 0.714 78626
0.907 0.702 78678
0.902 0.731 78730
0.902 0.731 78782
0.881 0.731 78834
0.902 0.731 78886
0.891 0.731 78938
0.902 0.731 78990
0.902 0.737 79042
0.902 0.743 79094
0.901 0.740 79146
0.902 0.755 79198
0.902 0.755 79250
0.893 0.755 79302
0.905 0.740 79354
0.872 0.752 79406
0.881 0.755 79458
0.860 0.758 79510
0.908 0.766 79562
0.860 0.778 79614
0.885 0.778 79666
0.797 0.766 79718
0.854 0.763 79770
0.841 0.778 79822
0.910 0.790 79874
0.872 0.790 79926
0.907 0.790 79978
0.838 0.775 80030
0.888 0.798 80082
0.830 0.795 80134
0.894 0.807 80186
0.896 0.798 80238
0.893 0.801 80290
0.904 0.807 80342
0.904 0.810 80394
0.905 0.825 80446
0.904 0.813 80498
0.906 0.830 80550
0.902 0.830 80602
0.905 0.836 80654
0.907 0.822 80706
0.905 0.848 80758
0.907 0.830 80810
0.905 0.848 80862
0.906 0.836 80914
0.908 0.842 80966
0.905 0.857 81018
0.905 0.860 81070
0.902 0.871 81122
0.905 0.857 81174
0.902 0.871 81226
0.906 0.871 81278
0.902 0.871 81330
0.900 0.883 81382
0.896 0.883 81434
0.900 0.883 81486
0.889 0.883 81538
0.891 0.883 81590
0.906 0.895 81642
0.898 0.883 81694
0.906 0.900 81746
0.900 0.889 81798
0.906 0.906 81850
0.893 0.906 81902
0.906 0.903 81954
0.894 0.918 82006
0.906 0.903 82058
0.898 0.918 82110
0.910 0.918 82162
0.860 0.924 82214
0.920 0.927 82266
0.841 0.924 82318
0.919 0.941 82370
0.871 0.941 82422
0.913 0.930 82474
0.898 0.941 82526
0.904 0.944 82578
0.901 0.935 82630
0.881 0.953 82682
0.864 0.947 82734
0.857 0.965 82786
0.805 0.965 82838
0.847 0.965 82890
0.872 0.965 82942
0.855 0.965 82994
0.898 0.976 83046
0.888 0.959 83098
0.908 0.970 83150
0.898 0.988 83202
0.906 0.988 83254
0.892 0.985 83306
0.906 0.988 83358
0.888 0.985 83410
0.902 0.988 83462
0.898 0.997 83514
0.904 1.017 83566
0.900 1.011 83618
0.904 1.011 83670
0.904 1.011 83722
0.902 1.011 83774
0.904 1.011 83826
0.902 1.011 83878
0.902 1.017 83930
0.896 1.017 83982
0.902 1.035 84034
0.897 1.032 84086
0.905 1.017 84138
0.896 1.032 84190
0.906 1.038 84242
0.904 1.029 84294
0.906 1.046 84346
0.900 1.043 84398
0.906 1.058 84450
0.898 1.058 84502
0.906 1.058 84554
0.902 1.058 84606
0.908 1.052 84658
0.898 1.070 84710
0.902 1.070 84762
0.893 1.070 84814
0.902 1.081 84866
0.900 1.070 84918
0.902 1.081 84970
0.905 1.081 85022
0.902 1.081 85074
0.905 1.081 85126
0.904 1.093 85178
0.905 1.090 85230
0.902 1.105 85282
0.905 1.102 85334
0.902 1.105 85386
0.906 1.105 85438
0.893 1.105 85490
0.914 1.110 85542
0.893 1.116 85594
0.904 1.116 85646
0.907 1.110 85698
0.905 1.128 85750
0.905 1.128 85802
0.904 1.128 85854
0.905 1.128 85906
0.905 1.134 85958
0.904 1.137 86010
0.902 1.140 86062
0.902 1.151 86114
0.902 1.151 86166
0.902 1.151 86218
0.902 1.151 86270
0.905 1.151 86322
0.902 1.163 86374
0.905 1.160 86426
0.896 1.148 86478
0.894 1.175 86530
0.837 1.175 86582
0.889 1.175 86634
0.860 1.175 86686
0.902 1.175 86738
0.882 1.169 86790
0.910 1.180 86842
0.889 1.198 86894
0.908 1.198 86946
0.896 1.186 86998
0.906 1.198 87050
0.902 1.198 87102
0.908 1.192 87154
0.902 1.198 87206
0.906 1.207 87258
0.898 1.210 87310
0.898 1.221 87362
0.898 1.221 87414
0.898 1.221 87466
0.905 1.204 87518
0.902 1.221 87570
0.904 1.227 87622
0.900 1.227 87674
0.904 1.233 87726
0.898 1.245 87778
0.905 1.233 87830
0.885 1.245 87882
0.904 1.242 87934
0.896 1.256 87986
0.906 1.239 88038
0.893 1.253 88090
0.902 1.256 88142
0.900 1.250 88194
0.902 1.268 88246
0.899 1.265 88298
0.906 1.256 88350
0.904 1.268 88402
0.906 1.265 88454
0.904 1.274 88506
0.905 1.280 88558
0.906 1.265 88610
0.904 1.291 88662
0.904 1.291 88714
0.904 1.291 88766
0.904 1.291 88818
0.902 1.291 88870
0.906 1.297 88922
0.901 1.297 88974
0.906 1.297 89026
0.898 1.300 89078
0.906 1.315 89130
0.898 1.315 89182
0.906 1.312 89234
0.900 1.320 89286
0.908 1.309 89338
0.900 1.320 89390
0.902 1.338 89442
0.898 1.323 89494
0.904 1.338 89546
0.904 1.326 89598
0.904 1.335 89650
0.904 1.338 89702
0.905 1.335 89754
0.904 1.347 89806
0.902 1.350 89858
0.904 1.347 89910
0.902 1.361 89962
0.904 1.361 90014
0.902 1.361 90066
0.906 1.350 90118
0.902 1.367 90170
0.905 1.367 90222
0.905 1.355 90274
0.906 1.385 90326
0.904 1.367 90378
0.906 1.370 90430
0.902 1.385 90482
0.908 1.373 90534
0.902 1.385 90586
0.906 1.393 90638
0.902 1.393 90690
0.904 1.408 90742
0.904 1.390 90794
0.902 1.408 90846
0.904 1.390 90898
0.902 1.408 90950
0.905 1.405 91002
0.902 1.408 91054
0.905 1.420 91106
0.902 1.420 91158
0.904 1.420 91210
0.902 1.431 91262
0.904 1.431 91314
0.902 1.431 91366
0.905 1.431 91418
0.902 1.443 91470
0.906 1.443 91522
0.906 1.425 91574
0.905 1.440 91626
0.904 1.455 91678
0.905 1.452 91730
0.904 1.455 91782
0.906 1.452 91834
0.904 1.455 91886
0.908 1.449 91938
0.902 1.460 91990
0.902 1.463 92042
0.905 1.452 92094
0.904 1.463 92146
0.906 1.460 92198
0.904 1.478 92250
0.905 1.478 92302
0.902 1.478 92354
0.904 1.484 92406
0.906 1.472 92458
0.905 1.487 92510
0.902 1.501 92562
0.906 1.484 92614
0.902 1.501 92666
0.905 1.501 92718
0.902 1.501 92770
0.905 1.507 92822
0.906 1.487 92874
0.905 1.507 92926
0.904 1.510 92978
0.905 1.525 93030
0.905 1.525 93082
0.906 1.525 93134
0.904 1.525 93186
0.905 1.525 93238
0.904 1.525 93290
0.904 1.536 93342
0.904 1.536 93394
0.904 1.536 93446
0.904 1.548 93498
0.904 1.548 93550
0.904 1.548 93602
0.904 1.548 93654
0.905 1.548 93706
0.904 1.548 93758
0.905 1.554 93810
0.904 1.554 93862
0.905 1.560 93914
0.904 1.554 93966
0.905 1.571 94018
0.904 1.571 94070
0.907 1.583 94122
0.904 1.571 94174
0.904 1.571 94226
0.902 1.577 94278
0.905 1.580 94330
0.905 1.580 94382
0.904 1.583 94434
0.904 1.595 94486
0.904 1.595 94538
0.904 1.595 94590
0.902 1.595 94642
0.904 1.595 94694
0.904 1.595 94746
0.904 1.606 94798
0.902 1.606 94850
0.904 1.606 94902
0.904 1.618 94954
0.905 1.618 95006
0.902 1.618 95058
0.904 1.630 95110
0.904 1.615 95162
0.907 1.612 95214
0.904 1.630 95266
0.905 1.627 95318
0.905 1.627 95370
0.905 1.627 95422
0.904 1.627 95474
0.905 1.638 95526
0.906 1.630 95578
0.905 1.650 95630
0.905 1.653 95682
0.906 1.647 95734
0.904 1.653 95786
0.904 1.653 95838
0.904 1.665 95890
0.905 1.650 95942
0.904 1.665 95994
0.905 1.662 96046
0.904 1.665 96098
0.905 1.673 96150
0.904 1.670 96202
0.904 1.670 96254
0.904 1.670 96306
0.907 1.670 96358
0.904 1.688 96410
0.904 1.688 96462
0.904 1.673 96514
0.904 1.688 96566
0.906 1.694 96618
0.904 1.697 96670
0.904 1.700 96722
0.906 1.682 96774
0.904 1.711 96826
0.904 1.711 96878
0.904 1.711 96930
0.904 1.711 96982
0.904 1.711 97034
0.905 1.723 97086
0.904 1.723 97138
0.905 1.720 97190
0.904 1.723 97242
0.905 1.720 97294
0.905 1.735 97346
0.907 1.723 97398
0.905 1.732 97450
0.905 1.735 97502
0.907 1.723 97554
0.905 1.740 97606
0.906 1.729 97658
0.904 1.746 97710
