  
0.000 0.000 57
0.000 0.000 185
0.000 0.000 313
0.918 0.974 441
0.918 0.974 569
0.918 0.974 697
0.918 0.974 825
0.918 0.974 953
0.918 0.974 1081
0.918 0.974 1209
0.918 0.974 1337
0.918 0.904 1465
0.918 0.904 1593
0.918 0.904 1721
0.918 0.816 1849
0.918 0.816 1977
0.918 0.740 2105
0.918 0.740 2233
0.918 0.740 2361
0.918 0.659 2489
0.918 0.659 2617
0.918 0.659 2745
0.918 0.577 2873
0.918 0.577 3001
0.918 0.495 3129
0.918 0.495 3257
0.918 0.495 3385
0.919 0.414 3513
0.919 0.414 3641
0.919 0.414 3769
0.918 0.344 3897
0.918 0.344 4025
0.918 0.259 4153
0.918 0.259 4281
0.918 0.259 4409
0.918 0.180 4537
0.918 0.180 4665
0.918 0.180 4793
0.918 0.116 4921
0.918 0.116 5049
0.916 0.043 5177
0.916 0.043 5305
0.916 0.043 5433
0.918 0.017 5561
0.918 0.017 5689
0.918 0.017 5817
-0.856 0.227 5945
-0.856 0.227 6073
-0.856 0.227 6201
-0.551 0.204 6329
-0.551 0.204 6457
-0.183 0.166 6585
-0.183 0.166 6713
-0.183 0.166 6841
-0.107 0.180 6969
-0.107 0.180 7097
-0.107 0.180 7225
0.025 0.180 7353
0.025 0.180 7481
0.114 0.180 7609
0.114 0.180 7737
0.114 0.180 7865
0.104 0.166 7993
0.104 0.166 8121
0.104 0.166 8249
0.149 0.204 8377
0.149 0.204 8505
0.204 0.204 8633
0.204 0.204 8761
0.204 0.204 8889
0.254 0.204 9017
0.254 0.204 9145
0.254 0.204 9273
0.220 0.204 9401
0.220 0.204 9529
0.260 0.209 9657
0.260 0.209 9785
0.260 0.209 9913
0.298 0.227 10041
0.298 0.227 10169
0.298 0.227 10297
0.287 0.227 10425
0.287 0.227 10553
0.287 0.227 10681
0.223 0.227 10809
0.223 0.227 10937
0.252 0.233 11065
0.252 0.233 11193
0.252 0.233 11321
0.288 0.239 11449
0.288 0.239 11577
0.288 0.239 11705
0.243 0.250 11833
0.243 0.250 11961
0.273 0.250 12089
0.273 0.250 12217
0.273 0.250 12345
0.324 0.250 12473
0.324 0.250 12601
0.324 0.250 12729
0.341 0.250 12857
0.341 0.250 12985
0.246 0.259 13113
0.246 0.259 13241
0.246 0.259 13369
0.277 0.274 13497
0.277 0.274 13625
0.277 0.274 13753
0.309 0.274 13881
0.309 0.274 14009
0.261 0.279 14137
0.261 0.279 14265
0.261 0.279 14393
0.290 0.285 14521
0.290 0.285 14649
0.290 0.285 14777
0.324 0.297 14905
0.324 0.297 15033
0.324 0.297 15161
0.352 0.285 15289
0.352 0.285 15417
0.313 0.297 15545
0.313 0.297 15673
0.313 0.297 15801
0.341 0.309 15929
0.341 0.309 16057
0.341 0.309 16185
0.381 0.309 16313
0.381 0.309 16441
0.262 0.320 16569
0.262 0.320 16697
0.262 0.320 16825
0.290 0.320 16953
0.290 0.320 17081
0.290 0.320 17209
0.314 0.326 17337
0.314 0.326 17465
0.343 0.326 17593
0.343 0.326 17721
0.343 0.326 17849
0.298 0.344 17977
0.298 0.344 18105
0.298 0.344 18233
0.328 0.344 18361
0.328 0.344 18489
0.357 0.344 18617
0.357 0.344 18745
0.357 0.344 18873
0.314 0.347 19001
0.314 0.347 19129
0.314 0.347 19257
0.283 0.367 19385
0.283 0.367 19513
0.283 0.367 19641
0.317 0.367 19769
0.317 0.367 19897
0.351 0.367 20025
0.351 0.367 20153
0.351 0.367 20281
0.302 0.373 20409
0.302 0.373 20537
0.302 0.373 20665
0.334 0.379 20793
0.334 0.379 20921
0.362 0.390 21049
0.362 0.390 21177
0.362 0.390 21305
0.319 0.390 21433
0.319 0.390 21561
0.319 0.390 21689
0.350 0.390 21817
0.350 0.390 21945
0.379 0.402 22073
0.379 0.402 22201
0.379 0.402 22329
0.419 0.402 22457
0.419 0.402 22585
0.419 0.402 22713
0.296 0.414 22841
0.296 0.414 22969
0.320 0.414 23097
0.320 0.414 23225
0.320 0.414 23353
0.349 0.425 23481
0.349 0.425 23609
0.349 0.425 23737
0.302 0.425 23865
0.302 0.425 23993
0.302 0.425 24121
0.328 0.437 24249
0.328 0.437 24377
0.358 0.437 24505
0.358 0.437 24633
0.358 0.437 24761
0.391 0.437 24889
0.391 0.437 25017
0.391 0.437 25145
0.338 0.414 25273
0.338 0.414 25401
0.370 0.460 25529
0.370 0.460 25657
0.370 0.460 25785
0.405 0.460 25913
0.405 0.460 26041
0.405 0.460 26169
0.290 0.466 26297
0.290 0.466 26425
0.319 0.472 26553
0.319 0.472 26681
0.319 0.472 26809
0.354 0.472 26937
0.354 0.472 27065
0.354 0.472 27193
0.389 0.484 27321
0.389 0.484 27449
0.343 0.484 27577
0.343 0.484 27705
0.343 0.484 27833
0.372 0.489 27961
0.372 0.489 28089
0.372 0.489 28217
0.407 0.495 28345
0.407 0.495 28473
0.407 0.495 28601
0.292 0.507 28729
0.292 0.507 28857
0.314 0.507 28985
0.314 0.507 29113
0.314 0.507 29241
0.341 0.513 29369
0.341 0.513 29497
0.341 0.513 29625
0.372 0.519 29753
0.372 0.519 29881
0.326 0.530 30009
0.326 0.530 30137
0.326 0.530 30265
0.351 0.530 30393
0.351 0.530 30521
0.351 0.530 30649
0.381 0.530 30777
0.381 0.530 30905
0.336 0.542 31033
0.336 0.542 31161
0.336 0.542 31289
0.364 0.554 31417
0.364 0.554 31545
0.364 0.554 31673
0.391 0.539 31801
0.391 0.539 31929
0.433 0.554 32057
0.433 0.554 32185
0.433 0.554 32313
0.292 0.565 32441
0.292 0.565 32569
0.292 0.565 32697
0.324 0.577 32825
0.324 0.577 32953
0.324 0.577 33081
0.355 0.565 33209
0.355 0.565 33337
0.326 0.577 33465
0.326 0.577 33593
0.326 0.577 33721
0.360 0.589 33849
0.360 0.589 33977
0.360 0.589 34105
0.392 0.600 34233
0.392 0.600 34361
0.429 0.589 34489
0.429 0.589 34617
0.429 0.589 34745
0.307 0.600 34873
0.307 0.600 35001
0.307 0.600 35129
0.333 0.600 35257
0.333 0.600 35385
0.358 0.606 35513
0.358 0.606 35641
0.358 0.606 35769
0.314 0.624 35897
0.314 0.624 36025
0.314 0.624 36153
0.341 0.624 36281
0.341 0.624 36409
0.368 0.624 36537
0.368 0.624 36665
0.368 0.624 36793
0.400 0.624 36921
0.400 0.624 37049
0.400 0.624 37177
0.354 0.629 37305
0.354 0.629 37433
0.354 0.629 37561
0.381 0.647 37689
0.381 0.647 37817
0.412 0.647 37945
0.412 0.647 38073
0.412 0.647 38201
0.300 0.647 38329
0.300 0.647 38457
0.300 0.647 38585
0.318 0.670 38713
0.318 0.670 38841
0.347 0.670 38969
0.347 0.670 39097
0.347 0.670 39225
0.379 0.670 39353
0.379 0.670 39481
0.379 0.670 39609
0.328 0.670 39737
0.328 0.670 39865
0.369 0.682 39993
0.369 0.682 40121
0.369 0.682 40249
0.407 0.682 40377
0.407 0.682 40505
0.407 0.682 40633
0.365 0.694 40761
0.365 0.694 40889
0.324 0.694 41017
0.324 0.694 41145
0.324 0.694 41273
0.349 0.705 41401
0.349 0.705 41529
0.349 0.705 41657
0.378 0.705 41785
0.378 0.705 41913
0.378 0.705 42041
0.330 0.717 42169
0.330 0.717 42297
0.357 0.717 42425
0.357 0.717 42553
0.357 0.717 42681
0.385 0.723 42809
0.385 0.723 42937
0.385 0.723 43065
0.395 0.720 43193
0.395 0.720 43321
0.368 0.740 43449
0.368 0.740 43577
0.368 0.740 43705
0.398 0.740 43833
0.398 0.740 43961
0.398 0.740 44089
0.434 0.740 44217
0.434 0.740 44345
0.313 0.764 44473
0.313 0.764 44601
0.313 0.764 44729
0.336 0.764 44857
0.336 0.764 44985
0.336 0.764 45113
0.362 0.764 45241
0.362 0.764 45369
0.382 0.775 45497
0.382 0.775 45625
0.382 0.775 45753
0.344 0.775 45881
0.344 0.775 46009
0.344 0.775 46137
0.373 0.787 46265
0.373 0.787 46393
0.373 0.787 46521
0.401 0.772 46649
0.401 0.772 46777
0.300 0.787 46905
0.300 0.787 47033
0.300 0.787 47161
0.333 0.793 47289
0.333 0.793 47417
0.333 0.793 47545
0.362 0.799 47673
0.362 0.799 47801
0.388 0.810 47929
0.388 0.810 48057
0.388 0.810 48185
0.341 0.810 48313
0.341 0.810 48441
0.341 0.810 48569
0.370 0.822 48697
0.370 0.822 48825
0.400 0.822 48953
0.400 0.822 49081
0.400 0.822 49209
0.355 0.834 49337
0.355 0.834 49465
0.355 0.834 49593
0.383 0.834 49721
0.383 0.834 49849
0.414 0.834 49977
0.414 0.834 50105
0.414 0.834 50233
0.450 0.834 50361
0.450 0.834 50489
0.450 0.834 50617
0.328 0.857 50745
0.328 0.857 50873
0.328 0.857 51001
0.347 0.857 51129
0.347 0.857 51257
0.377 0.857 51385
0.377 0.857 51513
0.377 0.857 51641
0.330 0.869 51769
0.330 0.869 51897
0.330 0.869 52025
0.356 0.869 52153
0.356 0.869 52281
0.383 0.869 52409
0.383 0.869 52537
0.383 0.869 52665
0.413 0.880 52793
0.413 0.880 52921
0.413 0.880 53049
0.369 0.892 53177
0.369 0.892 53305
0.398 0.892 53433
0.398 0.892 53561
0.398 0.892 53689
0.360 0.904 53817
0.360 0.904 53945
0.360 0.904 54073
0.324 0.904 54201
0.324 0.904 54329
0.353 0.909 54457
0.353 0.909 54585
0.353 0.909 54713
0.383 0.909 54841
0.383 0.909 54969
0.383 0.909 55097
0.417 0.915 55225
0.417 0.915 55353
0.417 0.915 55481
0.366 0.909 55609
0.366 0.909 55737
0.396 0.927 55865
0.396 0.927 55993
0.396 0.927 56121
0.430 0.927 56249
0.430 0.927 56377
0.430 0.927 56505
0.314 0.950 56633
0.314 0.950 56761
0.305 0.950 56889
0.305 0.950 57017
0.305 0.950 57145
0.345 0.950 57273
0.345 0.950 57401
0.345 0.950 57529
0.385 0.962 57657
0.385 0.962 57785
0.339 0.962 57913
0.339 0.962 58041
0.339 0.962 58169
0.371 0.959 58297
0.371 0.959 58425
0.371 0.959 58553
0.399 0.974 58681
0.399 0.974 58809
0.356 0.974 58937
0.356 0.974 59065
0.356 0.974 59193
0.382 0.979 59321
0.382 0.979 59449
0.382 0.979 59577
0.412 0.997 59705
0.412 0.997 59833
0.412 0.997 59961
0.448 0.997 60089
0.448 0.997 60217
0.324 0.997 60345
0.324 0.997 60473
0.324 0.997 60601
0.349 1.003 60729
0.349 1.003 60857
0.349 1.003 60985
0.388 1.006 61113
0.388 1.006 61241
0.354 1.020 61369
0.354 1.020 61497
0.354 1.020 61625
0.381 1.020 61753
0.381 1.020 61881
0.381 1.020 62009
0.411 1.020 62137
0.411 1.020 62265
0.450 1.026 62393
0.450 1.026 62521
0.450 1.026 62649
0.329 1.049 62777
0.329 1.049 62905
0.329 1.049 63033
0.345 1.044 63161
0.345 1.044 63289
0.373 1.044 63417
0.373 1.044 63545
0.373 1.044 63673
0.330 1.055 63801
0.330 1.055 63929
0.330 1.055 64057
0.353 1.067 64185
0.353 1.067 64313
0.353 1.067 64441
0.383 1.067 64569
0.383 1.067 64697
0.415 1.067 64825
0.415 1.067 64953
0.415 1.067 65081
0.368 1.067 65209
0.368 1.067 65337
0.368 1.067 65465
0.396 1.073 65593
0.396 1.073 65721
0.432 1.090 65849
0.432 1.090 65977
0.432 1.090 66105
0.310 1.090 66233
0.310 1.090 66361
0.310 1.090 66489
0.336 1.096 66617
0.336 1.096 66745
0.362 1.114 66873
0.362 1.114 67001
0.362 1.114 67129
0.391 1.114 67257
0.391 1.114 67385
0.391 1.114 67513
0.344 1.099 67641
0.344 1.099 67769
0.383 1.114 67897
0.383 1.114 68025
0.383 1.114 68153
0.423 1.119 68281
0.423 1.119 68409
0.423 1.119 68537
0.311 1.137 68665
0.311 1.137 68793
0.311 1.137 68921
0.337 1.137 69049
0.337 1.137 69177
0.360 1.137 69305
0.360 1.137 69433
0.360 1.137 69561
0.389 1.149 69689
0.389 1.149 69817
0.389 1.149 69945
0.343 1.160 70073
0.343 1.160 70201
0.368 1.160 70329
0.368 1.160 70457
0.368 1.160 70585
0.396 1.160 70713
0.396 1.160 70841
0.396 1.160 70969
0.370 1.160 71097
0.370 1.160 71225
0.380 1.172 71353
0.380 1.172 71481
0.380 1.172 71609
0.410 1.184 71737
0.410 1.184 71865
0.410 1.184 71993
0.443 1.175 72121
0.443 1.175 72249
0.322 1.189 72377
0.322 1.189 72505
0.322 1.189 72633
0.349 1.207 72761
0.349 1.207 72889
0.349 1.207 73017
0.375 1.195 73145
0.375 1.195 73273
0.375 1.195 73401
0.377 1.207 73529
0.377 1.207 73657
0.357 1.213 73785
0.357 1.213 73913
0.357 1.213 74041
0.383 1.213 74169
0.383 1.213 74297
0.383 1.213 74425
0.413 1.230 74553
0.413 1.230 74681
0.313 1.230 74809
0.313 1.230 74937
0.313 1.230 75065
0.344 1.230 75193
0.344 1.230 75321
0.344 1.230 75449
0.368 1.230 75577
0.368 1.230 75705
0.387 1.233 75833
0.387 1.233 75961
0.387 1.233 76089
0.353 1.254 76217
0.353 1.254 76345
0.353 1.254 76473
0.381 1.254 76601
0.381 1.254 76729
0.410 1.254 76857
0.410 1.254 76985
0.410 1.254 77113
0.365 1.259 77241
0.365 1.259 77369
0.365 1.259 77497
0.391 1.277 77625
0.391 1.277 77753
0.391 1.277 77881
0.425 1.277 78009
0.425 1.277 78137
0.445 1.277 78265
0.445 1.277 78393
0.445 1.277 78521
0.337 1.300 78649
0.337 1.300 78777
0.337 1.300 78905
0.362 1.300 79033
0.362 1.300 79161
0.392 1.300 79289
0.392 1.300 79417
0.392 1.300 79545
0.341 1.300 79673
0.341 1.300 79801
0.341 1.300 79929
0.366 1.306 80057
0.366 1.306 80185
0.398 1.324 80313
0.398 1.324 80441
0.398 1.324 80569
0.425 1.312 80697
0.425 1.312 80825
0.425 1.312 80953
0.382 1.329 81081
0.382 1.329 81209
0.366 1.324 81337
0.366 1.324 81465
0.366 1.324 81593
0.350 1.347 81721
0.350 1.347 81849
0.350 1.347 81977
0.324 1.347 82105
0.324 1.347 82233
0.324 1.347 82361
0.360 1.347 82489
0.360 1.347 82617
0.393 1.347 82745
0.393 1.347 82873
0.393 1.347 83001
0.425 1.353 83129
0.425 1.353 83257
0.425 1.353 83385
0.375 1.359 83513
0.375 1.359 83641
0.406 1.370 83769
0.406 1.370 83897
0.406 1.370 84025
0.444 1.370 84153
0.444 1.370 84281
0.444 1.370 84409
0.321 1.376 84537
0.321 1.376 84665
0.346 1.379 84793
0.346 1.379 84921
0.346 1.379 85049
0.373 1.394 85177
0.373 1.394 85305
0.373 1.394 85433
0.404 1.385 85561
0.404 1.385 85689
0.357 1.399 85817
0.357 1.399 85945
0.357 1.399 86073
0.381 1.405 86201
0.381 1.405 86329
0.381 1.405 86457
0.415 1.417 86585
0.415 1.417 86713
0.415 1.417 86841
0.364 1.417 86969
0.364 1.417 87097
0.393 1.417 87225
0.393 1.417 87353
0.393 1.417 87481
0.417 1.429 87609
0.417 1.429 87737
0.417 1.429 87865
0.458 1.426 87993
0.458 1.426 88121
0.333 1.440 88249
0.333 1.440 88377
0.333 1.440 88505
0.361 1.440 88633
0.361 1.440 88761
0.361 1.440 88889
0.399 1.446 89017
0.399 1.446 89145
0.362 1.452 89273
0.362 1.452 89401
0.362 1.452 89529
0.391 1.464 89657
0.391 1.464 89785
0.391 1.464 89913
0.419 1.464 90041
0.419 1.464 90169
0.466 1.464 90297
0.466 1.464 90425
0.466 1.464 90553
0.333 1.469 90681
0.333 1.469 90809
0.333 1.469 90937
0.360 1.487 91065
0.360 1.487 91193
0.360 1.487 91321
0.388 1.487 91449
0.388 1.487 91577
0.343 1.487 91705
0.343 1.487 91833
0.343 1.487 91961
0.366 1.493 92089
0.366 1.493 92217
0.366 1.493 92345
0.392 1.493 92473
0.392 1.493 92601
0.428 1.499 92729
0.428 1.499 92857
0.428 1.499 92985
0.382 1.510 93113
0.382 1.510 93241
0.382 1.510 93369
0.412 1.522 93497
0.412 1.522 93625
0.438 1.522 93753
0.438 1.522 93881
0.438 1.522 94009
0.325 1.525 94137
0.325 1.525 94265
0.325 1.525 94393
0.349 1.534 94521
0.349 1.534 94649
0.374 1.539 94777
0.374 1.539 94905
0.374 1.539 95033
0.407 1.557 95161
0.407 1.557 95289
0.407 1.557 95417
0.353 1.557 95545
0.353 1.557 95673
0.353 1.557 95801
0.396 1.557 95929
0.396 1.557 96057
0.434 1.557 96185
0.434 1.557 96313
0.434 1.557 96441
0.326 1.580 96569
0.326 1.580 96697
0.326 1.580 96825
0.347 1.580 96953
0.347 1.580 97081
0.371 1.580 97209
0.371 1.580 97337
0.371 1.580 97465
0.402 1.580 97593
0.402 1.580 97721
0.402 1.580 97849
0.355 1.586 97977
0.355 1.586 98105
0.383 1.604 98233
0.383 1.604 98361
0.383 1.604 98489
0.410 1.604 98617
0.410 1.604 98745
0.410 1.604 98873
0.366 1.604 99001
0.366 1.604 99129
0.391 1.604 99257
0.391 1.604 99385
0.391 1.604 99513
0.415 1.627 99641
0.415 1.627 99769
0.415 1.627 99897
0.452 1.618 100025
0.452 1.618 100153
0.452 1.618 100281
0.331 1.627 100409
0.331 1.627 100537
0.360 1.627 100665
0.360 1.627 100793
0.360 1.627 100921
0.387 1.627 101049
0.387 1.627 101177
0.387 1.627 101305
0.345 1.650 101433
0.345 1.650 101561
0.366 1.650 101689
0.366 1.650 101817
0.366 1.650 101945
0.396 1.650 102073
0.396 1.650 102201
0.396 1.650 102329
0.427 1.650 102457
0.427 1.650 102585
0.330 1.674 102713
0.330 1.674 102841
0.330 1.674 102969
0.355 1.674 103097
0.355 1.674 103225
0.355 1.674 103353
0.387 1.674 103481
0.387 1.674 103609
0.370 1.674 103737
0.370 1.674 103865
0.370 1.674 103993
0.368 1.685 104121
0.368 1.685 104249
0.368 1.685 104377
0.393 1.697 104505
0.393 1.697 104633
0.393 1.697 104761
0.426 1.697 104889
0.426 1.697 105017
0.381 1.697 105145
0.381 1.697 105273
0.381 1.697 105401
0.407 1.697 105529
0.407 1.697 105657
0.407 1.697 105785
0.399 1.706 105913
0.399 1.706 106041
0.410 1.720 106169
0.410 1.720 106297
0.410 1.720 106425
0.343 1.720 106553
0.343 1.720 106681
0.343 1.720 106809
0.370 1.726 106937
0.370 1.726 107065
0.406 1.732 107193
0.406 1.732 107321
0.406 1.732 107449
0.351 1.744 107577
0.351 1.744 107705
0.351 1.744 107833
0.377 1.735 107961
0.377 1.735 108089
0.408 1.744 108217
0.408 1.744 108345
0.408 1.744 108473
0.429 1.749 108601
0.429 1.749 108729
0.429 1.749 108857
0.391 1.752 108985
0.391 1.752 109113
0.391 1.752 109241
0.423 1.767 109369
0.423 1.767 109497
0.383 1.767 109625
0.383 1.767 109753
0.383 1.767 109881
0.349 1.779 110009
0.349 1.779 110137
0.349 1.779 110265
0.380 1.779 110393
0.380 1.779 110521
0.408 1.790 110649
0.408 1.790 110777
0.408 1.790 110905
0.440 1.790 111033
0.440 1.790 111161
0.440 1.790 111289
0.391 1.802 111417
0.391 1.802 111545
0.424 1.814 111673
0.424 1.814 111801
0.424 1.814 111929
0.451 1.814 112057
0.451 1.814 112185
0.451 1.814 112313
0.333 1.814 112441
0.333 1.814 112569
0.333 1.814 112697
0.362 1.819 112825
0.362 1.819 112953
0.387 1.825 113081
0.387 1.825 113209
0.387 1.825 113337
0.416 1.837 113465
0.416 1.837 113593
0.416 1.837 113721
0.369 1.837 113849
0.369 1.837 113977
0.398 1.837 114105
0.398 1.837 114233
0.398 1.837 114361
0.430 1.843 114489
0.430 1.843 114617
0.430 1.843 114745
0.383 1.860 114873
0.383 1.860 115001
0.407 1.860 115129
0.407 1.860 115257
0.407 1.860 115385
0.440 1.884 115513
0.440 1.884 115641
0.440 1.884 115769
0.474 1.860 115897
0.474 1.860 116025
0.351 1.884 116153
0.351 1.884 116281
0.351 1.884 116409
0.377 1.884 116537
0.377 1.884 116665
0.377 1.884 116793
0.413 1.884 116921
0.413 1.884 117049
0.413 1.884 117177
0.378 1.884 117305
0.378 1.884 117433
0.407 1.895 117561
0.407 1.895 117689
0.407 1.895 117817
0.444 1.895 117945
0.444 1.895 118073
0.444 1.895 118201
0.474 1.907 118329
0.474 1.907 118457
0.351 1.907 118585
0.351 1.907 118713
0.351 1.907 118841
0.374 1.913 118969
0.374 1.913 119097
0.374 1.913 119225
0.402 1.930 119353
0.402 1.930 119481
0.356 1.930 119609
0.356 1.930 119737
0.356 1.930 119865
0.382 1.930 119993
0.382 1.930 120121
0.382 1.930 120249
0.408 1.942 120377
0.408 1.942 120505
0.441 1.942 120633
0.441 1.942 120761
0.441 1.942 120889
0.399 1.954 121017
0.399 1.954 121145
0.399 1.954 121273
0.421 1.954 121401
0.421 1.954 121529
0.421 1.954 121657
0.457 1.945 121785
0.457 1.945 121913
0.341 1.977 122041
0.341 1.977 122169
0.341 1.977 122297
0.364 1.977 122425
0.364 1.977 122553
0.364 1.977 122681
0.389 1.977 122809
0.389 1.977 122937
0.421 1.977 123065
0.421 1.977 123193
0.421 1.977 123321
0.371 1.989 123449
0.371 1.989 123577
0.371 1.989 123705
0.411 2.000 123833
0.411 2.000 123961
0.444 2.000 124089
0.444 2.000 124217
0.444 2.000 124345
0.332 2.000 124473
0.332 2.000 124601
0.332 2.000 124729
0.360 2.000 124857
0.360 2.000 124985
0.386 2.012 125113
0.386 2.012 125241
0.386 2.012 125369
0.421 2.024 125497
0.421 2.024 125625
0.421 2.024 125753
0.371 2.015 125881
0.371 2.015 126009
0.371 2.015 126137
0.396 2.024 126265
0.396 2.024 126393
0.429 2.029 126521
0.429 2.029 126649
0.429 2.029 126777
0.383 2.047 126905
0.383 2.047 127033
0.383 2.047 127161
0.409 2.032 127289
0.409 2.032 127417
0.438 2.047 127545
0.438 2.047 127673
0.438 2.047 127801
0.478 2.047 127929
0.478 2.047 128057
0.478 2.047 128185
0.353 2.094 128313
0.353 2.094 128441
0.378 2.059 128569
0.378 2.059 128697
0.378 2.059 128825
0.404 2.070 128953
0.404 2.070 129081
0.404 2.070 129209
0.360 2.082 129337
0.360 2.082 129465
0.386 2.094 129593
0.386 2.094 129721
0.386 2.094 129849
0.416 2.094 129977
0.416 2.094 130105
0.416 2.094 130233
0.400 2.094 130361
0.400 2.094 130489
0.400 2.094 130617
0.317 2.094 130745
0.317 2.094 130873
0.362 2.099 131001
0.362 2.099 131129
0.362 2.099 131257
0.398 2.117 131385
0.398 2.117 131513
0.398 2.117 131641
0.354 2.105 131769
0.354 2.105 131897
0.381 2.117 132025
0.381 2.117 132153
0.381 2.117 132281
0.408 2.117 132409
0.408 2.117 132537
0.408 2.117 132665
0.441 2.123 132793
0.441 2.123 132921
0.393 2.140 133049
0.393 2.140 133177
0.393 2.140 133305
0.423 2.140 133433
0.423 2.140 133561
0.423 2.140 133689
0.451 2.146 133817
0.451 2.146 133945
0.364 2.146 134073
0.364 2.146 134201
0.364 2.146 134329
0.366 2.164 134457
0.366 2.164 134585
0.366 2.164 134713
0.396 2.164 134841
0.396 2.164 134969
0.396 2.164 135097
0.423 2.172 135225
0.423 2.172 135353
0.372 2.175 135481
0.372 2.175 135609
0.372 2.175 135737
0.396 2.187 135865
0.396 2.187 135993
0.396 2.187 136121
0.427 2.187 136249
0.427 2.187 136377
0.419 2.187 136505
0.419 2.187 136633
0.419 2.187 136761
0.405 2.193 136889
0.405 2.193 137017
0.405 2.193 137145
0.373 2.210 137273
0.373 2.210 137401
0.410 2.210 137529
0.410 2.210 137657
0.410 2.210 137785
0.371 2.210 137913
0.371 2.210 138041
0.371 2.210 138169
0.398 2.216 138297
0.398 2.216 138425
0.429 2.216 138553
0.429 2.216 138681
0.429 2.216 138809
0.443 2.222 138937
0.443 2.222 139065
0.443 2.222 139193
0.410 2.234 139321
0.410 2.234 139449
0.410 2.234 139577
0.436 2.234 139705
0.436 2.234 139833
0.474 2.234 139961
0.474 2.234 140089
0.474 2.234 140217
0.355 2.257 140345
0.355 2.257 140473
0.355 2.257 140601
0.381 2.257 140729
0.381 2.257 140857
0.407 2.257 140985
0.407 2.257 141113
0.407 2.257 141241
0.427 2.257 141369
0.427 2.257 141497
0.427 2.257 141625
0.389 2.269 141753
0.389 2.269 141881
0.417 2.280 142009
0.417 2.280 142137
0.417 2.280 142265
0.453 2.280 142393
0.453 2.280 142521
0.453 2.280 142649
0.393 2.286 142777
0.393 2.286 142905
0.423 2.286 143033
0.423 2.286 143161
0.423 2.286 143289
0.451 2.304 143417
0.451 2.304 143545
0.451 2.304 143673
0.485 2.304 143801
0.485 2.304 143929
0.485 2.304 144057
0.366 2.304 144185
0.366 2.304 144313
0.401 2.307 144441
0.401 2.307 144569
0.401 2.307 144697
0.436 2.327 144825
0.436 2.327 144953
0.436 2.327 145081
0.397 2.318 145209
0.397 2.318 145337
0.429 2.327 145465
0.429 2.327 145593
0.429 2.327 145721
0.457 2.327 145849
0.457 2.327 145977
0.457 2.327 146105
0.493 2.327 146233
0.493 2.327 146361
0.366 2.350 146489
0.366 2.350 146617
0.366 2.350 146745
0.395 2.350 146873
0.395 2.350 147001
0.395 2.350 147129
0.421 2.350 147257
0.421 2.350 147385
0.371 2.374 147513
0.371 2.374 147641
0.371 2.374 147769
0.400 2.374 147897
0.400 2.374 148025
0.400 2.374 148153
0.426 2.374 148281
0.426 2.374 148409
0.426 2.374 148537
0.451 2.374 148665
0.451 2.374 148793
0.407 2.379 148921
0.407 2.379 149049
0.407 2.379 149177
0.442 2.397 149305
0.442 2.397 149433
0.442 2.397 149561
0.474 2.385 149689
0.474 2.385 149817
0.360 2.397 149945
0.360 2.397 150073
0.360 2.397 150201
0.379 2.397 150329
0.379 2.397 150457
0.379 2.397 150585
0.405 2.403 150713
0.405 2.403 150841
0.442 2.420 150969
0.442 2.420 151097
0.442 2.420 151225
0.400 2.420 151353
0.400 2.420 151481
0.400 2.420 151609
0.436 2.420 151737
0.436 2.420 151865
0.468 2.420 151993
0.468 2.420 152121
0.468 2.420 152249
0.355 2.444 152377
0.355 2.444 152505
0.355 2.444 152633
0.379 2.444 152761
0.379 2.444 152889
0.379 2.444 153017
0.410 2.444 153145
0.410 2.444 153273
0.440 2.467 153401
0.440 2.467 153529
0.440 2.467 153657
0.391 2.458 153785
0.391 2.458 153913
0.391 2.458 154041
0.419 2.467 154169
0.419 2.467 154297
0.448 2.467 154425
0.448 2.467 154553
0.448 2.467 154681
0.368 2.473 154809
0.368 2.473 154937
0.368 2.473 155065
0.407 2.490 155193
0.407 2.490 155321
0.446 2.490 155449
0.446 2.490 155577
0.446 2.490 155705
0.489 2.490 155833
0.489 2.490 155961
0.489 2.490 156089
0.366 2.490 156217
0.366 2.490 156345
0.393 2.496 156473
0.393 2.496 156601
0.393 2.496 156729
0.420 2.493 156857
0.420 2.493 156985
0.420 2.493 157113
0.377 2.514 157241
0.377 2.514 157369
0.377 2.514 157497
0.406 2.514 157625
0.406 2.514 157753
0.432 2.519 157881
0.432 2.519 158009
0.432 2.519 158137
0.478 2.519 158265
0.478 2.519 158393
0.478 2.519 158521
0.366 2.537 158649
0.366 2.537 158777
0.393 2.537 158905
0.393 2.537 159033
0.393 2.537 159161
0.426 2.537 159289
0.426 2.537 159417
0.426 2.537 159545
0.374 2.560 159673
0.374 2.560 159801
0.400 2.560 159929
0.400 2.560 160057
0.400 2.560 160185
0.429 2.560 160313
0.429 2.560 160441
0.429 2.560 160569
0.462 2.560 160697
0.462 2.560 160825
0.408 2.566 160953
0.408 2.566 161081
0.408 2.566 161209
0.436 2.584 161337
0.436 2.584 161465
0.436 2.584 161593
0.470 2.584 161721
0.470 2.584 161849
0.470 2.584 161977
0.360 2.584 162105
0.360 2.584 162233
0.388 2.589 162361
0.388 2.589 162489
0.388 2.589 162617
0.410 2.589 162745
0.410 2.589 162873
0.410 2.589 163001
0.444 2.589 163129
0.444 2.589 163257
0.390 2.607 163385
0.390 2.607 163513
0.390 2.607 163641
0.418 2.613 163769
0.418 2.613 163897
0.418 2.613 164025
0.442 2.613 164153
0.442 2.613 164281
0.400 2.630 164409
0.400 2.630 164537
0.400 2.630 164665
0.425 2.613 164793
0.425 2.613 164921
0.425 2.613 165049
0.391 2.630 165177
0.391 2.630 165305
0.430 2.636 165433
0.430 2.636 165561
0.430 2.636 165689
0.388 2.642 165817
0.388 2.642 165945
0.388 2.642 166073
0.425 2.654 166201
0.425 2.654 166329
0.425 2.654 166457
0.450 2.645 166585
0.450 2.645 166713
0.433 2.654 166841
0.433 2.654 166969
0.433 2.654 167097
0.426 2.677 167225
0.426 2.677 167353
0.426 2.677 167481
0.455 2.677 167609
0.455 2.677 167737
0.489 2.677 167865
0.489 2.677 167993
0.489 2.677 168121
0.369 2.668 168249
0.369 2.668 168377
0.369 2.668 168505
0.396 2.683 168633
0.396 2.683 168761
0.420 2.700 168889
0.420 2.700 169017
0.420 2.700 169145
0.426 2.700 169273
0.426 2.700 169401
0.426 2.700 169529
0.409 2.706 169657
0.409 2.706 169785
0.435 2.712 169913
0.435 2.712 170041
0.435 2.712 170169
0.463 2.724 170297
0.463 2.724 170425
0.463 2.724 170553
0.412 2.724 170681
0.412 2.724 170809
0.412 2.724 170937
0.442 2.724 171065
0.442 2.724 171193
0.474 2.724 171321
0.474 2.724 171449
0.474 2.724 171577
0.487 2.747 171705
0.487 2.747 171833
0.487 2.747 171961
0.383 2.747 172089
0.383 2.747 172217
0.421 2.747 172345
0.421 2.747 172473
0.421 2.747 172601
0.457 2.747 172729
0.457 2.747 172857
0.457 2.747 172985
0.421 2.770 173113
0.421 2.770 173241
0.442 2.770 173369
0.442 2.770 173497
0.442 2.770 173625
0.476 2.770 173753
0.476 2.770 173881
0.476 2.770 174009
0.501 2.770 174137
0.501 2.770 174265
0.386 2.770 174393
0.386 2.770 174521
0.386 2.770 174649
0.410 2.794 174777
0.410 2.794 174905
0.410 2.794 175033
0.438 2.794 175161
0.438 2.794 175289
0.438 2.794 175417
0.393 2.794 175545
0.393 2.794 175673
0.419 2.794 175801
0.419 2.794 175929
0.419 2.794 176057
0.444 2.817 176185
0.444 2.817 176313
0.444 2.817 176441
0.472 2.817 176569
0.472 2.817 176697
0.434 2.817 176825
0.434 2.817 176953
0.434 2.817 177081
0.462 2.817 177209
0.462 2.817 177337
0.462 2.817 177465
0.499 2.817 177593
0.499 2.817 177721
0.377 2.840 177849
0.377 2.840 177977
0.377 2.840 178105
0.402 2.840 178233
0.402 2.840 178361
0.402 2.840 178489
0.427 2.840 178617
0.427 2.840 178745
0.459 2.840 178873
0.459 2.840 179001
0.459 2.840 179129
0.370 2.864 179257
0.370 2.864 179385
0.370 2.864 179513
0.424 2.852 179641
0.424 2.852 179769
0.424 2.852 179897
0.474 2.864 180025
0.474 2.864 180153
0.365 2.869 180281
0.365 2.869 180409
0.365 2.869 180537
0.396 2.869 180665
0.396 2.869 180793
0.396 2.869 180921
0.423 2.887 181049
0.423 2.887 181177
0.455 2.887 181305
0.455 2.887 181433
0.455 2.887 181561
0.408 2.887 181689
0.408 2.887 181817
0.408 2.887 181945
0.436 2.910 182073
0.436 2.910 182201
0.465 2.910 182329
0.465 2.910 182457
0.465 2.910 182585
0.413 2.910 182713
0.413 2.910 182841
0.413 2.910 182969
0.444 2.910 183097
0.444 2.910 183225
0.473 2.910 183353
0.473 2.910 183481
0.473 2.910 183609
0.518 2.922 183737
0.518 2.922 183865
0.518 2.922 183993
0.389 2.934 184121
0.389 2.934 184249
0.389 2.934 184377
0.417 2.934 184505
0.417 2.934 184633
0.444 2.945 184761
0.444 2.945 184889
0.444 2.945 185017
0.404 2.934 185145
0.404 2.934 185273
0.404 2.934 185401
0.418 2.945 185529
0.418 2.945 185657
0.448 2.957 185785
0.448 2.957 185913
0.448 2.957 186041
0.501 2.957 186169
0.501 2.957 186297
0.501 2.957 186425
0.385 2.980 186553
0.385 2.980 186681
0.417 2.963 186809
0.417 2.963 186937
0.417 2.963 187065
0.443 2.980 187193
0.443 2.980 187321
0.443 2.980 187449
0.395 2.966 187577
0.395 2.966 187705
0.419 2.986 187833
0.419 2.986 187961
0.419 2.986 188089
0.448 2.992 188217
0.448 2.992 188345
0.448 2.992 188473
0.476 3.004 188601
0.476 3.004 188729
0.476 3.004 188857
0.430 3.004 188985
0.430 3.004 189113
0.459 3.004 189241
0.459 3.004 189369
0.459 3.004 189497
0.495 3.015 189625
0.495 3.015 189753
0.495 3.015 189881
0.385 3.027 190009
0.385 3.027 190137
0.406 3.027 190265
0.406 3.027 190393
0.406 3.027 190521
0.436 3.027 190649
0.436 3.027 190777
0.436 3.027 190905
0.466 3.027 191033
0.466 3.027 191161
0.413 3.039 191289
0.413 3.039 191417
0.413 3.039 191545
0.429 3.050 191673
0.429 3.050 191801
0.429 3.050 191929
0.459 3.050 192057
0.459 3.050 192185
0.421 3.050 192313
0.421 3.050 192441
0.421 3.050 192569
0.446 3.062 192697
0.446 3.062 192825
0.446 3.062 192953
0.410 3.074 193081
0.410 3.074 193209
0.410 3.074 193337
0.445 3.074 193465
0.445 3.074 193593
0.410 3.074 193721
0.410 3.074 193849
0.410 3.074 193977
0.438 3.079 194105
0.438 3.079 194233
0.438 3.079 194361
0.474 3.097 194489
0.474 3.097 194617
0.417 3.097 194745
0.417 3.097 194873
0.417 3.097 195001
0.444 3.097 195129
0.444 3.097 195257
0.444 3.097 195385
0.474 3.109 195513
0.474 3.109 195641
0.514 3.097 195769
0.514 3.097 195897
0.514 3.097 196025
0.393 3.120 196153
0.393 3.120 196281
0.393 3.120 196409
0.415 3.120 196537
0.415 3.120 196665
0.446 3.120 196793
0.446 3.120 196921
0.446 3.120 197049
0.408 3.126 197177
0.408 3.126 197305
0.408 3.126 197433
0.433 3.126 197561
0.433 3.126 197689
0.433 3.126 197817
0.451 3.144 197945
0.451 3.144 198073
0.484 3.135 198201
0.484 3.135 198329
0.484 3.135 198457
0.434 3.149 198585
