0.459 3.774 237753
0.480 3.774 237881
0.480 3.774 238009
0.480 3.774 238137
0.514 3.774 238265
0.514 3.774 238393
0.000 0.000 57
0.000 0.000 185
0.000 0.000 313
-0.005 5.856 441
-0.005 5.856 569
-0.009 5.856 697
-0.009 5.856 825
-0.009 5.856 953
-0.002 5.850 1081
-0.002 5.850 1209
-0.002 5.850 1337
1.073 5.763 1465
1.073 5.763 1593
1.073 5.763 1721
1.060 5.760 1849
1.060 5.760 1977
1.060 5.763 2105
1.060 5.763 2233
1.060 5.763 2361
1.060 5.757 2489
1.060 5.757 2617
1.060 5.757 2745
0.918 1.510 2873
0.918 1.510 3001
0.918 1.230 3129
0.918 1.230 3257
0.918 1.230 3385
0.918 1.114 3513
0.918 1.114 3641
0.918 1.114 3769
0.919 1.114 3897
0.919 1.114 4025
0.918 1.114 4153
0.918 1.114 4281
0.918 1.114 4409
0.919 1.114 4537
0.919 1.114 4665
0.919 1.114 4793
0.918 1.090 4921
0.918 1.090 5049
0.920 1.096 5177
0.920 1.096 5305
0.920 1.096 5433
0.918 1.096 5561
0.918 1.096 5689
0.918 1.096 5817
0.920 1.102 5945
0.920 1.102 6073
0.920 1.102 6201
0.920 1.102 6329
0.920 1.102 6457
0.918 1.096 6585
0.918 1.096 6713
0.918 1.096 6841
0.920 1.090 6969
0.920 1.090 7097
0.920 1.090 7225
0.920 1.032 7353
0.920 1.032 7481
0.920 0.979 7609
0.920 0.979 7737
0.920 0.979 7865
0.919 0.974 7993
0.919 0.974 8121
0.919 0.974 8249
0.919 0.974 8377
0.919 0.974 8505
0.920 0.974 8633
0.920 0.974 8761
0.920 0.974 8889
0.919 0.962 9017
0.919 0.962 9145
0.919 0.962 9273
0.920 0.956 9401
0.920 0.956 9529
0.920 0.933 9657
0.920 0.933 9785
0.920 0.933 9913
0.920 0.857 10041
0.920 0.857 10169
0.920 0.857 10297
0.920 0.764 10425
0.920 0.764 10553
0.920 0.764 10681
0.920 0.682 10809
0.920 0.682 10937
0.920 0.600 11065
0.920 0.600 11193
0.920 0.600 11321
0.920 0.519 11449
0.920 0.519 11577
0.920 0.519 11705
0.920 0.437 11833
0.920 0.437 11961
0.920 0.367 12089
0.920 0.367 12217
0.920 0.367 12345
0.918 0.285 12473
0.918 0.285 12601
0.918 0.285 12729
0.919 0.215 12857
0.919 0.215 12985
0.918 0.145 13113
0.918 0.145 13241
0.918 0.145 13369
0.949 0.166 13497
0.949 0.166 13625
0.949 0.166 13753
-0.855 0.326 13881
-0.855 0.326 14009
-0.503 0.309 14137
-0.503 0.309 14265
-0.503 0.309 14393
-0.196 0.297 14521
-0.196 0.297 14649
-0.196 0.297 14777
-0.006 0.279 14905
-0.006 0.279 15033
-0.006 0.279 15161
0.115 0.274 15289
0.115 0.274 15417
0.131 0.279 15545
0.131 0.279 15673
0.131 0.279 15801
0.199 0.288 15929
0.199 0.288 16057
0.199 0.288 16185
0.258 0.297 16313
0.258 0.297 16441
0.156 0.320 16569
0.156 0.320 16697
0.156 0.320 16825
0.196 0.320 16953
0.196 0.320 17081
0.196 0.320 17209
0.233 0.320 17337
0.233 0.320 17465
0.266 0.320 17593
0.266 0.320 17721
0.266 0.320 17849
0.230 0.326 17977
0.230 0.326 18105
0.230 0.326 18233
0.262 0.344 18361
0.262 0.344 18489
0.297 0.344 18617
0.297 0.344 18745
0.297 0.344 18873
0.258 0.344 19001
0.258 0.344 19129
0.258 0.344 19257
0.230 0.349 19385
0.230 0.349 19513
0.230 0.349 19641
0.266 0.349 19769
0.266 0.349 19897
0.307 0.355 20025
0.307 0.355 20153
0.307 0.355 20281
0.258 0.367 20409
0.258 0.367 20537
0.258 0.367 20665
0.291 0.367 20793
0.291 0.367 20921
0.326 0.373 21049
0.326 0.373 21177
0.326 0.373 21305
0.283 0.379 21433
0.283 0.379 21561
0.283 0.379 21689
0.313 0.379 21817
0.313 0.379 21945
0.345 0.390 22073
0.345 0.390 22201
0.345 0.390 22329
0.386 0.390 22457
0.386 0.390 22585
0.386 0.390 22713
0.264 0.402 22841
0.264 0.402 22969
0.290 0.414 23097
0.290 0.414 23225
0.290 0.414 23353
0.321 0.414 23481
0.321 0.414 23609
0.321 0.414 23737
0.275 0.419 23865
0.275 0.419 23993
0.275 0.419 24121
0.300 0.425 24249
0.300 0.425 24377
0.334 0.437 24505
0.334 0.437 24633
0.334 0.437 24761
0.366 0.437 24889
0.366 0.437 25017
0.366 0.437 25145
0.317 0.437 25273
0.317 0.437 25401
0.350 0.437 25529
0.350 0.437 25657
0.350 0.437 25785
0.385 0.449 25913
0.385 0.449 26041
0.385 0.449 26169
0.269 0.460 26297
0.269 0.460 26425
0.298 0.460 26553
0.298 0.460 26681
0.298 0.460 26809
0.336 0.460 26937
0.336 0.460 27065
0.336 0.460 27193
0.374 0.466 27321
0.374 0.466 27449
0.325 0.475 27577
0.325 0.475 27705
0.325 0.475 27833
0.355 0.484 27961
0.355 0.484 28089
0.355 0.484 28217
0.391 0.484 28345
0.391 0.484 28473
0.391 0.484 28601
0.277 0.487 28729
0.277 0.487 28857
0.301 0.507 28985
0.301 0.507 29113
0.301 0.507 29241
0.326 0.507 29369
0.326 0.507 29497
0.326 0.507 29625
0.355 0.507 29753
0.355 0.507 29881
0.309 0.513 30009
0.309 0.513 30137
0.309 0.513 30265
0.338 0.530 30393
0.338 0.530 30521
0.338 0.530 30649
0.368 0.530 30777
0.368 0.530 30905
0.322 0.530 31033
0.322 0.530 31161
0.322 0.530 31289
0.351 0.530 31417
0.351 0.530 31545
0.351 0.530 31673
0.383 0.536 31801
0.383 0.536 31929
0.421 0.536 32057
0.421 0.536 32185
0.421 0.536 32313
0.280 0.554 32441
0.280 0.554 32569
0.280 0.554 32697
0.313 0.554 32825
0.313 0.554 32953
0.313 0.554 33081
0.348 0.554 33209
0.348 0.554 33337
0.317 0.577 33465
0.317 0.577 33593
0.317 0.577 33721
0.351 0.577 33849
0.351 0.577 33977
0.351 0.577 34105
0.383 0.577 34233
0.383 0.577 34361
0.412 0.577 34489
0.412 0.577 34617
0.412 0.577 34745
0.296 0.589 34873
0.296 0.589 35001
0.296 0.589 35129
0.324 0.600 35257
0.324 0.600 35385
0.348 0.600 35513
0.348 0.600 35641
0.348 0.600 35769
0.307 0.606 35897
0.307 0.606 36025
0.307 0.606 36153
0.345 0.612 36281
0.345 0.612 36409
0.365 0.624 36537
0.365 0.624 36665
0.365 0.624 36793
0.396 0.624 36921
0.396 0.624 37049
0.396 0.624 37177
0.349 0.629 37305
0.349 0.629 37433
0.349 0.629 37561
0.377 0.629 37689
0.377 0.629 37817
0.409 0.632 37945
0.409 0.632 38073
0.409 0.632 38201
0.294 0.647 38329
0.294 0.647 38457
0.294 0.647 38585
0.311 0.653 38713
0.311 0.653 38841
0.341 0.653 38969
0.341 0.653 39097
0.341 0.653 39225
0.372 0.659 39353
0.372 0.659 39481
0.372 0.659 39609
0.324 0.670 39737
0.324 0.670 39865
0.365 0.662 39993
0.365 0.662 40121
0.365 0.662 40249
0.400 0.670 40377
0.400 0.670 40505
0.400 0.670 40633
0.360 0.682 40761
0.360 0.682 40889
0.320 0.682 41017
0.320 0.682 41145
0.320 0.682 41273
0.343 0.694 41401
0.343 0.694 41529
0.343 0.694 41657
0.373 0.694 41785
0.373 0.694 41913
0.373 0.694 42041
0.327 0.717 42169
0.327 0.717 42297
0.353 0.705 42425
0.353 0.705 42553
0.353 0.705 42681
0.381 0.717 42809
0.381 0.717 42937
0.381 0.717 43065
0.393 0.723 43193
0.393 0.723 43321
0.364 0.723 43449
0.364 0.723 43577
0.364 0.723 43705
0.393 0.723 43833
0.393 0.723 43961
0.393 0.723 44089
0.430 0.740 44217
0.430 0.740 44345
0.311 0.746 44473
0.311 0.746 44601
0.311 0.746 44729
0.332 0.752 44857
0.332 0.752 44985
0.332 0.752 45113
0.360 0.752 45241
0.360 0.752 45369
0.379 0.752 45497
0.379 0.752 45625
0.379 0.752 45753
0.343 0.764 45881
0.343 0.764 46009
0.343 0.764 46137
0.368 0.764 46265
0.368 0.764 46393
0.368 0.764 46521
0.400 0.767 46649
0.400 0.767 46777
0.297 0.787 46905
0.297 0.787 47033
0.297 0.787 47161
0.328 0.787 47289
0.328 0.787 47417
0.328 0.787 47545
0.360 0.787 47673
0.360 0.787 47801
0.386 0.793 47929
0.386 0.793 48057
0.386 0.793 48185
0.338 0.799 48313
0.338 0.799 48441
0.338 0.799 48569
0.366 0.810 48697
0.366 0.810 48825
0.396 0.810 48953
0.396 0.810 49081
0.396 0.810 49209
0.353 0.822 49337
0.353 0.822 49465
0.353 0.822 49593
0.381 0.834 49721
0.381 0.834 49849
0.412 0.834 49977
0.412 0.834 50105
0.412 0.834 50233
0.445 0.834 50361
0.445 0.834 50489
0.445 0.834 50617
0.324 0.845 50745
0.324 0.845 50873
0.324 0.845 51001
0.347 0.845 51129
0.347 0.845 51257
0.379 0.857 51385
0.379 0.857 51513
0.379 0.857 51641
0.327 0.857 51769
0.327 0.857 51897
0.327 0.857 52025
0.354 0.857 52153
0.354 0.857 52281
0.382 0.869 52409
0.382 0.869 52537
0.382 0.869 52665
0.414 0.869 52793
0.414 0.869 52921
0.414 0.869 53049
0.368 0.880 53177
0.368 0.880 53305
0.396 0.880 53433
0.396 0.880 53561
0.396 0.880 53689
0.360 0.892 53817
0.360 0.892 53945
0.360 0.892 54073
0.324 0.904 54201
0.324 0.904 54329
0.351 0.904 54457
0.351 0.904 54585
0.351 0.904 54713
0.383 0.909 54841
0.383 0.909 54969
0.383 0.909 55097
0.417 0.904 55225
0.417 0.904 55353
0.417 0.904 55481
0.368 0.927 55609
0.368 0.927 55737
0.393 0.915 55865
0.393 0.915 55993
0.393 0.915 56121
0.429 0.927 56249
0.429 0.927 56377
0.429 0.927 56505
0.311 0.933 56633
0.311 0.933 56761
0.305 0.933 56889
0.305 0.933 57017
0.305 0.933 57145
0.345 0.950 57273
0.345 0.950 57401
0.345 0.950 57529
0.383 0.939 57657
0.383 0.939 57785
0.338 0.956 57913
0.338 0.956 58041
0.338 0.956 58169
0.370 0.950 58297
0.370 0.950 58425
0.370 0.950 58553
0.400 0.962 58681
0.400 0.962 58809
0.353 0.974 58937
0.353 0.974 59065
0.353 0.974 59193
0.382 0.974 59321
0.382 0.974 59449
0.382 0.974 59577
0.410 0.979 59705
0.410 0.979 59833
0.410 0.979 59961
0.448 0.979 60089
0.448 0.979 60217
0.321 0.997 60345
0.321 0.997 60473
0.321 0.997 60601
0.349 0.997 60729
0.349 0.997 60857
0.349 0.997 60985
0.389 0.997 61113
0.389 0.997 61241
0.351 1.003 61369
0.351 1.003 61497
0.351 1.003 61625
0.379 1.006 61753
0.379 1.006 61881
0.379 1.006 62009
0.411 1.020 62137
0.411 1.020 62265
0.451 1.020 62393
0.451 1.020 62521
0.451 1.020 62649
0.326 1.044 62777
0.326 1.044 62905
0.326 1.044 63033
0.347 1.044 63161
0.347 1.044 63289
0.374 1.044 63417
0.374 1.044 63545
0.374 1.044 63673
0.330 1.044 63801
0.330 1.044 63929
0.330 1.044 64057
0.354 1.055 64185
0.354 1.055 64313
0.354 1.055 64441
0.383 1.055 64569
0.383 1.055 64697
0.413 1.067 64825
0.413 1.067 64953
0.413 1.067 65081
0.368 1.067 65209
0.368 1.067 65337
0.368 1.067 65465
0.398 1.073 65593
0.398 1.073 65721
0.432 1.073 65849
0.432 1.073 65977
0.432 1.073 66105
0.312 1.090 66233
0.312 1.090 66361
0.312 1.090 66489
0.336 1.090 66617
0.336 1.090 66745
0.364 1.090 66873
0.364 1.090 67001
0.364 1.090 67129
0.391 1.096 67257
0.391 1.096 67385
0.391 1.096 67513
0.345 1.114 67641
0.345 1.114 67769
0.383 1.114 67897
0.383 1.114 68025
0.383 1.114 68153
0.421 1.114 68281
0.421 1.114 68409
0.421 1.114 68537
0.309 1.114 68665
0.309 1.114 68793
0.309 1.114 68921
0.337 1.125 69049
0.337 1.125 69177
0.362 1.137 69305
0.362 1.137 69433
0.362 1.137 69561
0.391 1.137 69689
0.391 1.137 69817
0.391 1.137 69945
0.347 1.160 70073
0.347 1.160 70201
0.370 1.160 70329
0.370 1.160 70457
0.370 1.160 70585
0.399 1.160 70713
0.399 1.160 70841
0.399 1.160 70969
0.369 1.160 71097
0.369 1.160 71225
0.382 1.160 71353
0.382 1.160 71481
0.382 1.160 71609
0.410 1.160 71737
0.410 1.160 71865
0.410 1.160 71993
0.444 1.172 72121
0.444 1.172 72249
0.324 1.184 72377
0.324 1.184 72505
0.324 1.184 72633
0.349 1.184 72761
0.349 1.184 72889
0.349 1.184 73017
0.376 1.184 73145
0.376 1.184 73273
0.376 1.184 73401
0.377 1.207 73529
0.377 1.207 73657
0.357 1.207 73785
0.357 1.207 73913
0.357 1.207 74041
0.383 1.207 74169
0.383 1.207 74297
0.383 1.207 74425
0.416 1.207 74553
0.416 1.207 74681
0.314 1.230 74809
0.314 1.230 74937
0.314 1.230 75065
0.345 1.219 75193
0.345 1.219 75321
0.345 1.219 75449
0.370 1.230 75577
0.370 1.230 75705
0.389 1.230 75833
0.389 1.230 75961
0.389 1.230 76089
0.351 1.230 76217
0.351 1.230 76345
0.351 1.230 76473
0.383 1.254 76601
0.383 1.254 76729
0.412 1.254 76857
0.412 1.254 76985
0.412 1.254 77113
0.366 1.254 77241
0.366 1.254 77369
0.366 1.254 77497
0.396 1.259 77625
0.396 1.259 77753
0.396 1.259 77881
0.426 1.265 78009
0.426 1.265 78137
0.446 1.277 78265
0.446 1.277 78393
0.446 1.277 78521
0.338 1.277 78649
0.338 1.277 78777
0.338 1.277 78905
0.365 1.289 79033
0.365 1.289 79161
0.389 1.280 79289
0.389 1.280 79417
0.389 1.280 79545
0.345 1.300 79673
0.345 1.300 79801
0.345 1.300 79929
0.368 1.300 80057
0.368 1.300 80185
0.396 1.306 80313
0.396 1.306 80441
0.396 1.306 80569
0.426 1.300 80697
0.426 1.300 80825
0.426 1.300 80953
0.382 1.324 81081
0.382 1.324 81209
0.366 1.324 81337
0.366 1.324 81465
0.366 1.324 81593
0.351 1.324 81721
0.351 1.324 81849
0.351 1.324 81977
0.328 1.335 82105
0.328 1.335 82233
0.328 1.335 82361
0.360 1.347 82489
0.360 1.347 82617
0.392 1.335 82745
0.392 1.335 82873
0.392 1.335 83001
0.425 1.347 83129
0.425 1.347 83257
0.425 1.347 83385
0.377 1.353 83513
0.377 1.353 83641
0.406 1.347 83769
0.406 1.347 83897
0.406 1.347 84025
0.442 1.347 84153
0.442 1.347 84281
0.442 1.347 84409
0.324 1.370 84537
0.324 1.370 84665
0.347 1.376 84793
0.347 1.376 84921
0.347 1.376 85049
0.374 1.376 85177
0.374 1.376 85305
0.374 1.376 85433
0.404 1.376 85561
0.404 1.376 85689
0.360 1.394 85817
0.360 1.394 85945
0.360 1.394 86073
0.383 1.399 86201
0.383 1.399 86329
0.383 1.399 86457
0.415 1.394 86585
0.415 1.394 86713
0.415 1.394 86841
0.365 1.405 86969
0.365 1.405 87097
0.394 1.417 87225
0.394 1.417 87353
0.394 1.417 87481
0.417 1.417 87609
0.417 1.417 87737
0.417 1.417 87865
0.459 1.417 87993
0.459 1.417 88121
0.334 1.429 88249
0.334 1.429 88377
0.334 1.429 88505
0.360 1.440 88633
0.360 1.440 88761
0.360 1.440 88889
0.400 1.440 89017
0.400 1.440 89145
0.362 1.440 89273
0.362 1.440 89401
0.362 1.440 89529
0.396 1.452 89657
0.396 1.452 89785
0.396 1.452 89913
0.423 1.452 90041
0.423 1.452 90169
0.468 1.464 90297
0.468 1.464 90425
0.468 1.464 90553
0.335 1.464 90681
0.335 1.464 90809
0.335 1.464 90937
0.360 1.469 91065
0.360 1.469 91193
0.360 1.469 91321
0.389 1.475 91449
0.389 1.475 91577
0.343 1.487 91705
0.343 1.487 91833
0.343 1.487 91961
0.368 1.487 92089
0.368 1.487 92217
0.368 1.487 92345
0.394 1.499 92473
0.394 1.499 92601
0.429 1.499 92729
0.429 1.499 92857
0.429 1.499 92985
0.382 1.510 93113
0.382 1.510 93241
0.382 1.510 93369
0.413 1.510 93497
0.413 1.510 93625
0.441 1.510 93753
0.441 1.510 93881
0.441 1.510 94009
0.324 1.534 94137
0.324 1.534 94265
0.324 1.534 94393
0.349 1.534 94521
0.349 1.534 94649
0.375 1.534 94777
0.375 1.534 94905
0.375 1.534 95033
0.404 1.534 95161
0.404 1.534 95289
0.404 1.534 95417
0.351 1.539 95545
0.351 1.539 95673
0.351 1.539 95801
0.393 1.557 95929
0.393 1.557 96057
0.432 1.557 96185
0.432 1.557 96313
0.432 1.557 96441
0.324 1.557 96569
0.324 1.557 96697
0.324 1.557 96825
0.347 1.569 96953
0.347 1.569 97081
0.374 1.569 97209
0.374 1.569 97337
0.374 1.569 97465
0.402 1.580 97593
0.402 1.580 97721
0.402 1.580 97849
0.355 1.580 97977
0.355 1.580 98105
0.383 1.586 98233
0.383 1.586 98361
0.383 1.586 98489
0.410 1.586 98617
0.410 1.586 98745
0.410 1.586 98873
0.370 1.604 99001
0.370 1.604 99129
0.393 1.604 99257
0.393 1.604 99385
0.393 1.604 99513
0.419 1.604 99641
0.419 1.604 99769
0.419 1.604 99897
0.455 1.604 100025
0.455 1.604 100153
0.455 1.604 100281
0.334 1.627 100409
0.334 1.627 100537
0.360 1.627 100665
0.360 1.627 100793
0.360 1.627 100921
0.391 1.627 101049
0.391 1.627 101177
0.391 1.627 101305
0.345 1.633 101433
0.345 1.633 101561
0.369 1.639 101689
0.369 1.639 101817
0.369 1.639 101945
0.399 1.650 102073
0.399 1.650 102201
0.399 1.650 102329
0.432 1.650 102457
0.432 1.650 102585
0.328 1.656 102713
0.328 1.656 102841
0.328 1.656 102969
0.357 1.656 103097
0.357 1.656 103225
0.357 1.656 103353
0.388 1.674 103481
0.388 1.674 103609
0.374 1.674 103737
0.374 1.674 103865
0.374 1.674 103993
0.368 1.679 104121
0.368 1.679 104249
0.368 1.679 104377
0.393 1.679 104505
0.393 1.679 104633
0.393 1.679 104761
0.425 1.697 104889
0.425 1.697 105017
0.381 1.697 105145
0.381 1.697 105273
0.381 1.697 105401
0.410 1.697 105529
0.410 1.697 105657
0.410 1.697 105785
0.402 1.697 105913
0.402 1.697 106041
0.410 1.709 106169
0.410 1.709 106297
0.410 1.709 106425
0.339 1.712 106553
0.339 1.712 106681
0.339 1.712 106809
0.370 1.720 106937
0.370 1.720 107065
0.405 1.726 107193
0.405 1.726 107321
0.405 1.726 107449
0.353 1.732 107577
0.353 1.732 107705
0.353 1.732 107833
0.381 1.744 107961
0.381 1.744 108089
0.408 1.744 108217
0.408 1.744 108345
0.408 1.744 108473
0.434 1.744 108601
0.434 1.744 108729
0.434 1.744 108857
0.391 1.749 108985
0.391 1.749 109113
0.391 1.749 109241
0.421 1.767 109369
0.421 1.767 109497
0.387 1.752 109625
0.387 1.752 109753
0.387 1.752 109881
0.351 1.758 110009
0.351 1.758 110137
0.351 1.758 110265
0.382 1.773 110393
0.382 1.773 110521
0.410 1.779 110649
0.410 1.779 110777
0.410 1.779 110905
0.438 1.790 111033
0.438 1.790 111161
0.438 1.790 111289
0.391 1.790 111417
0.391 1.790 111545
0.425 1.802 111673
0.425 1.802 111801
0.425 1.802 111929
0.451 1.790 112057
0.451 1.790 112185
0.451 1.790 112313
0.311 1.814 112441
0.311 1.814 112569
0.311 1.814 112697
0.345 1.799 112825
0.345 1.799 112953
0.377 1.814 113081
0.377 1.814 113209
0.377 1.814 113337
0.410 1.814 113465
0.410 1.814 113593
0.410 1.814 113721
0.364 1.825 113849
0.364 1.825 113977
0.394 1.837 114105
0.394 1.837 114233
0.394 1.837 114361
0.427 1.828 114489
0.427 1.828 114617
0.427 1.828 114745
0.382 1.837 114873
0.382 1.837 115001
0.425 1.860 115129
0.425 1.860 115257
0.425 1.860 115385
0.450 1.860 115513
0.450 1.860 115641
0.450 1.860 115769
0.480 1.860 115897
0.480 1.860 116025
0.351 1.860 116153
0.351 1.860 116281
0.351 1.860 116409
0.378 1.872 116537
0.378 1.872 116665
0.378 1.872 116793
0.415 1.884 116921
0.415 1.884 117049
0.415 1.884 117177
0.380 1.875 117305
0.380 1.875 117433
0.409 1.884 117561
0.409 1.884 117689
0.409 1.884 117817
0.442 1.889 117945
0.442 1.889 118073
0.442 1.889 118201
0.476 1.895 118329
0.476 1.895 118457
0.351 1.907 118585
0.351 1.907 118713
0.351 1.907 118841
0.375 1.907 118969
0.375 1.907 119097
0.375 1.907 119225
0.406 1.907 119353
0.406 1.907 119481
0.357 1.913 119609
0.357 1.913 119737
0.357 1.913 119865
0.381 1.930 119993
0.381 1.930 120121
0.381 1.930 120249
0.410 1.930 120377
0.410 1.930 120505
0.442 1.930 120633
0.442 1.930 120761
0.442 1.930 120889
0.400 1.954 121017
0.400 1.954 121145
0.400 1.954 121273
0.423 1.954 121401
0.423 1.954 121529
0.423 1.954 121657
0.459 1.954 121785
0.459 1.954 121913
0.341 1.954 122041
0.341 1.954 122169
0.341 1.954 122297
0.366 1.965 122425
0.366 1.965 122553
0.366 1.965 122681
0.390 1.977 122809
0.390 1.977 122937
0.421 1.977 123065
0.421 1.977 123193
0.421 1.977 123321
0.371 1.977 123449
0.371 1.977 123577
0.371 1.977 123705
0.412 1.977 123833
0.412 1.977 123961
0.446 1.989 124089
0.446 1.989 124217
0.446 1.989 124345
0.331 2.000 124473
0.331 2.000 124601
0.331 2.000 124729
0.362 2.000 124857
0.362 2.000 124985
0.387 2.000 125113
0.387 2.000 125241
0.387 2.000 125369
0.421 2.024 125497
0.421 2.024 125625
0.421 2.024 125753
0.372 2.024 125881
0.372 2.024 126009
0.372 2.024 126137
0.398 2.024 126265
0.398 2.024 126393
0.427 2.024 126521
0.427 2.024 126649
0.427 2.024 126777
0.383 2.029 126905
0.383 2.029 127033
0.383 2.029 127161
0.410 2.032 127289
0.410 2.032 127417
0.436 2.032 127545
0.436 2.032 127673
0.436 2.032 127801
0.478 2.032 127929
0.478 2.032 128057
0.478 2.032 128185
0.350 2.047 128313
0.350 2.047 128441
0.377 2.053 128569
0.377 2.053 128697
0.377 2.053 128825
0.404 2.070 128953
0.404 2.070 129081
0.404 2.070 129209
0.362 2.070 129337
0.362 2.070 129465
0.387 2.070 129593
0.387 2.070 129721
0.387 2.070 129849
0.417 2.070 129977
0.417 2.070 130105
0.417 2.070 130233
0.400 2.094 130361
0.400 2.094 130489
0.400 2.094 130617
0.316 2.085 130745
0.316 2.085 130873
0.359 2.094 131001
0.359 2.094 131129
0.359 2.094 131257
0.400 2.099 131385
0.400 2.099 131513
0.400 2.099 131641
0.354 2.105 131769
0.354 2.105 131897
0.379 2.117 132025
0.379 2.117 132153
0.379 2.117 132281
0.407 2.108 132409
0.407 2.108 132537
0.407 2.108 132665
0.442 2.117 132793
0.442 2.117 132921
0.398 2.123 133049
0.398 2.123 133177
0.398 2.123 133305
0.423 2.140 133433
0.423 2.140 133561
0.423 2.140 133689
0.453 2.140 133817
0.453 2.140 133945
0.365 2.146 134073
0.365 2.146 134201
0.365 2.146 134329
0.366 2.152 134457
0.366 2.152 134585
0.366 2.152 134713
0.394 2.164 134841
0.394 2.164 134969
0.394 2.164 135097
0.423 2.169 135225
0.423 2.169 135353
0.372 2.164 135481
0.372 2.164 135609
0.372 2.164 135737
0.398 2.164 135865
0.398 2.164 135993
0.398 2.164 136121
0.427 2.187 136249
0.427 2.187 136377
0.419 2.187 136505
0.419 2.187 136633
0.419 2.187 136761
0.405 2.187 136889
0.405 2.187 137017
0.405 2.187 137145
0.372 2.187 137273
0.372 2.187 137401
0.408 2.210 137529
0.408 2.210 137657
0.408 2.210 137785
0.372 2.210 137913
0.372 2.210 138041
0.372 2.210 138169
0.396 2.210 138297
0.396 2.210 138425
0.429 2.210 138553
0.429 2.210 138681
0.429 2.210 138809
0.445 2.210 138937
0.445 2.210 139065
0.445 2.210 139193
0.410 2.234 139321
0.410 2.234 139449
0.410 2.234 139577
0.438 2.219 139705
0.438 2.219 139833
0.472 2.234 139961
0.472 2.234 140089
0.472 2.234 140217
0.352 2.234 140345
0.352 2.234 140473
0.352 2.234 140601
0.377 2.239 140729
0.377 2.239 140857
0.407 2.245 140985
0.407 2.245 141113
0.407 2.245 141241
0.427 2.257 141369
0.427 2.257 141497
0.427 2.257 141625
0.391 2.257 141753
0.391 2.257 141881
0.417 2.280 142009
0.417 2.280 142137
0.417 2.280 142265
0.453 2.280 142393
0.453 2.280 142521
0.453 2.280 142649
0.396 2.280 142777
0.396 2.280 142905
0.424 2.280 143033
0.424 2.280 143161
0.424 2.280 143289
0.453 2.280 143417
0.453 2.280 143545
0.453 2.280 143673
0.487 2.304 143801
0.487 2.304 143929
0.487 2.304 144057
0.366 2.292 144185
0.366 2.292 144313
0.400 2.304 144441
0.400 2.304 144569
0.400 2.304 144697
0.436 2.315 144825
0.436 2.315 144953
0.436 2.315 145081
0.396 2.307 145209
0.396 2.307 145337
0.432 2.327 145465
0.432 2.327 145593
0.432 2.327 145721
0.455 2.327 145849
0.455 2.327 145977
0.455 2.327 146105
0.495 2.327 146233
0.495 2.327 146361
0.366 2.339 146489
0.366 2.339 146617
0.366 2.339 146745
0.394 2.350 146873
0.394 2.350 147001
0.394 2.350 147129
0.423 2.350 147257
0.423 2.350 147385
0.373 2.356 147513
0.373 2.356 147641
0.373 2.356 147769
0.402 2.362 147897
0.402 2.362 148025
0.402 2.362 148153
0.426 2.362 148281
0.426 2.362 148409
0.426 2.362 148537
0.453 2.374 148665
0.453 2.374 148793
0.408 2.374 148921
0.408 2.374 149049
0.408 2.374 149177
0.442 2.374 149305
0.442 2.374 149433
0.442 2.374 149561
0.474 2.379 149689
0.474 2.379 149817
0.355 2.397 149945
0.355 2.397 150073
0.355 2.397 150201
0.382 2.397 150329
0.382 2.397 150457
0.382 2.397 150585
0.408 2.397 150713
0.408 2.397 150841
0.438 2.400 150969
0.438 2.400 151097
0.438 2.400 151225
0.402 2.420 151353
0.402 2.420 151481
0.402 2.420 151609
0.436 2.420 151737
0.436 2.420 151865
0.468 2.420 151993
0.468 2.420 152121
0.468 2.420 152249
0.352 2.432 152377
0.352 2.432 152505
0.352 2.432 152633
0.380 2.432 152761
0.380 2.432 152889
0.380 2.432 153017
0.410 2.444 153145
0.410 2.444 153273
0.438 2.444 153401
0.438 2.444 153529
0.438 2.444 153657
0.391 2.444 153785
0.391 2.444 153913
0.391 2.444 154041
0.417 2.455 154169
0.417 2.455 154297
0.450 2.452 154425
0.450 2.452 154553
0.450 2.452 154681
0.366 2.467 154809
0.366 2.467 154937
0.366 2.467 155065
0.408 2.473 155193
0.408 2.473 155321
0.445 2.473 155449
0.445 2.473 155577
0.445 2.473 155705
0.489 2.490 155833
0.489 2.490 155961
0.489 2.490 156089
0.368 2.490 156217
0.368 2.490 156345
0.391 2.490 156473
0.391 2.490 156601
0.391 2.490 156729
0.424 2.496 156857
0.424 2.496 156985
0.424 2.496 157113
0.377 2.514 157241
0.377 2.514 157369
0.377 2.514 157497
0.402 2.514 157625
0.402 2.514 157753
0.429 2.514 157881
0.429 2.514 158009
0.429 2.514 158137
0.480 2.514 158265
0.480 2.514 158393
0.480 2.514 158521
0.366 2.537 158649
0.366 2.537 158777
0.395 2.537 158905
0.395 2.537 159033
0.395 2.537 159161
0.429 2.537 159289
0.429 2.537 159417
0.429 2.537 159545
0.375 2.537 159673
0.375 2.537 159801
0.403 2.540 159929
0.403 2.540 160057
0.403 2.540 160185
0.430 2.560 160313
0.430 2.560 160441
0.430 2.560 160569
0.464 2.560 160697
0.464 2.560 160825
0.407 2.560 160953
0.407 2.560 161081
0.407 2.560 161209
0.438 2.560 161337
0.438 2.560 161465
0.438 2.560 161593
0.472 2.584 161721
0.472 2.584 161849
0.472 2.584 161977
0.360 2.584 162105
0.360 2.584 162233
0.389 2.584 162361
0.389 2.584 162489
0.389 2.584 162617
0.408 2.584 162745
0.408 2.584 162873
0.408 2.584 163001
0.442 2.589 163129
0.442 2.589 163257
0.389 2.589 163385
0.389 2.589 163513
0.389 2.589 163641
0.417 2.607 163769
0.417 2.607 163897
0.417 2.607 164025
0.441 2.613 164153
0.441 2.613 164281
0.400 2.613 164409
0.400 2.613 164537
0.400 2.613 164665
0.427 2.630 164793
0.427 2.630 164921
0.427 2.630 165049
0.391 2.630 165177
0.391 2.630 165305
0.430 2.630 165433
0.430 2.630 165561
0.430 2.630 165689
0.390 2.642 165817
0.390 2.642 165945
0.390 2.642 166073
0.421 2.654 166201
0.421 2.654 166329
0.421 2.654 166457
0.451 2.654 166585
0.451 2.654 166713
0.434 2.654 166841
0.434 2.654 166969
0.434 2.654 167097
0.424 2.654 167225
0.424 2.654 167353
0.424 2.654 167481
0.453 2.659 167609
0.453 2.659 167737
0.487 2.677 167865
0.487 2.677 167993
0.487 2.677 168121
0.370 2.668 168249
0.370 2.668 168377
0.370 2.668 168505
0.396 2.677 168633
0.396 2.677 168761
0.419 2.689 168889
0.419 2.689 169017
0.419 2.689 169145
0.433 2.700 169273
0.433 2.700 169401
0.433 2.700 169529
0.407 2.700 169657
0.407 2.700 169785
0.438 2.700 169913
0.438 2.700 170041
0.438 2.700 170169
0.464 2.700 170297
0.464 2.700 170425
0.464 2.700 170553
0.410 2.724 170681
0.410 2.724 170809
0.410 2.724 170937
0.438 2.724 171065
0.438 2.724 171193
0.474 2.724 171321
0.474 2.724 171449
0.474 2.724 171577
0.487 2.724 171705
0.487 2.724 171833
0.487 2.724 171961
0.383 2.735 172089
0.383 2.735 172217
0.420 2.732 172345
0.420 2.732 172473
0.420 2.732 172601
0.455 2.747 172729
0.455 2.747 172857
0.455 2.747 172985
0.421 2.747 173113
0.421 2.747 173241
0.438 2.753 173369
0.438 2.753 173497
0.438 2.753 173625
0.474 2.753 173753
0.474 2.753 173881
0.474 2.753 174009
0.501 2.770 174137
0.501 2.770 174265
0.387 2.770 174393
0.387 2.770 174521
0.387 2.770 174649
0.409 2.770 174777
0.409 2.770 174905
0.409 2.770 175033
0.438 2.770 175161
0.438 2.770 175289
0.438 2.770 175417
0.393 2.779 175545
0.393 2.779 175673
0.417 2.794 175801
0.417 2.794 175929
0.417 2.794 176057
0.446 2.794 176185
0.446 2.794 176313
0.446 2.794 176441
0.472 2.799 176569
0.472 2.799 176697
0.432 2.817 176825
0.432 2.817 176953
0.432 2.817 177081
0.461 2.817 177209
0.461 2.817 177337
0.461 2.817 177465
0.503 2.817 177593
0.503 2.817 177721
0.374 2.829 177849
0.374 2.829 177977
0.374 2.829 178105
0.400 2.840 178233
0.400 2.840 178361
0.400 2.840 178489
0.429 2.840 178617
0.429 2.840 178745
0.461 2.840 178873
0.461 2.840 179001
0.461 2.840 179129
0.370 2.846 179257
0.370 2.846 179385
0.370 2.846 179513
0.423 2.864 179641
0.423 2.864 179769
0.423 2.864 179897
0.474 2.864 180025
0.474 2.864 180153
0.364 2.864 180281
0.364 2.864 180409
0.364 2.864 180537
0.393 2.864 180665
0.393 2.864 180793
0.393 2.864 180921
0.421 2.864 181049
0.421 2.864 181177
0.455 2.869 181305
0.455 2.869 181433
0.455 2.869 181561
0.407 2.887 181689
0.407 2.887 181817
0.407 2.887 181945
0.436 2.887 182073
0.436 2.887 182201
0.463 2.887 182329
0.463 2.887 182457
0.463 2.887 182585
0.412 2.910 182713
0.412 2.910 182841
0.412 2.910 182969
0.443 2.910 183097
0.443 2.910 183225
0.473 2.899 183353
0.473 2.899 183481
0.473 2.899 183609
0.516 2.910 183737
0.516 2.910 183865
0.516 2.910 183993
0.390 2.913 184121
0.390 2.913 184249
0.390 2.913 184377
0.417 2.934 184505
0.417 2.934 184633
0.444 2.934 184761
0.444 2.934 184889
0.444 2.934 185017
0.402 2.934 185145
0.402 2.934 185273
0.402 2.934 185401
0.418 2.945 185529
0.418 2.945 185657
0.446 2.957 185785
0.446 2.957 185913
0.446 2.957 186041
0.499 2.957 186169
0.499 2.957 186297
0.499 2.957 186425
0.383 2.957 186553
0.383 2.957 186681
0.417 2.963 186809
0.417 2.963 186937
0.417 2.963 187065
0.441 2.963 187193
0.441 2.963 187321
0.441 2.963 187449
0.395 2.966 187577
0.395 2.966 187705
0.417 2.980 187833
0.417 2.980 187961
0.417 2.980 188089
0.451 2.980 188217
0.451 2.980 188345
0.451 2.980 188473
0.475 2.986 188601
0.475 2.986 188729
0.475 2.986 188857
0.431 2.992 188985
0.431 2.992 189113
0.461 3.004 189241
0.461 3.004 189369
0.461 3.004 189497
0.493 3.004 189625
0.493 3.004 189753
0.493 3.004 189881
0.383 3.027 190009
0.383 3.027 190137
0.405 3.027 190265
0.405 3.027 190393
0.405 3.027 190521
0.434 3.027 190649
0.434 3.027 190777
0.434 3.027 190905
0.464 3.027 191033
0.464 3.027 191161
0.411 3.027 191289
0.411 3.027 191417
0.411 3.027 191545
0.430 3.039 191673
0.430 3.039 191801
0.430 3.039 191929
0.459 3.050 192057
0.459 3.050 192185
0.417 3.050 192313
0.417 3.050 192441
0.417 3.050 192569
0.450 3.053 192697
0.450 3.053 192825
0.450 3.053 192953
0.412 3.056 193081
0.412 3.056 193209
0.412 3.056 193337
0.447 3.053 193465
0.447 3.053 193593
0.410 3.074 193721
0.410 3.074 193849
0.410 3.074 193977
0.438 3.074 194105
0.438 3.074 194233
0.438 3.074 194361
0.468 3.074 194489
0.468 3.074 194617
0.416 3.097 194745
0.416 3.097 194873
0.416 3.097 195001
0.444 3.097 195129
0.444 3.097 195257
0.444 3.097 195385
0.472 3.097 195513
0.472 3.097 195641
0.515 3.097 195769
0.515 3.097 195897
0.515 3.097 196025
0.390 3.106 196153
0.390 3.106 196281
0.390 3.106 196409
0.413 3.120 196537
0.413 3.120 196665
0.444 3.120 196793
0.444 3.120 196921
0.444 3.120 197049
0.407 3.120 197177
0.407 3.120 197305
0.407 3.120 197433
0.435 3.132 197561
0.435 3.132 197689
0.435 3.132 197817
0.448 3.144 197945
0.448 3.144 198073
0.484 3.144 198201
0.484 3.144 198329
0.484 3.144 198457
0.429 3.144 198585
0.429 3.144 198713
0.429 3.144 198841
0.465 3.149 198969
0.465 3.149 199097
0.491 3.149 199225
0.491 3.149 199353
0.491 3.149 199481
0.457 3.167 199609
0.457 3.167 199737
0.457 3.167 199865
0.400 3.152 199993
0.400 3.152 200121
0.438 3.173 200249
0.438 3.173 200377
0.438 3.173 200505
0.472 3.179 200633
0.472 3.179 200761
0.472 3.179 200889
0.434 3.190 201017
0.434 3.190 201145
0.468 3.190 201273
0.468 3.190 201401
0.468 3.190 201529
0.497 3.190 201657
0.497 3.190 201785
0.497 3.190 201913
0.506 3.214 202041
0.506 3.214 202169
0.506 3.214 202297
0.404 3.214 202425
0.404 3.214 202553
0.433 3.214 202681
0.433 3.214 202809
0.433 3.214 202937
0.463 3.214 203065
0.463 3.214 203193
0.463 3.214 203321
0.412 3.219 203449
0.412 3.219 203577
0.448 3.237 203705
0.448 3.237 203833
0.448 3.237 203961
0.470 3.237 204089
0.470 3.237 204217
0.470 3.237 204345
0.489 3.237 204473
0.489 3.237 204601
0.451 3.237 204729
0.451 3.237 204857
0.451 3.237 204985
0.489 3.243 205113
0.489 3.243 205241
0.489 3.243 205369
0.517 3.260 205497
0.517 3.260 205625
0.394 3.260 205753
0.394 3.260 205881
0.394 3.260 206009
0.419 3.260 206137
0.419 3.260 206265
0.419 3.260 206393
0.444 3.260 206521
0.444 3.260 206649
0.444 3.260 206777
0.474 3.266 206905
0.474 3.266 207033
0.434 3.284 207161
0.434 3.284 207289
0.434 3.284 207417
0.472 3.284 207545
0.472 3.284 207673
0.472 3.284 207801
0.506 3.295 207929
0.506 3.295 208057
0.391 3.307 208185
0.391 3.307 208313
0.391 3.307 208441
0.416 3.307 208569
0.416 3.307 208697
0.416 3.307 208825
0.447 3.307 208953
0.447 3.307 209081
0.476 3.307 209209
0.476 3.307 209337
0.476 3.307 209465
0.434 3.330 209593
0.434 3.330 209721
0.434 3.330 209849
0.451 3.319 209977
0.451 3.319 210105
0.482 3.330 210233
0.482 3.330 210361
0.482 3.330 210489
0.438 3.330 210617
0.438 3.330 210745
0.438 3.330 210873
0.463 3.336 211001
0.463 3.336 211129
0.463 3.336 211257
0.501 3.354 211385
0.501 3.354 211513
0.534 3.354 211641
0.534 3.354 211769
0.534 3.354 211897
0.408 3.354 212025
0.408 3.354 212153
0.408 3.354 212281
0.433 3.365 212409
0.433 3.365 212537
0.465 3.377 212665
0.465 3.377 212793
0.465 3.377 212921
0.419 3.377 213049
0.419 3.377 213177
0.419 3.377 213305
0.441 3.377 213433
0.441 3.377 213561
0.472 3.389 213689
0.472 3.389 213817
0.472 3.389 213945
0.525 3.389 214073
0.525 3.389 214201
0.525 3.389 214329
0.410 3.400 214457
0.410 3.400 214585
0.436 3.400 214713
0.436 3.400 214841
0.436 3.400 214969
0.470 3.400 215097
0.470 3.400 215225
0.470 3.400 215353
0.415 3.424 215481
0.415 3.424 215609
0.415 3.424 215737
0.446 3.424 215865
0.446 3.424 215993
0.468 3.424 216121
0.468 3.424 216249
0.468 3.424 216377
0.495 3.424 216505
0.495 3.424 216633
0.495 3.424 216761
0.453 3.435 216889
0.453 3.435 217017
0.481 3.447 217145
0.481 3.447 217273
0.481 3.447 217401
0.514 3.447 217529
0.514 3.447 217657
0.514 3.447 217785
0.399 3.447 217913
0.399 3.447 218041
0.433 3.459 218169
0.433 3.459 218297
0.433 3.459 218425
0.457 3.470 218553
0.457 3.470 218681
0.457 3.470 218809
0.497 3.470 218937
0.497 3.470 219065
0.429 3.494 219193
0.429 3.494 219321
0.429 3.494 219449
0.453 3.470 219577
0.453 3.470 219705
0.453 3.470 219833
0.483 3.494 219961
0.483 3.494 220089
0.483 3.494 220217
0.444 3.494 220345
0.444 3.494 220473
0.470 3.485 220601
0.470 3.485 220729
0.470 3.485 220857
0.434 3.494 220985
0.434 3.494 221113
0.434 3.494 221241
0.474 3.494 221369
0.474 3.494 221497
0.434 3.517 221625
0.434 3.517 221753
0.434 3.517 221881
0.470 3.517 222009
0.470 3.517 222137
0.470 3.517 222265
0.489 3.517 222393
0.489 3.517 222521
0.443 3.520 222649
0.443 3.520 222777
0.443 3.520 222905
0.468 3.523 223033
0.468 3.523 223161
0.468 3.523 223289
0.500 3.540 223417
0.500 3.540 223545
0.533 3.540 223673
0.533 3.540 223801
0.533 3.540 223929
0.411 3.564 224057
0.411 3.564 224185
0.411 3.564 224313
0.440 3.564 224441
0.440 3.564 224569
0.440 3.564 224697
0.470 3.564 224825
0.470 3.564 224953
0.429 3.564 225081
0.429 3.564 225209
0.429 3.564 225337
0.450 3.569 225465
0.450 3.569 225593
0.450 3.569 225721
0.481 3.566 225849
0.481 3.566 225977
0.512 3.575 226105
0.512 3.575 226233
0.512 3.575 226361
0.459 3.578 226489
0.459 3.578 226617
0.459 3.578 226745
0.487 3.587 226873
0.487 3.587 227001
0.523 3.587 227129
0.523 3.587 227257
0.523 3.587 227385
0.404 3.610 227513
0.404 3.610 227641
0.404 3.610 227769
0.432 3.610 227897
0.432 3.610 228025
0.434 3.610 228153
0.434 3.610 228281
0.434 3.610 228409
0.478 3.610 228537
0.478 3.610 228665
0.478 3.610 228793
0.451 3.616 228921
0.451 3.616 229049
0.451 3.616 229177
0.484 3.616 229305
0.484 3.616 229433
0.525 3.634 229561
0.525 3.634 229689
0.525 3.634 229817
0.451 3.634 229945
0.451 3.634 230073
0.451 3.634 230201
0.429 3.639 230329
0.429 3.639 230457
0.455 3.657 230585
0.455 3.657 230713
0.455 3.657 230841
0.491 3.657 230969
0.491 3.657 231097
0.491 3.657 231225
0.438 3.657 231353
0.438 3.657 231481
0.459 3.669 231609
0.459 3.669 231737
0.459 3.669 231865
0.489 3.663 231993
0.489 3.663 232121
0.489 3.663 232249
0.498 3.680 232377
0.498 3.680 232505
0.484 3.680 232633
0.484 3.680 232761
0.484 3.680 232889
0.512 3.680 233017
0.512 3.680 233145
0.512 3.680 233273
0.550 3.680 233401
0.550 3.680 233529
0.550 3.680 233657
0.423 3.704 233785
0.423 3.704 233913
0.451 3.704 234041
0.451 3.704 234169
0.451 3.704 234297
0.472 3.704 234425
0.472 3.704 234553
0.472 3.704 234681
0.499 3.704 234809
0.499 3.704 234937
0.468 3.709 235065
0.468 3.709 235193
0.468 3.709 235321
0.503 3.727 235449
0.503 3.727 235577
0.503 3.727 235705
0.543 3.712 235833
0.543 3.712 235961
0.421 3.750 236089
0.421 3.750 236217
0.421 3.750 236345
0.450 3.750 236473
0.450 3.750 236601
0.450 3.750 236729
0.478 3.750 236857
0.478 3.750 236985
0.510 3.750 237113
0.510 3.750 237241
0.510 3.750 237369
0.459 3.750 237497
0.459 3.750 237625
0.459 3.750 237753
0.484 3.774 237881
0.484 3.774 238009
0.484 3.774 238137
0.517 3.774 238265
0.517 3.774 238393
0.470 3.774 238521
0.470 3.774 238649
0.470 3.774 238777
0.495 3.774 238905
0.495 3.774 239033
0.495 3.774 239161
0.531 3.774 239289
0.531 3.774 239417
0.565 3.779 239545
0.565 3.779 239673
0.565 3.779 239801
0.444 3.797 239929
0.444 3.797 240057
0.444 3.797 240185
0.474 3.820 240313
0.474 3.820 240441
0.490 3.797 240569
0.490 3.797 240697
0.490 3.797 240825
0.446 3.820 240953
0.446 3.820 241081
0.446 3.820 241209
0.476 3.820 241337
0.476 3.820 241465
0.517 3.820 241593
0.517 3.820 241721
0.517 3.820 241849
0.559 3.820 241977
0.559 3.820 242105
0.559 3.820 242233
0.442 3.826 242361
0.442 3.826 242489
0.442 3.826 242617
0.470 3.844 242745
0.470 3.844 242873
0.501 3.844 243001
0.501 3.844 243129
0.501 3.844 243257
0.451 3.849 243385
0.451 3.849 243513
0.451 3.849 243641
0.472 3.852 243769
0.472 3.852 243897
0.498 3.867 244025
0.498 3.867 244153
0.498 3.867 244281
0.531 3.867 244409
0.531 3.867 244537
0.531 3.867 244665
0.489 3.867 244793
0.489 3.867 244921
0.516 3.867 245049
0.516 3.867 245177
0.516 3.867 245305
0.551 3.873 245433
0.551 3.873 245561
0.551 3.873 245689
0.438 3.890 245817
0.438 3.890 245945
0.466 3.890 246073
0.466 3.890 246201
0.466 3.890 246329
0.499 3.890 246457
0.499 3.890 246585
0.499 3.890 246713
0.516 3.896 246841
0.516 3.896 246969
0.516 3.896 247097
0.460 3.899 247225
0.460 3.899 247353
0.487 3.914 247481
0.487 3.914 247609
0.487 3.914 247737
0.521 3.899 247865
0.521 3.899 247993
0.521 3.899 248121
0.480 3.937 248249
0.480 3.937 248377
0.441 3.928 248505
0.441 3.928 248633
0.441 3.928 248761
0.480 3.919 248889
0.480 3.919 249017
0.480 3.919 249145
0.512 3.937 249273
0.512 3.937 249401
0.476 3.937 249529
0.476 3.937 249657
0.476 3.937 249785
0.500 3.949 249913
0.500 3.949 250041
0.500 3.949 250169
0.531 3.960 250297
0.531 3.960 250425
0.531 3.960 250553
0.478 3.960 250681
0.478 3.960 250809
0.508 3.960 250937
0.508 3.960 251065
0.508 3.960 251193
0.537 3.984 251321
0.537 3.984 251449
0.537 3.984 251577
0.580 3.972 251705
0.580 3.972 251833
0.455 3.984 251961
0.455 3.984 252089
0.455 3.984 252217
0.480 3.989 252345
0.480 3.989 252473
0.480 3.989 252601
0.508 3.984 252729
0.508 3.984 252857
0.462 4.007 252985
0.462 4.007 253113
0.462 4.007 253241
0.491 4.007 253369
0.491 4.007 253497
0.491 4.007 253625
0.514 4.007 253753
0.514 4.007 253881
0.554 4.007 254009
0.554 4.007 254137
0.554 4.007 254265
0.495 4.030 254393
0.495 4.030 254521
0.495 4.030 254649
0.523 4.030 254777
0.523 4.030 254905
0.523 4.030 255033
0.557 4.030 255161
0.557 4.030 255289
0.446 4.054 255417
0.446 4.054 255545
0.446 4.054 255673
0.476 4.054 255801
0.476 4.054 255929
0.476 4.054 256057
0.501 4.054 256185
0.501 4.054 256313
0.539 4.045 256441
0.539 4.045 256569
0.539 4.045 256697
0.501 4.054 256825
0.501 4.054 256953
0.501 4.054 257081
0.536 4.065 257209
0.536 4.065 257337
0.563 4.077 257465
0.563 4.077 257593
0.563 4.077 257721
0.446 4.077 257849
0.446 4.077 257977
0.446 4.077 258105
0.476 4.077 258233
0.476 4.077 258361
0.503 4.083 258489
0.503 4.083 258617
0.503 4.083 258745
0.525 4.100 258873
0.525 4.100 259001
0.525 4.100 259129
0.472 4.100 259257
0.472 4.100 259385
0.472 4.100 259513
0.500 4.109 259641
0.500 4.109 259769
0.531 4.106 259897
0.531 4.106 260025
0.531 4.106 260153
0.491 4.124 260281
0.491 4.124 260409
0.491 4.124 260537
0.129 4.124 260665
0.129 4.124 260793
-0.084 4.124 260921
-0.084 4.124 261050
-0.084 4.124 261179
-0.217 4.147 261308
-0.217 4.147 261437
-0.217 4.147 261566
-0.236 4.138 261695
-0.236 4.138 261824
-0.299 4.147 261953
-0.299 4.147 262082
-0.299 4.147 262211
-0.345 4.147 262340
-0.345 4.147 262469
-0.345 4.147 262598
-0.358 4.147 262727
-0.358 4.147 262856
-0.355 4.147 262985
-0.355 4.147 263114
-0.355 4.147 263243
-0.389 4.147 263372
-0.389 4.147 263501
-0.389 4.147 263630
-0.431 4.135 263759
-0.431 4.135 263888
-0.319 4.124 264017
-0.319 4.124 264146
-0.319 4.124 264275
-0.339 4.124 264404
-0.339 4.124 264533
-0.339 4.124 264662
-0.359 4.106 264791
-0.359 4.106 264920
-0.380 4.086 265049
-0.380 4.086 265178
-0.380 4.086 265307
-0.369 4.100 265436
-0.369 4.100 265565
-0.369 4.100 265694
-0.404 4.100 265823
-0.404 4.100 265952
-0.434 4.100 266081
-0.434 4.100 266210
-0.434 4.100 266339
-0.332 4.077 266468
-0.332 4.077 266597
-0.332 4.077 266726
-0.355 4.077 266855
-0.355 4.077 266984
-0.379 4.077 267113
-0.379 4.077 267242
-0.379 4.077 267371
-0.400 4.077 267500
-0.400 4.077 267629
-0.400 4.077 267758
-0.357 4.054 267887
-0.357 4.054 268016
-0.387 4.054 268145
-0.387 4.054 268274
-0.387 4.054 268403
-0.415 4.054 268532
-0.415 4.054 268661
-0.415 4.054 268790
-0.383 4.039 268919
-0.383 4.039 269048
-0.400 4.054 269177
-0.400 4.054 269306
-0.400 4.054 269435
-0.438 4.054 269564
-0.438 4.054 269693
-0.438 4.054 269822
-0.463 4.042 269951
-0.463 4.042 270080
-0.360 4.019 270209
-0.360 4.019 270338
-0.360 4.019 270467
-0.375 4.013 270596
-0.375 4.013 270725
-0.375 4.013 270854
-0.400 4.013 270983
-0.400 4.013 271112
-0.362 4.007 271241
-0.362 4.007 271370
-0.362 4.007 271499
-0.379 3.992 271628
-0.379 3.992 271757
-0.379 3.992 271886
-0.404 3.992 272015
-0.404 3.992 272144
-0.442 3.989 272273
-0.442 3.989 272402
-0.442 3.989 272531
-0.349 3.984 272660
-0.349 3.984 272789
-0.349 3.984 272918
-0.372 3.984 273047
-0.372 3.984 273176
-0.398 3.984 273305
-0.398 3.984 273434
-0.398 3.984 273563
-0.361 3.966 273692
-0.361 3.966 273821
-0.361 3.966 273950
-0.377 3.960 274079
-0.377 3.960 274208
-0.409 3.946 274337
-0.409 3.946 274466
-0.409 3.946 274595
-0.442 3.960 274724
-0.442 3.960 274853
-0.442 3.960 274982
-0.393 3.940 275111
-0.393 3.940 275240
-0.412 3.949 275369
-0.412 3.949 275498
-0.412 3.949 275627
-0.450 3.937 275756
-0.450 3.937 275885
-0.450 3.937 276014
-0.350 3.937 276143
-0.350 3.937 276272
-0.350 3.937 276401
-0.364 3.919 276530
-0.364 3.919 276659
-0.386 3.914 276788
-0.386 3.914 276917
-0.386 3.914 277046
-0.418 3.919 277175
-0.418 3.919 277304
-0.418 3.919 277433
-0.377 3.914 277562
-0.377 3.914 277691
-0.400 3.914 277820
-0.400 3.914 277949
-0.400 3.914 278078
-0.430 3.890 278207
-0.430 3.890 278336
-0.430 3.890 278465
-0.377 3.890 278594
-0.377 3.890 278723
-0.402 3.890 278852
-0.402 3.890 278981
-0.402 3.890 279110
-0.378 3.890 279239
-0.378 3.890 279368
-0.378 3.890 279497
-0.412 3.879 279626
-0.412 3.879 279755
-0.367 3.867 279884
-0.367 3.867 280013
-0.367 3.867 280142
-0.389 3.867 280271
-0.389 3.867 280400
-0.389 3.867 280529
-0.420 3.867 280658
-0.420 3.867 280787
-0.387 3.849 280916
-0.387 3.849 281045
-0.387 3.849 281174
-0.411 3.844 281303
-0.411 3.844 281432
-0.411 3.844 281561
-0.434 3.844 281690
-0.434 3.844 281819
-0.473 3.844 281948
-0.473 3.844 282077
-0.473 3.844 282206
-0.360 3.832 282335
-0.360 3.832 282464
-0.360 3.832 282593
-0.381 3.820 282722
-0.381 3.820 282851
-0.401 3.820 282980
-0.401 3.820 283109
-0.401 3.820 283238
-0.362 3.820 283367
-0.362 3.820 283496
-0.362 3.820 283625
-0.387 3.800 283754
-0.387 3.800 283883
-0.406 3.797 284012
-0.406 3.797 284141
-0.406 3.797 284270
-0.436 3.797 284399
-0.436 3.797 284528
-0.436 3.797 284657
-0.394 3.797 284786
-0.394 3.797 284915
-0.420 3.797 285044
-0.420 3.797 285173
-0.420 3.797 285302
-0.451 3.797 285431
-0.451 3.797 285560
-0.451 3.797 285689
-0.347 3.774 285818
-0.347 3.774 285947
-0.364 3.759 286076
-0.364 3.759 286205
-0.364 3.759 286334
-0.398 3.774 286463
-0.398 3.774 286592
-0.398 3.774 286721
-0.435 3.753 286850
-0.435 3.753 286979
-0.395 3.750 287108
-0.395 3.750 287237
-0.395 3.750 287366
-0.418 3.750 287495
-0.418 3.750 287624
-0.418 3.750 287753
-0.447 3.739 287882
-0.447 3.739 288011
-0.344 3.727 288140
-0.344 3.727 288269
-0.344 3.727 288398
-0.359 3.727 288527
-0.359 3.727 288656
-0.359 3.727 288785
-0.384 3.727 288914
-0.384 3.727 289043
-0.403 3.727 289172
-0.403 3.727 289301
-0.403 3.727 289430
-0.376 3.709 289559
-0.376 3.709 289688
-0.376 3.709 289817
-0.398 3.704 289946
-0.398 3.704 290075
-0.424 3.695 290204
-0.424 3.695 290333
-0.424 3.695 290462
-0.383 3.686 290591
-0.383 3.686 290720
-0.383 3.686 290849
-0.404 3.704 290978
-0.404 3.704 291107
-0.432 3.686 291236
-0.432 3.686 291365
-0.432 3.686 291494
-0.464 3.692 291623
-0.464 3.692 291752
-0.464 3.692 291881
-0.351 3.680 292010
-0.351 3.680 292139
-0.336 3.657 292268
-0.336 3.657 292397
-0.336 3.657 292526
-0.383 3.657 292655
-0.383 3.657 292784
-0.383 3.657 292913
-0.382 3.657 293042
-0.382 3.657 293171
-0.402 3.657 293300
-0.402 3.657 293429
-0.402 3.657 293558
-0.427 3.639 293687
-0.427 3.639 293816
-0.427 3.639 293945
-0.465 3.657 294074
-0.465 3.657 294203
-0.357 3.619 294332
-0.357 3.619 294461
-0.357 3.619 294590
-0.375 3.634 294719
-0.375 3.634 294848
-0.375 3.634 294977
-0.399 3.619 295106
-0.399 3.619 295235
-0.397 3.610 295364
-0.397 3.610 295493
-0.397 3.610 295622
-0.379 3.616 295751
-0.379 3.616 295880
-0.379 3.616 296009
-0.398 3.610 296138
-0.398 3.610 296267
-0.429 3.610 296396
-0.429 3.610 296525
-0.429 3.610 296654
-0.394 3.587 296783
-0.394 3.587 296912
-0.394 3.587 297041
-0.419 3.587 297170
-0.419 3.587 297299
-0.441 3.587 297428
-0.441 3.587 297557
-0.441 3.587 297686
-0.453 3.587 297815
-0.453 3.587 297944
-0.453 3.587 298073
-0.364 3.564 298202
-0.364 3.564 298331
-0.380 3.564 298460
-0.380 3.564 298589
-0.380 3.564 298718
-0.413 3.564 298847
-0.413 3.564 298976
-0.413 3.564 299105
-0.365 3.564 299234
-0.365 3.564 299363
-0.365 3.564 299492
-0.389 3.546 299621
-0.389 3.546 299750
-0.421 3.540 299879
-0.421 3.540 300008
-0.421 3.540 300137
-0.453 3.540 300266
-0.453 3.540 300395
-0.453 3.540 300524
-0.359 3.526 300653
-0.359 3.526 300782
-0.382 3.517 300911
-0.382 3.517 301040
-0.382 3.517 301169
-0.404 3.523 301298
-0.404 3.523 301427
-0.404 3.523 301556
-0.366 3.517 301685
-0.366 3.517 301814
-0.392 3.517 301943
-0.392 3.517 302072
-0.392 3.517 302201
-0.417 3.517 302330
-0.417 3.517 302459
-0.417 3.517 302588
-0.444 3.499 302717
-0.444 3.499 302846
-0.393 3.494 302975
-0.393 3.494 303104
-0.393 3.494 303233
-0.423 3.485 303362
-0.423 3.485 303491
-0.423 3.485 303620
-0.449 3.494 303749
-0.449 3.494 303878
-0.354 3.470 304007
-0.354 3.470 304136
-0.354 3.470 304265
-0.366 3.470 304394
-0.366 3.470 304523
-0.366 3.470 304652
-0.392 3.470 304781
-0.392 3.470 304910
-0.421 3.470 305039
-0.421 3.470 305168
-0.421 3.470 305297
-0.384 3.459 305426
-0.384 3.459 305555
-0.384 3.459 305684
-0.405 3.447 305813
-0.405 3.447 305942
-0.431 3.447 306071
-0.431 3.447 306200
-0.431 3.447 306329
-0.387 3.432 306458
-0.387 3.432 306587
-0.387 3.432 306716
-0.357 3.435 306845
-0.357 3.435 306974
-0.385 3.424 307103
-0.385 3.424 307232
-0.385 3.424 307361
-0.413 3.424 307490
-0.413 3.424 307619
-0.413 3.424 307748
-0.374 3.424 307877
-0.374 3.424 308006
-0.398 3.424 308135
-0.398 3.424 308264
-0.398 3.424 308393
-0.421 3.424 308522
-0.421 3.424 308651
-0.421 3.424 308780
-0.386 3.400 308909
-0.386 3.400 309038
-0.408 3.400 309167
-0.408 3.400 309296
-0.408 3.400 309425
-0.434 3.400 309554
-0.434 3.400 309683
-0.434 3.400 309812
-0.468 3.400 309941
-0.468 3.400 310070
-0.360 3.377 310199
-0.360 3.377 310328
-0.360 3.377 310457
-0.377 3.377 310586
-0.377 3.377 310715
-0.377 3.377 310844
-0.401 3.377 310973
-0.401 3.377 311102
-0.360 3.359 311231
-0.360 3.359 311360
-0.360 3.359 311489
-0.382 3.354 311618
-0.382 3.354 311747
-0.382 3.354 311876
-0.408 3.339 312005
-0.408 3.339 312134
-0.436 3.354 312263
-0.436 3.354 312392
-0.436 3.354 312521
-0.396 3.333 312650
-0.396 3.333 312779
-0.396 3.333 312908
-0.419 3.336 313037
-0.419 3.336 313166
-0.448 3.330 313295
-0.448 3.330 313424
-0.448 3.330 313553
-0.344 3.330 313682
-0.344 3.330 313811
-0.344 3.330 313940
-0.374 3.330 314069
-0.374 3.330 314198
-0.402 3.330 314327
-0.402 3.330 314456
-0.402 3.330 314585
-0.438 3.313 314714
-0.438 3.313 314843
-0.438 3.313 314972
-0.390 3.307 315101
-0.390 3.307 315230
-0.415 3.295 315359
-0.415 3.295 315488
-0.415 3.295 315617
-0.445 3.295 315746
-0.445 3.295 315875
-0.445 3.295 316004
-0.340 3.284 316133
-0.340 3.284 316262
-0.358 3.284 316391
-0.358 3.284 316520
-0.358 3.284 316649
-0.385 3.272 316778
-0.385 3.272 316907
-0.385 3.272 317036
-0.416 3.272 317165
-0.416 3.272 317294
-0.374 3.260 317423
-0.374 3.260 317552
-0.374 3.260 317681
-0.398 3.260 317810
-0.398 3.260 317939
-0.398 3.260 318068
-0.420 3.246 318197
-0.420 3.246 318326
-0.382 3.237 318455
-0.382 3.237 318584
-0.382 3.237 318713
-0.401 3.243 318842
-0.401 3.243 318971
-0.401 3.243 319100
-0.432 3.237 319229
-0.432 3.237 319358
-0.462 3.237 319487
-0.462 3.237 319616
-0.462 3.237 319745
-0.346 3.219 319874
-0.346 3.219 320003
-0.346 3.219 320132
-0.369 3.214 320261
-0.369 3.214 320390
-0.394 3.214 320519
-0.394 3.214 320648
-0.394 3.214 320777
-0.370 3.214 320906
-0.370 3.214 321035
-0.370 3.214 321164
-0.392 3.214 321293
-0.392 3.214 321422
-0.426 3.202 321551
-0.426 3.202 321680
-0.426 3.202 321809
-0.461 3.193 321938
-0.461 3.193 322067
-0.461 3.193 322196
-0.353 3.190 322325
-0.353 3.190 322454
-0.353 3.190 322583
-0.370 3.173 322712
-0.370 3.173 322841
-0.387 3.173 322970
-0.387 3.173 323099
-0.387 3.173 323228
-0.351 3.167 323357
-0.351 3.167 323486
-0.351 3.167 323615
-0.371 3.179 323744
-0.371 3.179 323873
-0.397 3.167 324002
-0.397 3.167 324131
-0.397 3.167 324260
-0.421 3.144 324389
-0.421 3.144 324518
-0.421 3.144 324647
-0.393 3.144 324776
-0.393 3.144 324905
-0.411 3.144 325034
-0.411 3.144 325163
-0.411 3.144 325292
-0.446 3.135 325421
-0.446 3.135 325550
-0.446 3.135 325679
-0.393 3.144 325808
-0.393 3.144 325937
-0.359 3.120 326066
-0.359 3.120 326195
-0.359 3.120 326324
-0.385 3.120 326453
-0.385 3.120 326582
-0.385 3.120 326711
-0.409 3.120 326840
-0.409 3.120 326969
-0.363 3.120 327098
-0.363 3.120 327227
-0.363 3.120 327356
-0.378 3.097 327485
-0.378 3.097 327614
-0.378 3.097 327743
-0.421 3.097 327872
-0.421 3.097 328001
-0.419 3.097 328130
-0.419 3.097 328259
-0.419 3.097 328388
-0.353 3.085 328517
-0.353 3.085 328646
-0.353 3.085 328775
-0.372 3.074 328904
-0.372 3.074 329033
-0.403 3.085 329162
-0.403 3.085 329291
-0.403 3.085 329420
-0.366 3.074 329549
-0.366 3.074 329678
-0.366 3.074 329807
-0.386 3.074 329936
-0.386 3.074 330065
-0.414 3.062 330194
-0.414 3.062 330323
-0.414 3.062 330452
-0.433 3.053 330581
-0.433 3.053 330710
-0.433 3.053 330839
-0.396 3.050 330968
-0.396 3.050 331097
-0.417 3.050 331226
-0.417 3.050 331355
-0.417 3.050 331484
-0.448 3.050 331613
-0.448 3.050 331742
-0.448 3.050 331871
-0.344 3.027 332000
-0.344 3.027 332129
-0.366 3.027 332258
-0.366 3.027 332387
-0.366 3.027 332516
-0.389 3.027 332645
-0.389 3.027 332774
-0.389 3.027 332903
-0.414 3.015 333032
-0.414 3.015 333161
-0.376 3.004 333290
-0.376 3.004 333419
-0.376 3.004 333548
-0.396 3.004 333677
-0.396 3.004 333806
-0.396 3.004 333935
-0.423 3.004 334064
-0.423 3.004 334193
-0.379 2.986 334322
-0.379 2.986 334451
-0.379 2.986 334580
-0.354 2.966 334709
-0.354 2.966 334838
-0.354 2.966 334967
-0.377 2.980 335096
-0.377 2.980 335225
-0.409 2.966 335354
-0.409 2.966 335483
-0.409 2.966 335612
-0.366 2.980 335741
-0.366 2.980 335870
-0.366 2.980 335999
-0.394 2.963 336128
-0.394 2.963 336257
-0.417 2.957 336386
-0.417 2.957 336515
-0.417 2.957 336644
-0.381 2.957 336773
-0.381 2.957 336902
-0.381 2.957 337031
-0.403 2.957 337160
-0.403 2.957 337289
-0.430 2.957 337418
-0.430 2.957 337547
-0.430 2.957 337676
-0.462 2.945 337805
-0.462 2.945 337934
-0.462 2.945 338063
-0.350 2.934 338192
-0.350 2.934 338321
-0.372 2.922 338450
-0.372 2.922 338579
-0.372 2.922 338708
-0.398 2.934 338837
-0.398 2.934 338966
-0.398 2.934 339095
-0.360 2.910 339224
-0.360 2.910 339353
-0.376 2.910 339482
-0.376 2.910 339611
-0.376 2.910 339740
-0.401 2.910 339869
-0.401 2.910 339998
-0.401 2.910 340127
-0.428 2.910 340256
-0.428 2.910 340385
-0.390 2.887 340514
-0.390 2.887 340643
-0.390 2.887 340772
-0.411 2.887 340901
-0.411 2.887 341030
-0.411 2.887 341159
-0.387 2.887 341288
-0.387 2.887 341417
-0.313 2.864 341546
-0.313 2.864 341675
-0.313 2.864 341804
-0.354 2.869 341933
-0.354 2.869 342062
-0.354 2.869 342191
-0.393 2.864 342320
-0.393 2.864 342449
-0.427 2.864 342578
-0.427 2.864 342707
-0.427 2.864 342836
-0.386 2.864 342965
-0.386 2.864 343094
-0.386 2.864 343223
-0.412 2.864 343352
-0.412 2.864 343481
-0.442 2.846 343610
-0.442 2.846 343739
-0.442 2.846 343868
-0.337 2.840 343997
-0.337 2.840 344126
-0.337 2.840 344255
-0.348 2.840 344384
-0.348 2.840 344513
-0.379 2.820 344642
-0.379 2.820 344771
-0.379 2.820 344900
-0.408 2.829 345029
-0.408 2.829 345158
-0.408 2.829 345287
-0.366 2.823 345416
-0.366 2.823 345545
-0.387 2.817 345674
-0.387 2.817 345803
-0.387 2.817 345932
-0.417 2.805 346061
-0.417 2.805 346190
-0.417 2.805 346319
-0.377 2.794 346448
-0.377 2.794 346577
-0.377 2.794 346706
-0.393 2.794 346835
-0.393 2.794 346964
-0.420 2.794 347093
-0.420 2.794 347222
-0.420 2.794 347351
-0.452 2.794 347480
-0.452 2.794 347609
-0.452 2.794 347738
-0.342 2.770 347867
-0.342 2.770 347996
-0.362 2.770 348125
-0.362 2.770 348254
-0.362 2.770 348383
-0.391 2.770 348512
-0.391 2.770 348641
-0.391 2.770 348770
-0.362 2.770 348899
-0.362 2.770 349028
-0.392 2.770 349157
-0.392 2.770 349286
-0.392 2.770 349415
-0.419 2.747 349544
-0.419 2.747 349673
-0.419 2.747 349802
-0.457 2.747 349931
-0.457 2.747 350060
-0.346 2.732 350189
-0.346 2.732 350318
-0.346 2.732 350447
-0.364 2.735 350576
-0.364 2.735 350705
-0.364 2.735 350834
-0.393 2.735 350963
-0.393 2.735 351092
-0.347 2.715 351221
-0.347 2.715 351350
-0.347 2.715 351479
-0.368 2.724 351608
-0.368 2.724 351737
-0.368 2.724 351866
-0.390 2.712 351995
-0.390 2.712 352124
-0.421 2.700 352253
-0.421 2.700 352382
-0.421 2.700 352511
-0.383 2.700 352640
-0.383 2.700 352769
-0.383 2.700 352898
-0.408 2.700 353027
-0.408 2.700 353156
-0.431 2.700 353285
-0.431 2.700 353414
-0.431 2.700 353543
-0.331 2.677 353672
-0.331 2.677 353801
-0.331 2.677 353930
-0.353 2.677 354059
-0.353 2.677 354188
-0.377 2.677 354317
-0.377 2.677 354446
-0.377 2.677 354575
-0.404 2.677 354704
-0.404 2.677 354833
-0.404 2.677 354962
-0.354 2.659 355091
-0.354 2.659 355220
-0.380 2.659 355349
-0.380 2.659 355478
-0.380 2.659 355607
-0.419 2.654 355736
-0.419 2.654 355865
-0.419 2.654 355994
-0.347 2.654 356123
-0.347 2.654 356252
-0.345 2.642 356381
-0.345 2.642 356510
-0.345 2.642 356639
-0.371 2.636 356768
-0.371 2.636 356897
-0.371 2.636 357026
-0.397 2.630 357155
-0.397 2.630 357284
-0.359 2.630 357413
-0.359 2.630 357542
-0.359 2.630 357671
-0.381 2.630 357800
-0.381 2.630 357929
-0.381 2.630 358058
-0.406 2.607 358187
-0.406 2.607 358316
-0.406 2.592 358445
-0.406 2.592 358574
-0.406 2.592 358703
-0.386 2.607 358832
-0.386 2.607 358961
-0.386 2.607 359090
-0.415 2.592 359219
-0.415 2.592 359348
-0.431 2.589 359477
-0.431 2.589 359606
-0.431 2.589 359735
-0.338 2.584 359864
-0.338 2.584 359993
-0.338 2.584 360122
-0.359 2.584 360251
-0.359 2.584 360380
-0.383 2.584 360509
-0.383 2.584 360638
-0.383 2.584 360767
-0.394 2.584 360896
-0.394 2.584 361025
-0.394 2.584 361154
-0.366 2.560 361283
-0.366 2.560 361412
-0.392 2.560 361541
-0.392 2.560 361670
-0.392 2.560 361799
-0.417 2.560 361928
-0.417 2.560 362057
-0.417 2.560 362186
-0.374 2.560 362315
-0.374 2.560 362444
-0.345 2.543 362573
-0.345 2.543 362702
-0.345 2.543 362831
-0.374 2.537 362960
-0.374 2.537 363089
-0.374 2.537 363218
-0.398 2.537 363347
-0.398 2.537 363476
-0.363 2.525 363605
-0.363 2.525 363734
-0.363 2.525 363863
-0.384 2.519 363992
-0.384 2.519 364121
-0.384 2.519 364250
-0.412 2.514 364379
-0.412 2.514 364508
-0.374 2.514 364637
-0.374 2.514 364766
-0.374 2.514 364895
-0.394 2.499 365024
-0.394 2.499 365153
-0.394 2.499 365282
-0.421 2.496 365411
-0.421 2.496 365540
-0.410 2.496 365669
-0.410 2.496 365798
-0.410 2.496 365927
-0.328 2.490 366056
-0.328 2.490 366185
-0.328 2.490 366314
-0.360 2.473 366443
-0.360 2.473 366572
-0.389 2.479 366701
-0.389 2.479 366830
-0.389 2.479 366959
-0.347 2.473 367088
-0.347 2.473 367217
-0.347 2.473 367346
-0.369 2.467 367475
-0.369 2.467 367604
-0.395 2.467 367733
-0.395 2.467 367862
-0.395 2.467 367991
-0.423 2.467 368120
-0.423 2.467 368249
-0.423 2.467 368378
-0.384 2.444 368507
-0.384 2.444 368636
-0.405 2.444 368765
-0.405 2.444 368894
-0.405 2.444 369023
-0.439 2.444 369152
-0.439 2.444 369281
-0.439 2.444 369410
-0.333 2.444 369539
-0.333 2.444 369668
-0.333 2.444 369797
-0.364 2.420 369926
-0.364 2.420 370055
-0.391 2.420 370184
-0.391 2.420 370313
-0.391 2.420 370442
-0.424 2.420 370571
-0.424 2.420 370700
-0.424 2.420 370829
-0.381 2.420 370958
-0.381 2.420 371087
-0.404 2.420 371216
-0.404 2.420 371345
-0.404 2.420 371474
-0.434 2.397 371603
-0.434 2.397 371732
-0.434 2.397 371861
-0.322 2.397 371990
-0.322 2.397 372119
-0.349 2.397 372248
-0.349 2.397 372377
-0.349 2.397 372506
-0.372 2.397 372635
-0.372 2.397 372764
-0.372 2.397 372893
-0.400 2.397 373022
-0.400 2.397 373151
-0.357 2.374 373280
-0.357 2.374 373409
-0.357 2.374 373538
-0.380 2.374 373667
-0.380 2.374 373796
-0.380 2.374 373925
-0.409 2.374 374054
-0.409 2.374 374183
-0.368 2.362 374312
-0.368 2.362 374441
-0.368 2.362 374570
-0.387 2.350 374699
-0.387 2.350 374828
-0.387 2.350 374957
-0.417 2.350 375086
-0.417 2.350 375215
-0.452 2.350 375344
-0.452 2.350 375473
-0.452 2.350 375602
-0.339 2.339 375731
-0.339 2.339 375860
-0.339 2.339 375989
-0.359 2.327 376118
-0.359 2.327 376247
-0.380 2.327 376376
-0.380 2.327 376505
-0.380 2.327 376634
-0.359 2.327 376763
-0.359 2.327 376892
-0.359 2.327 377021
-0.381 2.327 377150
-0.381 2.327 377279
-0.414 2.315 377408
-0.414 2.315 377537
-0.414 2.315 377666
-0.447 2.315 377795
-0.447 2.315 377924
-0.447 2.315 378053
-0.336 2.304 378182
-0.336 2.304 378311
-0.362 2.292 378440
-0.362 2.292 378569
-0.362 2.292 378698
-0.386 2.304 378827
-0.386 2.304 378956
-0.386 2.304 379085
-0.345 2.286 379214
-0.345 2.286 379343
-0.361 2.280 379472
-0.361 2.280 379601
-0.361 2.280 379730
-0.385 2.280 379859
-0.385 2.280 379988
-0.385 2.280 380117
-0.413 2.269 380246
-0.413 2.269 380375
-0.376 2.263 380504
-0.376 2.263 380633
-0.376 2.263 380762
-0.399 2.257 380891
-0.399 2.257 381020
-0.399 2.257 381149
-0.430 2.257 381278
-0.430 2.257 381407
-0.328 2.257 381536
-0.328 2.257 381665
-0.328 2.257 381794
-0.346 2.239 381923
-0.346 2.239 382052
-0.346 2.239 382181
-0.369 2.234 382310
-0.369 2.234 382439
-0.396 2.234 382568
-0.396 2.234 382697
-0.396 2.234 382826
-0.351 2.234 382955
-0.351 2.234 383084
-0.351 2.234 383213
-0.367 2.213 383342
-0.367 2.213 383471
-0.411 2.210 383600
-0.411 2.210 383729
-0.411 2.210 383858
-0.319 2.210 383987
-0.319 2.210 384116
-0.319 2.210 384245
-0.337 2.210 384374
-0.337 2.210 384503
-0.364 2.210 384632
-0.364 2.210 384761
-0.364 2.210 384890
-0.392 2.193 385019
-0.392 2.193 385148
-0.392 2.193 385277
-0.353 2.178 385406
-0.353 2.178 385535
-0.373 2.187 385664
-0.373 2.187 385793
-0.373 2.187 385922
-0.400 2.187 386051
-0.400 2.187 386180
-0.400 2.187 386309
-0.358 2.164 386438
-0.358 2.164 386567
-0.380 2.164 386696
-0.380 2.164 386825
-0.380 2.164 386954
-0.400 2.164 387083
-0.400 2.164 387212
-0.400 2.164 387341
-0.437 2.164 387470
-0.437 2.164 387599
-0.335 2.152 387728
-0.335 2.152 387857
-0.335 2.152 387986
-0.351 2.140 388115
-0.351 2.140 388244
-0.351 2.140 388373
-0.375 2.140 388502
-0.375 2.140 388631
-0.363 2.140 388760
-0.363 2.140 388889
-0.363 2.140 389018
-0.359 2.123 389147
-0.359 2.123 389276
-0.359 2.123 389405
-0.381 2.120 389534
-0.381 2.120 389663
-0.410 2.117 389792
-0.410 2.117 389921
-0.410 2.117 390050
-0.319 2.105 390179
-0.319 2.105 390308
-0.319 2.105 390437
-0.318 2.105 390566
-0.318 2.105 390695
-0.359 2.099 390824
-0.359 2.099 390953
-0.359 2.099 391082
-0.372 2.094 391211
-0.372 2.094 391340
-0.372 2.094 391469
-0.351 2.094 391598
-0.351 2.094 391727
-0.374 2.094 391856
-0.374 2.094 391985
-0.374 2.094 392114
-0.406 2.082 392243
-0.406 2.082 392372
-0.406 2.082 392501
-0.368 2.070 392630
-0.368 2.070 392759
-0.368 2.070 392888
-0.389 2.094 393017
-0.389 2.094 393146
-0.416 2.070 393275
-0.416 2.070 393404
-0.416 2.070 393533
-0.431 2.070 393662
-0.431 2.070 393791
-0.431 2.070 393920
-0.339 2.047 394049
-0.339 2.047 394178
-0.360 2.047 394307
-0.360 2.047 394436
-0.360 2.047 394565
-0.385 2.047 394694
-0.385 2.047 394823
-0.385 2.047 394952
-0.345 2.029 395081
-0.345 2.029 395210
-0.365 2.024 395339
-0.365 2.024 395468
-0.365 2.024 395597
-0.387 2.024 395726
-0.387 2.024 395855
-0.387 2.024 395984
-0.412 2.024 396113
-0.412 2.024 396242
-0.368 2.024 396371
-0.368 2.024 396500
-0.368 2.024 396629
-0.398 2.024 396758
-0.398 2.024 396887
-0.398 2.024 397016
-0.366 2.000 397145
-0.366 2.000 397274
-0.337 2.000 397403
-0.337 2.000 397532
-0.337 2.000 397661
-0.358 2.000 397790
-0.358 2.000 397919
-0.358 2.000 398048
-0.387 2.000 398177
-0.387 2.000 398306
-0.415 1.989 398435
-0.415 1.989 398564
-0.415 1.989 398693
-0.376 1.977 398822
-0.376 1.977 398951
-0.376 1.977 399080
-0.396 1.977 399209
-0.396 1.977 399338
-0.431 1.965 399467
-0.431 1.965 399596
-0.431 1.965 399725
-0.324 1.954 399854
-0.324 1.954 399983
-0.324 1.954 400112
-0.342 1.954 400241
-0.342 1.954 400370
-0.366 1.954 400499
-0.366 1.954 400628
-0.366 1.954 400757
-0.390 1.954 400886
-0.390 1.954 401015
-0.390 1.954 401144
-0.351 1.954 401273
-0.351 1.954 401402
-0.374 1.942 401531
-0.374 1.942 401660
-0.374 1.942 401789
-0.400 1.930 401918
-0.400 1.930 402047
-0.400 1.930 402176
-0.359 1.930 402305
-0.359 1.930 402434
-0.381 1.919 402563
-0.381 1.919 402692
-0.381 1.919 402821
-0.412 1.919 402950
-0.412 1.919 403079
-0.412 1.919 403208
-0.449 1.907 403337
-0.449 1.907 403466
-0.333 1.907 403595
-0.333 1.907 403724
-0.333 1.907 403853
-0.350 1.907 403982
-0.350 1.907 404111
-0.350 1.907 404240
-0.387 1.907 404369
-0.387 1.907 404498
-0.355 1.884 404627
-0.355 1.884 404756
-0.355 1.884 404885
-0.379 1.884 405014
-0.379 1.884 405143
-0.379 1.884 405272
-0.408 1.866 405401
-0.408 1.866 405530
-0.444 1.884 405659
-0.444 1.884 405788
-0.444 1.884 405917
-0.333 1.866 406046
-0.333 1.866 406175
-0.333 1.866 406304
-0.353 1.860 406433
-0.353 1.860 406562
-0.378 1.860 406691
-0.378 1.860 406820
-0.378 1.860 406949
-0.335 1.840 407078
-0.335 1.840 407207
-0.335 1.840 407336
-0.357 1.837 407465
-0.357 1.837 407594
-0.378 1.837 407723
-0.378 1.837 407852
-0.378 1.837 407981
-0.408 1.837 408110
-0.408 1.837 408239
-0.408 1.837 408368
-0.366 1.837 408497
-0.366 1.837 408626
-0.390 1.825 408755
-0.390 1.825 408884
-0.390 1.825 409013
-0.418 1.837 409142
-0.418 1.837 409271
-0.418 1.837 409400
-0.321 1.814 409529
-0.321 1.814 409658
-0.338 1.814 409787
-0.338 1.814 409916
-0.338 1.814 410045
-0.361 1.802 410174
-0.361 1.802 410303
-0.361 1.802 410432
-0.391 1.796 410561
-0.391 1.796 410690
-0.343 1.790 410819
-0.343 1.790 410948
-0.343 1.790 411077
-0.378 1.790 411206
-0.378 1.790 411335
-0.378 1.790 411464
-0.409 1.790 411593
-0.409 1.790 411722
-0.315 1.773 411851
-0.315 1.773 411980
-0.315 1.773 412109
-0.333 1.767 412238
-0.333 1.767 412367
-0.333 1.767 412496
-0.359 1.767 412625
-0.359 1.767 412754
-0.384 1.752 412883
-0.384 1.752 413012
-0.384 1.752 413141
-0.343 1.749 413270
-0.343 1.749 413399
-0.343 1.749 413528
-0.366 1.749 413657
-0.366 1.749 413786
-0.391 1.744 413915
-0.391 1.744 414044
-0.391 1.744 414173
-0.351 1.744 414302
-0.351 1.744 414431
-0.351 1.744 414560
-0.341 1.732 414689
-0.341 1.732 414818
-0.385 1.726 414947
-0.385 1.726 415076
-0.385 1.726 415205
-0.427 1.726 415334
-0.427 1.726 415463
-0.427 1.726 415592
-0.325 1.720 415721
-0.325 1.720 415850
-0.325 1.720 415979
-0.344 1.709 416108
-0.344 1.709 416237
-0.371 1.703 416366
-0.371 1.703 416495
-0.371 1.703 416624
-0.333 1.688 416753
-0.333 1.688 416882
-0.333 1.688 417011
-0.351 1.697 417140
-0.351 1.697 417269
-0.377 1.697 417398
-0.377 1.697 417527
-0.377 1.697 417656
-0.404 1.685 417785
-0.404 1.685 417914
-0.404 1.685 418043
-0.308 1.674 418172
-0.308 1.674 418301
-0.338 1.674 418430
-0.338 1.674 418559
-0.338 1.674 418688
-0.366 1.674 418817
-0.366 1.674 418946
-0.366 1.674 419075
-0.331 1.662 419204
-0.331 1.662 419333
-0.348 1.656 419462
-0.348 1.656 419591
-0.348 1.656 419720
-0.372 1.650 419849
-0.372 1.650 419978
-0.372 1.650 420107
-0.399 1.650 420236
-0.399 1.650 420365
-0.361 1.639 420494
-0.361 1.639 420623
-0.361 1.639 420752
-0.377 1.639 420881
-0.377 1.639 421010
-0.377 1.639 421139
-0.410 1.627 421268
-0.410 1.627 421397
-0.382 1.627 421526
-0.382 1.627 421655
-0.382 1.627 421784
-0.333 1.615 421913
-0.333 1.615 422042
-0.333 1.615 422171
-0.351 1.627 422300
-0.351 1.627 422429
-0.381 1.604 422558
-0.381 1.604 422687
-0.381 1.604 422816
-0.338 1.604 422945
-0.338 1.604 423074
-0.338 1.604 423203
-0.358 1.604 423332
-0.358 1.604 423461
-0.383 1.604 423590
-0.383 1.604 423719
-0.383 1.604 423848
-0.394 1.586 423977
-0.394 1.586 424106
-0.394 1.586 424235
-0.371 1.586 424364
-0.371 1.586 424493
-0.395 1.580 424622
-0.395 1.580 424751
-0.395 1.580 424880
-0.363 1.580 425009
-0.363 1.580 425138
-0.363 1.580 425267
-0.331 1.557 425396
-0.331 1.557 425525
-0.355 1.563 425654
-0.355 1.563 425783
-0.355 1.563 425912
-0.380 1.557 426041
-0.380 1.557 426170
-0.380 1.557 426299
-0.404 1.557 426428
-0.404 1.557 426557
-0.364 1.563 426686
-0.364 1.563 426815
-0.364 1.563 426944
-0.392 1.539 427073
-0.392 1.539 427202
-0.392 1.539 427331
-0.426 1.534 427460
-0.426 1.534 427589
-0.320 1.534 427718
-0.320 1.534 427847
-0.320 1.534 427976
-0.338 1.534 428105
-0.338 1.534 428234
-0.338 1.534 428363
-0.359 1.516 428492
-0.359 1.516 428621
-0.385 1.510 428750
-0.385 1.510 428879
-0.385 1.510 429008
-0.348 1.510 429137
-0.348 1.510 429266
-0.348 1.510 429395
-0.369 1.510 429524
-0.369 1.510 429653
-0.395 1.499 429782
-0.395 1.499 429911
-0.395 1.499 430040
-0.356 1.487 430169
-0.356 1.487 430298
-0.356 1.487 430427
-0.379 1.487 430556
-0.379 1.487 430685
-0.406 1.487 430814
-0.406 1.487 430943
-0.406 1.487 431072
-0.437 1.487 431201
-0.437 1.487 431330
-0.437 1.487 431459
-0.328 1.469 431588
-0.328 1.469 431717
-0.349 1.464 431846
-0.349 1.464 431975
-0.349 1.464 432104
-0.381 1.464 432233
-0.381 1.464 432362
-0.381 1.464 432491
-0.350 1.464 432620
-0.350 1.464 432749
-0.372 1.446 432878
-0.372 1.446 433007
-0.372 1.446 433136
-0.405 1.440 433265
-0.405 1.440 433394
-0.405 1.440 433523
-0.436 1.440 433652
-0.436 1.440 433781
-0.331 1.426 433910
-0.331 1.426 434039
-0.331 1.426 434168
-0.348 1.429 434297
-0.348 1.429 434426
-0.348 1.429 434555
-0.375 1.417 434684
-0.375 1.417 434813
-0.331 1.417 434942
-0.331 1.417 435071
-0.331 1.417 435200
-0.349 1.417 435329
-0.349 1.417 435458
-0.349 1.417 435587
-0.374 1.417 435716
-0.374 1.417 435845
-0.401 1.394 435974
-0.401 1.394 436103
-0.401 1.394 436232
-0.364 1.394 436361
-0.364 1.394 436490
-0.364 1.394 436619
-0.387 1.394 436748
-0.387 1.394 436877
-0.421 1.385 437006
-0.421 1.385 437135
-0.421 1.385 437264
-0.317 1.376 437393
-0.317 1.376 437522
-0.317 1.376 437651
-0.334 1.370 437780
-0.334 1.370 437909
-0.357 1.362 438038
-0.357 1.362 438167
-0.357 1.362 438296
-0.386 1.370 438425
-0.386 1.370 438554
-0.386 1.370 438683
-0.338 1.359 438812
-0.338 1.359 438941
-0.338 1.359 439070
-0.340 1.344 439199
-0.340 1.344 439328
-0.391 1.347 439457
-0.391 1.347 439586
-0.391 1.347 439715
-0.303 1.347 439844
-0.303 1.347 439973
-0.303 1.347 440102
-0.326 1.335 440231
-0.326 1.335 440360
-0.351 1.335 440489
-0.351 1.335 440618
-0.351 1.335 440747
-0.383 1.324 440876
-0.383 1.324 441005
-0.383 1.324 441134
-0.341 1.324 441263
-0.341 1.324 441392
-0.363 1.324 441521
-0.363 1.324 441650
-0.363 1.324 441779
-0.389 1.312 441908
-0.389 1.312 442037
-0.389 1.312 442166
-0.345 1.300 442295
-0.345 1.300 442424
-0.371 1.300 442553
-0.371 1.300 442682
-0.371 1.300 442811
-0.399 1.300 442940
-0.399 1.300 443069
-0.399 1.300 443198
-0.433 1.300 443327
-0.433 1.300 443456
-0.322 1.277 443585
-0.322 1.277 443714
-0.322 1.277 443843
-0.343 1.277 443972
-0.343 1.277 444101
-0.343 1.277 444230
-0.368 1.277 444359
-0.368 1.277 444488
-0.328 1.265 444617
-0.328 1.265 444746
-0.328 1.265 444875
-0.347 1.265 445004
-0.347 1.265 445133
-0.347 1.265 445262
-0.368 1.254 445391
-0.368 1.254 445520
-0.400 1.254 445649
-0.400 1.254 445778
-0.400 1.254 445907
-0.311 1.239 446036
-0.311 1.239 446165
-0.311 1.239 446294
-0.338 1.233 446423
-0.338 1.233 446552
-0.363 1.230 446681
-0.363 1.230 446810
-0.363 1.230 446939
-0.324 1.230 447068
-0.324 1.230 447197
-0.324 1.230 447326
-0.345 1.230 447455
-0.345 1.230 447584
-0.371 1.230 447713
-0.371 1.230 447842
-0.371 1.230 447971
-0.397 1.213 448100
-0.397 1.213 448229
-0.397 1.213 448358
-0.358 1.207 448487
-0.358 1.207 448616
-0.381 1.207 448745
-0.381 1.207 448874
-0.381 1.207 449003
-0.413 1.195 449132
-0.413 1.195 449261
-0.413 1.195 449390
-0.312 1.195 449519
-0.312 1.195 449648
-0.332 1.184 449777
-0.332 1.184 449906
-0.332 1.184 450035
-0.351 1.184 450164
-0.351 1.184 450293
-0.351 1.184 450422
-0.379 1.184 450551
-0.379 1.184 450680
-0.337 1.160 450809
-0.337 1.160 450938
-0.337 1.160 451067
-0.357 1.160 451196
-0.357 1.160 451325
-0.357 1.160 451454
-0.382 1.160 451583
-0.382 1.160 451712
-0.367 1.160 451841
-0.367 1.160 451970
-0.367 1.160 452099
-0.367 1.149 452228
-0.367 1.149 452357
-0.367 1.149 452486
-0.394 1.143 452615
-0.394 1.143 452744
-0.361 1.137 452873
-0.361 1.137 453002
-0.361 1.137 453131
-0.329 1.137 453260
-0.329 1.137 453389
-0.329 1.137 453518
-0.354 1.137 453647
-0.354 1.137 453776
-0.383 1.125 453905
-0.383 1.125 454034
-0.383 1.125 454163
-0.387 1.114 454292
-0.387 1.114 454421
-0.387 1.114 454550
-0.367 1.114 454679
-0.367 1.114 454808
-0.393 1.114 454937
-0.393 1.114 455066
-0.393 1.114 455195
-0.426 1.093 455324
-0.426 1.093 455453
-0.426 1.093 455582
-0.319 1.090 455711
-0.319 1.090 455840
-0.336 1.082 455969
-0.336 1.082 456098
-0.336 1.082 456227
-0.360 1.090 456356
-0.360 1.090 456485
-0.360 1.090 456614
-0.376 1.073 456743
-0.376 1.073 456872
-0.345 1.070 457001
-0.345 1.070 457130
-0.345 1.070 457259
-0.366 1.073 457388
-0.366 1.073 457517
-0.366 1.073 457646
-0.394 1.067 457775
-0.394 1.067 457904
-0.354 1.055 458033
-0.354 1.055 458162
-0.354 1.055 458291
-0.380 1.047 458420
-0.380 1.047 458549
-0.380 1.047 458678
-0.406 1.044 458807
-0.406 1.044 458936
-0.428 1.044 459065
-0.428 1.044 459194
-0.428 1.044 459323
-0.328 1.044 459452
-0.328 1.044 459581
-0.328 1.044 459710
-0.347 1.026 459839
-0.347 1.026 459968
-0.383 1.032 460097
-0.383 1.032 460226
-0.383 1.032 460355
-0.349 1.020 460484
-0.349 1.020 460613
-0.349 1.020 460742
-0.375 1.020 460871
-0.375 1.020 461000
-0.406 1.020 461129
-0.406 1.020 461258
-0.406 1.020 461387
-0.435 1.003 461516
-0.435 1.003 461645
-0.435 1.003 461774
-0.328 0.997 461903
-0.328 0.997 462032
-0.328 0.997 462161
-0.348 0.997 462290
-0.348 0.997 462419
-0.373 0.997 462548
-0.373 0.997 462677
-0.373 0.997 462806
-0.332 0.979 462935
-0.332 0.979 463064
-0.332 0.979 463193
-0.351 0.979 463322
-0.351 0.979 463451
-0.342 0.974 463580
-0.342 0.974 463709
-0.342 0.974 463838
-0.390 0.965 463967
-0.390 0.965 464096
-0.390 0.965 464225
-0.358 0.962 464354
-0.358 0.962 464483
-0.387 0.956 464612
-0.387 0.956 464741
-0.387 0.956 464870
-0.421 0.962 464999
-0.421 0.962 465128
-0.421 0.962 465257
-0.315 0.950 465386
-0.315 0.950 465515
-0.334 0.939 465644
-0.334 0.939 465773
-0.334 0.939 465902
-0.360 0.939 466031
-0.360 0.939 466160
-0.360 0.939 466289
-0.389 0.927 466418
-0.389 0.927 466547
-0.341 0.927 466676
-0.341 0.927 466805
-0.341 0.927 466934
-0.377 0.912 467063
-0.377 0.912 467192
-0.377 0.912 467321
-0.414 0.927 467450
-0.414 0.927 467579
-0.315 0.904 467708
-0.315 0.904 467837
-0.315 0.904 467966
-0.333 0.904 468095
-0.333 0.904 468224
-0.333 0.904 468353
-0.358 0.904 468482
-0.358 0.904 468611
-0.386 0.904 468740
-0.386 0.904 468869
-0.386 0.904 468998
-0.345 0.886 469127
-0.345 0.886 469256
-0.345 0.886 469385
-0.366 0.869 469514
-0.366 0.869 469643
-0.387 0.880 469772
-0.387 0.880 469901
-0.387 0.880 470030
-0.350 0.863 470159
-0.350 0.863 470288
-0.350 0.863 470417
-0.374 0.860 470546
-0.374 0.860 470675
-0.400 0.857 470804
-0.400 0.857 470933
-0.400 0.857 471062
-0.437 0.857 471191
-0.437 0.857 471320
-0.437 0.857 471449
-0.326 0.857 471578
-0.326 0.857 471707
-0.345 0.845 471836
-0.345 0.845 471965
-0.345 0.845 472094
-0.373 0.834 472223
-0.373 0.834 472352
-0.373 0.834 472481
-0.331 0.834 472610
-0.331 0.834 472739
-0.350 0.822 472868
-0.350 0.822 472997
-0.350 0.822 473126
-0.376 0.822 473255
-0.376 0.822 473384
-0.376 0.822 473513
-0.406 0.822 473642
-0.406 0.822 473771
-0.316 0.802 473900
-0.316 0.802 474029
-0.316 0.802 474158
-0.340 0.810 474287
-0.340 0.810 474416
-0.340 0.810 474545
-0.368 0.799 474674
-0.368 0.799 474803
-0.330 0.793 474932
-0.330 0.793 475061
-0.330 0.793 475190
-0.350 0.787 475319
-0.350 0.787 475448
-0.350 0.787 475577
-0.377 0.778 475706
-0.377 0.778 475835
-0.402 0.787 475964
-0.402 0.787 476093
-0.402 0.787 476222
-0.363 0.769 476351
-0.363 0.769 476480
-0.363 0.769 476609
-0.389 0.769 476738
-0.389 0.769 476867
-0.419 0.764 476996
-0.419 0.764 477125
-0.419 0.764 477254
-0.315 0.752 477383
-0.315 0.752 477512
-0.315 0.752 477641
-0.336 0.746 477770
-0.336 0.746 477899
-0.358 0.746 478028
-0.358 0.746 478157
-0.358 0.746 478286
-0.385 0.740 478415
-0.385 0.740 478544
-0.385 0.740 478673
-0.339 0.740 478802
-0.339 0.740 478931
-0.361 0.740 479060
-0.361 0.740 479189
-0.361 0.740 479318
-0.387 0.723 479447
-0.387 0.723 479576
-0.387 0.723 479705
-0.353 0.717 479834
-0.353 0.717 479963
-0.374 0.717 480092
-0.374 0.717 480221
-0.374 0.717 480350
-0.400 0.717 480479
-0.400 0.717 480608
-0.400 0.717 480737
-0.369 0.705 480866
-0.369 0.705 480995
-0.336 0.694 481124
-0.336 0.694 481253
-0.336 0.694 481382
-0.358 0.694 481511
-0.358 0.694 481640
-0.358 0.694 481769
-0.387 0.682 481898
-0.387 0.682 482027
-0.347 0.682 482156
-0.347 0.682 482285
-0.347 0.682 482414
-0.371 0.676 482543
-0.371 0.676 482672
-0.371 0.676 482801
-0.400 0.670 482930
-0.400 0.670 483059
-0.433 0.670 483188
-0.433 0.670 483317
-0.433 0.670 483446
-0.324 0.659 483575
-0.324 0.659 483704
-0.324 0.659 483833
-0.345 0.653 483962
-0.345 0.653 484091
-0.368 0.647 484220
-0.368 0.647 484349
-0.368 0.647 484478
-0.361 0.647 484607
-0.361 0.647 484736
-0.361 0.647 484865
-0.349 0.629 484994
-0.349 0.629 485123
-0.349 0.629 485252
-0.374 0.635 485381
-0.374 0.635 485510
-0.404 0.624 485639
-0.404 0.624 485768
-0.404 0.624 485897
-0.363 0.624 486026
-0.363 0.624 486155
-0.363 0.624 486284
-0.385 0.624 486413
-0.385 0.624 486542
-0.416 0.612 486671
-0.416 0.612 486800
-0.416 0.612 486929
-0.413 0.606 487058
-0.413 0.606 487187
-0.413 0.606 487316
-0.336 0.600 487445
-0.336 0.600 487574
-0.364 0.600 487703
-0.364 0.600 487832
-0.364 0.600 487961
-0.377 0.600 488090
-0.377 0.600 488219
-0.377 0.600 488348
-0.351 0.583 488477
-0.351 0.583 488606
-0.379 0.577 488735
-0.379 0.577 488864
-0.379 0.577 488993
-0.411 0.568 489122
-0.411 0.568 489251
-0.411 0.568 489380
-0.429 0.577 489509
-0.429 0.577 489638
-0.336 0.557 489767
-0.336 0.557 489896
-0.336 0.557 490025
-0.356 0.559 490154
-0.356 0.559 490283
-0.356 0.559 490412
-0.383 0.554 490541
-0.383 0.554 490670
-0.339 0.554 490799
-0.339 0.554 490928
-0.339 0.554 491057
-0.359 0.542 491186
-0.359 0.542 491315
-0.359 0.542 491444
-0.385 0.536 491573
-0.385 0.536 491702
-0.413 0.536 491831
-0.413 0.536 491960
-0.413 0.536 492089
-0.375 0.530 492218
-0.375 0.530 492347
-0.375 0.530 492476
-0.398 0.530 492605
-0.398 0.530 492734
-0.432 0.519 492863
-0.432 0.519 492992
-0.432 0.519 493121
-0.326 0.507 493250
-0.326 0.507 493379
-0.326 0.507 493508
-0.345 0.507 493637
-0.345 0.507 493766
-0.368 0.507 493895
-0.368 0.507 494024
-0.368 0.507 494153
-0.391 0.487 494282
-0.391 0.487 494411
-0.391 0.487 494540
-0.360 0.489 494669
-0.360 0.489 494798
-0.392 0.495 494927
-0.392 0.495 495056
-0.392 0.495 495185
-0.426 0.484 495314
-0.426 0.484 495443
-0.426 0.484 495572
-0.323 0.472 495701
-0.323 0.472 495830
-0.343 0.466 495959
-0.343 0.466 496088
-0.343 0.466 496217
-0.368 0.460 496346
-0.368 0.460 496475
-0.368 0.460 496604
-0.395 0.460 496733
-0.395 0.460 496862
-0.351 0.449 496991
-0.351 0.449 497120
-0.351 0.449 497249
-0.373 0.449 497378
-0.373 0.449 497507
-0.373 0.449 497636
-0.401 0.449 497765
-0.401 0.449 497894
-0.362 0.437 498023
-0.362 0.437 498152
-0.362 0.437 498281
-0.384 0.428 498410
-0.384 0.428 498539
-0.384 0.428 498668
-0.413 0.419 498797
-0.413 0.419 498926
-0.448 0.419 499055
-0.448 0.419 499184
-0.448 0.419 499313
-0.337 0.414 499442
-0.337 0.414 499571
-0.337 0.414 499700
-0.355 0.414 499829
-0.355 0.414 499958
-0.382 0.402 500087
-0.382 0.402 500216
-0.382 0.402 500345
-0.343 0.390 500474
-0.343 0.390 500603
-0.343 0.390 500732
-0.361 0.402 500861
-0.361 0.402 500990
-0.384 0.414 501119
-0.384 0.414 501248
-0.384 0.414 501377
-0.438 0.379 501506
-0.438 0.379 501635
-0.438 0.379 501764
-0.327 0.379 501893
-0.327 0.379 502022
-0.356 0.352 502151
-0.356 0.352 502280
-0.356 0.352 502409
-0.379 0.367 502538
-0.379 0.367 502667
-0.379 0.367 502796
-0.342 0.347 502925
-0.342 0.347 503054
-0.362 0.349 503183
-0.362 0.349 503312
-0.362 0.349 503441
-0.386 0.349 503570
-0.386 0.349 503699
-0.386 0.349 503828
-0.414 0.344 503957
-0.414 0.344 504086
-0.374 0.344 504215
-0.374 0.344 504344
-0.374 0.344 504473
-0.398 0.332 504602
-0.398 0.332 504731
-0.398 0.332 504860
-0.429 0.326 504989
-0.429 0.326 505118
-0.328 0.320 505247
-0.328 0.320 505376
-0.328 0.320 505505
-0.345 0.320 505634
-0.345 0.320 505763
-0.345 0.320 505892
-0.369 0.309 506021
-0.369 0.309 506150
-0.398 0.300 506279
-0.398 0.300 506408
-0.398 0.300 506537
-0.349 0.297 506666
-0.349 0.297 506795
-0.349 0.297 506924
-0.372 0.297 507053
-0.372 0.297 507182
-0.400 0.297 507311
-0.400 0.297 507440
-0.400 0.297 507569
-0.362 0.285 507698
-0.362 0.285 507827
-0.362 0.285 507956
-0.386 0.279 508085
-0.386 0.279 508214
-0.386 0.279 508343
-0.356 0.265 508472
-0.356 0.265 508601
-0.391 0.274 508730
-0.391 0.274 508859
-0.391 0.274 508988
-0.350 0.259 509117
-0.350 0.259 509246
-0.350 0.259 509375
-0.373 0.256 509504
-0.373 0.256 509633
-0.399 0.250 509762
-0.399 0.250 509891
-0.399 0.250 510020
-0.363 0.239 510149
-0.363 0.239 510278
-0.363 0.239 510407
-0.387 0.239 510536
-0.387 0.239 510665
-0.411 0.233 510794
-0.411 0.233 510923
-0.411 0.233 511052
-0.447 0.233 511181
-0.447 0.233 511310
-0.447 0.233 511439
-0.338 0.227 511568
-0.338 0.227 511697
-0.357 0.227 511826
-0.357 0.227 511955
-0.357 0.227 512084
-0.383 0.209 512213
-0.383 0.209 512342
-0.383 0.209 512471
-0.341 0.204 512600
-0.341 0.204 512729
-0.348 0.204 512858
-0.348 0.204 512987
-0.348 0.204 513116
-0.379 0.204 513245
-0.379 0.204 513374
-0.379 0.204 513503
-0.413 0.183 513632
-0.413 0.183 513761
-0.374 0.186 513890
-0.374 0.186 514019
-0.374 0.186 514148
-0.398 0.180 514277
-0.398 0.180 514406
-0.398 0.180 514535
-0.427 0.180 514664
-0.427 0.180 514793
-0.359 0.169 514922
-0.359 0.169 515051
-0.359 0.169 515180
-0.349 0.157 515309
-0.349 0.157 515438
-0.349 0.157 515567
-0.378 0.157 515696
-0.378 0.157 515825
-0.410 0.157 515954
-0.410 0.157 516083
-0.410 0.157 516212
-0.375 0.145 516341
-0.375 0.145 516470
-0.375 0.145 516599
-0.398 0.145 516728
-0.398 0.145 516857
-0.428 0.139 516986
-0.428 0.139 517115
-0.428 0.139 517244
-0.409 0.134 517373
-0.409 0.134 517502
-0.409 0.134 517631
-0.349 0.134 517760
-0.349 0.134 517889
-0.371 0.122 518018
-0.371 0.122 518147
-0.371 0.122 518276
-0.397 0.122 518405
-0.397 0.122 518534
-0.397 0.122 518663
-0.351 0.110 518792
-0.351 0.110 518921
-0.373 0.110 519050
-0.373 0.110 519179
-0.373 0.110 519308
-0.401 0.110 519437
-0.401 0.110 519566
-0.401 0.110 519695
-0.417 0.093 519824
-0.417 0.093 519953
-0.391 0.078 520082
-0.391 0.078 520211
-0.391 0.078 520340
-0.042 0.075 520469
-0.042 0.075 520598
-0.042 0.075 520727
0.156 0.087 520856
0.156 0.087 520984
0.197 0.087 521112
0.197 0.087 521240
0.197 0.087 521368
0.269 0.087 521496
0.269 0.087 521624
0.269 0.087 521752
0.319 0.087 521880
0.319 0.087 522008
0.359 0.081 522136
0.359 0.081 522264
0.359 0.081 522392
0.326 0.099 522520
0.326 0.099 522648
0.326 0.099 522776
0.363 0.099 522904
0.363 0.099 523032
0.363 0.099 523160
0.402 0.110 523288
0.402 0.110 523416
0.286 0.110 523544
0.286 0.110 523672
0.286 0.110 523800
0.313 0.122 523928
0.313 0.122 524056
0.313 0.122 524184
0.339 0.122 524312
0.339 0.122 524440
0.369 0.134 524568
0.369 0.134 524696
0.369 0.134 524824
0.321 0.134 524952
0.321 0.134 525080
0.321 0.134 525208
0.366 0.134 525336
0.366 0.134 525464
0.407 0.145 525592
0.407 0.145 525720
0.407 0.145 525848
0.292 0.157 525976
0.292 0.157 526104
0.292 0.157 526232
0.319 0.157 526360
0.319 0.157 526488
0.345 0.157 526616
0.345 0.157 526744
0.345 0.157 526872
0.379 0.157 527000
0.379 0.157 527128
0.379 0.157 527256
0.328 0.169 527384
0.328 0.169 527512
0.328 0.169 527640
0.321 0.180 527768
0.321 0.180 527896
0.368 0.180 528024
0.368 0.180 528152
0.368 0.180 528280
0.332 0.180 528408
0.332 0.180 528536
0.332 0.180 528664
0.366 0.192 528792
0.366 0.192 528920
0.400 0.192 529048
0.400 0.192 529176
0.400 0.192 529304
0.440 0.204 529432
0.440 0.204 529560
0.440 0.204 529688
0.311 0.204 529816
0.311 0.204 529944
0.339 0.209 530072
0.339 0.209 530200
0.339 0.209 530328
0.366 0.215 530456
0.366 0.215 530584
0.366 0.215 530712
0.321 0.227 530840
0.321 0.227 530968
0.345 0.221 531096
0.345 0.221 531224
0.345 0.221 531352
0.374 0.233 531480
0.374 0.233 531608
0.374 0.233 531736
0.407 0.239 531864
0.407 0.239 531992
0.407 0.239 532120
0.302 0.250 532248
0.302 0.250 532376
0.334 0.250 532504
0.334 0.250 532632
0.334 0.250 532760
0.365 0.256 532888
0.365 0.256 533016
0.365 0.256 533144
0.324 0.259 533272
0.324 0.259 533400
0.349 0.259 533528
0.349 0.259 533656
0.349 0.259 533784
0.370 0.274 533912
0.370 0.274 534040
0.370 0.274 534168
0.407 0.274 534296
0.407 0.274 534424
0.360 0.279 534552
0.360 0.279 534680
0.360 0.279 534808
0.389 0.285 534936
0.389 0.285 535064
0.389 0.285 535192
0.423 0.297 535320
0.423 0.297 535448
0.307 0.297 535576
0.307 0.297 535704
0.307 0.297 535832
0.331 0.303 535960
0.331 0.303 536088
0.331 0.303 536216
0.357 0.309 536344
0.357 0.309 536472
0.357 0.309 536600
0.388 0.309 536728
0.388 0.309 536856
0.338 0.320 536984
0.338 0.320 537112
0.338 0.320 537240
0.365 0.326 537368
0.365 0.326 537496
0.365 0.326 537624
0.392 0.332 537752
0.392 0.332 537880
0.350 0.344 538008
0.350 0.344 538136
0.350 0.344 538264
0.377 0.344 538392
0.377 0.344 538520
0.377 0.344 538648
0.404 0.344 538776
0.404 0.344 538904
0.372 0.349 539032
0.372 0.349 539160
0.372 0.349 539288
0.331 0.367 539416
0.331 0.367 539544
0.331 0.367 539672
0.362 0.367 539800
0.362 0.367 539928
0.389 0.367 540056
0.389 0.367 540184
0.389 0.367 540312
0.347 0.373 540440
0.347 0.373 540568
0.347 0.373 540696
0.377 0.373 540824
0.377 0.373 540952
0.377 0.373 541080
0.405 0.390 541208
0.405 0.390 541336
0.446 0.379 541464
0.446 0.379 541592
0.446 0.379 541720
0.321 0.402 541848
0.321 0.402 541976
0.321 0.402 542104
0.347 0.402 542232
0.347 0.402 542360
0.372 0.396 542488
0.372 0.396 542616
0.372 0.396 542744
0.326 0.408 542872
0.326 0.408 543000
0.326 0.408 543128
0.351 0.414 543256
0.351 0.414 543384
0.377 0.414 543512
0.377 0.414 543640
0.377 0.414 543768
0.410 0.425 543896
0.410 0.425 544024
0.410 0.425 544152
0.362 0.437 544280
0.362 0.437 544408
0.391 0.437 544536
0.391 0.437 544664
0.391 0.437 544792
0.423 0.437 544920
0.423 0.437 545048
0.423 0.437 545176
0.309 0.449 545304
0.309 0.449 545432
0.309 0.449 545560
0.334 0.460 545688
0.334 0.460 545816
0.360 0.452 545944
0.360 0.452 546072
0.360 0.452 546200
0.396 0.466 546328
0.396 0.466 546456
0.396 0.466 546584
0.357 0.484 546712
0.357 0.484 546840
0.386 0.472 546968
0.386 0.472 547096
0.386 0.472 547224
0.421 0.484 547352
0.421 0.484 547480
0.421 0.484 547608
0.373 0.484 547736
0.373 0.484 547864
0.333 0.487 547992
0.333 0.487 548120
0.333 0.487 548248
0.357 0.507 548376
0.357 0.507 548504
0.357 0.507 548632
0.386 0.495 548760
0.386 0.495 548888
0.339 0.507 549016
0.339 0.507 549144
0.339 0.507 549272
0.365 0.519 549400
0.365 0.519 549528
0.365 0.519 549656
0.393 0.519 549784
0.393 0.519 549912
0.393 0.519 550040
0.407 0.519 550168
0.407 0.519 550296
0.378 0.530 550424
0.378 0.530 550552
0.378 0.530 550680
0.407 0.530 550808
0.407 0.530 550936
0.407 0.530 551064
0.442 0.536 551192
0.442 0.536 551320
0.319 0.539 551448
0.319 0.539 551576
0.319 0.539 551704
0.345 0.554 551832
0.345 0.554 551960
0.345 0.554 552088
0.351 0.554 552216
0.351 0.554 552344
0.382 0.559 552472
0.382 0.559 552600
0.382 0.559 552728
0.347 0.577 552856
0.347 0.577 552984
0.347 0.577 553112
0.391 0.577 553240
0.391 0.577 553368
0.434 0.577 553496
0.434 0.577 553624
0.434 0.577 553752
0.315 0.589 553880
0.315 0.589 554008
0.315 0.589 554136
0.343 0.589 554264
0.343 0.589 554392
0.343 0.589 554520
0.369 0.586 554648
0.369 0.586 554776
0.399 0.592 554904
0.399 0.592 555032
0.399 0.592 555160
0.351 0.600 555288
0.351 0.600 555416
0.351 0.600 555544
0.374 0.624 555672
0.374 0.624 555800
0.406 0.624 555928
0.406 0.624 556056
0.406 0.624 556184
0.362 0.624 556312
0.362 0.624 556440
0.362 0.624 556568
0.391 0.624 556696
0.391 0.624 556824
0.421 0.629 556952
0.421 0.629 557080
0.421 0.629 557208
0.455 0.632 557336
0.455 0.632 557464
0.455 0.632 557592
0.332 0.647 557720
0.332 0.647 557848
0.358 0.647 557976
0.358 0.647 558104
0.358 0.647 558232
0.381 0.653 558360
0.381 0.653 558488
0.381 0.653 558616
0.334 0.670 558744
0.334 0.670 558872
0.334 0.670 559000
0.362 0.670 559128
0.362 0.670 559256
0.389 0.670 559384
0.389 0.670 559512
0.389 0.670 559640
0.444 0.670 559768
0.444 0.670 559896
0.444 0.670 560024
0.321 0.679 560152
0.321 0.679 560280
0.353 0.694 560408
0.353 0.694 560536
0.353 0.694 560664
0.383 0.694 560792
0.383 0.694 560920
0.383 0.694 561048
0.336 0.699 561176
0.336 0.699 561304
0.362 0.705 561432
0.362 0.705 561560
0.362 0.705 561688
0.388 0.705 561816
0.388 0.705 561944
0.388 0.705 562072
0.423 0.717 562200
0.423 0.717 562328
0.372 0.717 562456
0.372 0.717 562584
0.372 0.717 562712
0.404 0.720 562840
0.404 0.720 562968
0.404 0.720 563096
0.435 0.717 563224
0.435 0.717 563352
0.435 0.717 563480
0.319 0.740 563608
0.319 0.740 563736
0.343 0.740 563864
0.343 0.740 563992
0.343 0.740 564120
0.368 0.746 564248
0.368 0.746 564376
0.368 0.746 564504
0.398 0.764 564632
0.398 0.764 564760
0.348 0.764 564888
0.348 0.764 565016
0.348 0.764 565144
0.374 0.764 565272
0.374 0.764 565400
0.374 0.764 565528
0.405 0.764 565656
0.405 0.764 565784
0.360 0.775 565912
0.360 0.775 566040
0.360 0.775 566168
0.386 0.787 566296
0.386 0.787 566424
0.386 0.787 566552
0.353 0.787 566680
0.353 0.787 566808
0.393 0.787 566936
0.393 0.787 567064
0.393 0.787 567192
0.343 0.799 567320
0.343 0.799 567448
0.343 0.799 567576
0.370 0.799 567704
0.370 0.799 567832
0.370 0.799 567960
0.400 0.810 568088
0.400 0.810 568216
0.360 0.810 568344
0.360 0.810 568472
0.360 0.810 568600
0.385 0.810 568728
0.385 0.810 568856
0.385 0.810 568984
0.416 0.834 569112
0.416 0.834 569240
0.453 0.834 569368
0.453 0.834 569496
0.453 0.834 569624
0.332 0.834 569752
0.332 0.834 569880
0.332 0.834 570008
0.355 0.834 570136
0.355 0.834 570264
0.382 0.845 570392
0.382 0.845 570520
0.382 0.845 570648
0.330 0.857 570776
0.330 0.857 570904
0.330 0.857 571032
0.357 0.857 571160
0.357 0.857 571288
0.386 0.857 571416
0.386 0.857 571544
0.386 0.857 571672
0.418 0.857 571800
0.418 0.857 571928
0.418 0.857 572056
0.369 0.880 572184
0.369 0.880 572312
0.369 0.880 572440
0.400 0.880 572568
0.400 0.880 572696
0.434 0.880 572824
0.434 0.880 572952
0.434 0.880 573080
0.318 0.892 573208
0.318 0.892 573336
0.318 0.892 573464
0.343 0.892 573592
0.343 0.892 573720
0.377 0.904 573848
0.377 0.904 573976
0.377 0.904 574104
0.415 0.904 574232
0.415 0.904 574360
0.415 0.904 574488
0.366 0.909 574616
0.366 0.909 574744
0.399 0.927 574872
0.399 0.927 575000
0.399 0.927 575128
0.430 0.927 575256
0.430 0.927 575384
0.430 0.927 575512
0.316 0.927 575640
0.316 0.927 575768
0.344 0.939 575896
0.344 0.939 576024
0.344 0.939 576152
0.365 0.939 576280
0.365 0.939 576408
0.365 0.939 576536
0.355 0.950 576664
0.355 0.950 576792
0.355 0.950 576920
0.328 0.950 577048
0.328 0.950 577176
0.362 0.950 577304
0.362 0.950 577432
0.362 0.950 577560
0.398 0.956 577688
0.398 0.956 577816
0.398 0.956 577944
0.368 0.962 578072
0.368 0.962 578200
0.381 0.974 578328
0.381 0.974 578456
0.381 0.974 578584
0.410 0.974 578712
0.410 0.974 578840
0.410 0.974 578968
0.451 0.974 579096
0.451 0.974 579224
0.326 0.985 579352
0.326 0.985 579480
0.326 0.985 579608
0.351 0.985 579736
0.351 0.985 579864
0.351 0.985 579992
0.377 0.997 580120
0.377 0.997 580248
0.377 0.997 580376
0.377 0.997 580504
0.377 0.997 580632
0.372 1.003 580760
0.372 1.003 580888
0.372 1.003 581016
0.408 1.006 581144
0.408 1.006 581272
0.408 1.006 581400
0.444 1.020 581528
0.444 1.020 581656
0.324 1.032 581784
0.324 1.032 581912
0.324 1.032 582040
0.352 1.032 582168
0.352 1.032 582296
0.352 1.032 582424
0.377 1.044 582552
0.377 1.044 582680
0.385 1.044 582808
0.385 1.044 582936
0.385 1.044 583064
0.355 1.044 583192
0.355 1.044 583320
0.355 1.044 583448
0.382 1.044 583576
0.382 1.044 583704
0.411 1.047 583832
0.411 1.047 583960
0.411 1.047 584088
0.368 1.067 584216
0.368 1.067 584344
0.368 1.067 584472
0.396 1.067 584600
0.396 1.067 584728
0.426 1.067 584856
0.426 1.067 584984
0.426 1.067 585112
0.448 1.067 585240
0.448 1.067 585368
0.448 1.067 585496
0.336 1.090 585624
0.336 1.090 585752
0.336 1.090 585880
0.362 1.090 586008
0.362 1.090 586136
0.390 1.090 586264
0.390 1.090 586392
0.390 1.090 586520
0.343 1.096 586648
0.343 1.096 586776
0.343 1.096 586904
0.366 1.114 587032
0.366 1.114 587160
0.399 1.114 587288
0.399 1.114 587416
0.399 1.114 587544
0.442 1.114 587672
0.442 1.114 587800
0.442 1.114 587928
0.330 1.119 588056
0.330 1.119 588184
0.357 1.125 588312
0.357 1.125 588440
0.357 1.125 588568
0.389 1.137 588696
0.389 1.137 588824
0.389 1.137 588952
0.343 1.137 589080
0.343 1.137 589208
0.366 1.143 589336
0.366 1.143 589464
0.366 1.143 589592
0.395 1.137 589720
0.395 1.137 589848
0.395 1.137 589976
0.429 1.149 590104
0.429 1.149 590232
0.429 1.149 590360
0.381 1.160 590488
0.381 1.160 590616
0.408 1.160 590744
0.408 1.160 590872
0.408 1.160 591000
0.442 1.166 591128
0.442 1.166 591256
0.442 1.166 591384
0.324 1.184 591512
0.324 1.184 591640
0.348 1.184 591768
0.348 1.184 591896
0.348 1.184 592024
0.374 1.184 592152
0.374 1.184 592280
0.374 1.184 592408
0.402 1.184 592536
0.402 1.184 592664
0.355 1.207 592792
0.355 1.207 592920
0.355 1.207 593048
0.382 1.207 593176
0.382 1.207 593304
0.382 1.207 593432
0.410 1.207 593560
0.410 1.207 593688
0.366 1.207 593816
0.366 1.207 593944
0.366 1.207 594072
0.393 1.219 594200
0.393 1.219 594328
0.393 1.219 594456
0.362 1.230 594584
0.362 1.230 594712
0.362 1.230 594840
0.402 1.230 594968
0.402 1.230 595096
0.345 1.230 595224
0.345 1.230 595352
0.345 1.230 595480
0.374 1.242 595608
0.374 1.242 595736
0.374 1.242 595864
0.406 1.242 595992
0.406 1.242 596120
0.364 1.254 596248
0.364 1.254 596376
0.364 1.254 596504
0.392 1.259 596632
0.392 1.259 596760
0.392 1.259 596888
0.420 1.245 597016
0.420 1.245 597144
0.461 1.259 597272
0.461 1.259 597400
0.461 1.259 597528
0.336 1.277 597656
0.336 1.277 597784
0.336 1.277 597912
0.365 1.277 598040
0.365 1.277 598168
0.387 1.277 598296
0.387 1.277 598424
0.387 1.277 598552
0.343 1.289 598680
0.343 1.289 598808
0.343 1.289 598936
0.366 1.286 599064
0.366 1.286 599192
0.366 1.286 599320
0.393 1.300 599448
0.393 1.300 599576
0.425 1.300 599704
0.425 1.300 599832
0.425 1.300 599960
0.379 1.306 600088
0.379 1.306 600216
0.379 1.306 600344
0.407 1.324 600472
0.407 1.324 600600
0.440 1.312 600728
0.440 1.312 600856
0.440 1.312 600984
0.330 1.324 601112
0.330 1.324 601240
0.330 1.324 601368
0.326 1.335 601496
0.326 1.335 601624
0.372 1.347 601752
0.372 1.347 601880
0.372 1.347 602008
0.415 1.347 602136
0.415 1.347 602264
0.415 1.347 602392
0.373 1.332 602520
0.373 1.332 602648
0.400 1.347 602776
0.400 1.347 602904
0.400 1.347 603032
0.434 1.347 603160
0.434 1.347 603288
0.434 1.347 603416
0.324 1.370 603544
0.324 1.370 603672
0.324 1.370 603800
0.348 1.370 603928
0.348 1.370 604056
0.372 1.376 604184
0.372 1.376 604312
0.372 1.376 604440
0.400 1.376 604568
0.400 1.376 604696
0.400 1.376 604824
0.356 1.376 604952
0.356 1.376 605080
0.381 1.394 605208
0.381 1.394 605336
0.381 1.394 605464
0.410 1.394 605592
0.410 1.394 605720
0.410 1.394 605848
0.364 1.399 605976
0.364 1.399 606104
0.388 1.405 606232
0.388 1.405 606360
0.388 1.405 606488
0.419 1.417 606616
0.419 1.417 606744
0.419 1.417 606872
0.459 1.417 607000
0.459 1.417 607128
0.331 1.423 607256
0.331 1.423 607384
0.331 1.423 607512
0.355 1.440 607640
0.355 1.440 607768
0.355 1.440 607896
0.383 1.440 608024
0.383 1.440 608152
0.383 1.440 608280
0.341 1.440 608408
0.341 1.440 608536
0.383 1.440 608664
0.383 1.440 608792
0.383 1.440 608920
0.416 1.452 609048
0.416 1.452 609176
0.416 1.452 609304
0.455 1.452 609432
0.455 1.452 609560
0.334 1.464 609688
0.334 1.464 609816
0.334 1.464 609944
0.360 1.464 610072
0.360 1.464 610200
0.360 1.464 610328
0.386 1.469 610456
0.386 1.469 610584
0.369 1.487 610712
0.369 1.487 610840
0.369 1.487 610968
0.367 1.472 611096
0.367 1.472 611224
0.367 1.472 611352
0.390 1.487 611480
0.390 1.487 611608
0.390 1.487 611736
0.424 1.487 611864
0.424 1.487 611992
0.379 1.499 612120
0.379 1.499 612248
0.379 1.499 612376
0.408 1.510 612504
0.408 1.510 612632
0.408 1.510 612760
0.438 1.510 612888
0.438 1.510 613016
0.429 1.510 613144
0.429 1.510 613272
0.429 1.510 613400
0.344 1.513 613528
0.344 1.513 613656
0.344 1.513 613784
0.372 1.534 613912
0.372 1.534 614040
0.402 1.534 614168
0.402 1.534 614296
0.402 1.534 614424
0.351 1.534 614552
0.351 1.534 614680
0.351 1.534 614808
0.379 1.539 614936
0.379 1.539 615064
0.404 1.557 615192
0.404 1.557 615320
0.404 1.557 615448
0.436 1.557 615576
0.436 1.557 615704
0.436 1.557 615832
0.343 1.557 615960
0.343 1.557 616088
0.343 1.557 616216
0.369 1.557 616344
0.369 1.557 616472
0.398 1.569 616600
0.398 1.569 616728
0.398 1.569 616856
0.351 1.566 616984
0.351 1.566 617112
0.351 1.566 617240
0.381 1.580 617368
0.381 1.580 617496
0.407 1.580 617624
0.407 1.580 617752
0.407 1.580 617880
0.433 1.580 618008
0.433 1.580 618136
0.433 1.580 618264
0.389 1.592 618392
0.389 1.592 618520
0.418 1.592 618648
0.418 1.592 618776
0.418 1.592 618904
0.453 1.604 619032
0.453 1.604 619160
0.453 1.604 619288
0.336 1.615 619416
0.336 1.615 619544
0.353 1.627 619672
0.353 1.627 619800
0.353 1.627 619928
0.383 1.633 620056
0.383 1.633 620184
0.383 1.633 620312
0.410 1.618 620440
0.410 1.618 620568
0.410 1.618 620696
0.365 1.627 620824
0.365 1.627 620952
0.393 1.650 621080
0.393 1.650 621208
0.393 1.650 621336
0.423 1.650 621464
0.423 1.650 621592
