  
0.000 0.000 1
-0.006 0.469 52
-0.004 0.457 104
-0.005 0.457 156
-0.006 0.448 208
-0.008 0.457 260
-0.005 0.448 312
-0.006 0.445 364
-0.008 0.451 416
-0.006 0.425 468
-0.008 0.451 520
-0.006 0.422 572
-0.006 0.422 624
-0.006 0.425 676
-0.006 0.416 728
-0.006 0.422 780
-0.006 0.416 832
-0.006 0.402 884
-0.006 0.402 936
-0.006 0.399 988
-0.008 0.405 1040
-0.006 0.393 1092
-0.006 0.393 1144
-0.008 0.405 1196
-0.006 0.378 1248
-0.006 0.378 1300
-0.007 0.367 1352
-0.006 0.367 1404
-0.006 0.367 1456
-0.006 0.364 1508
-0.006 0.364 1560
-0.006 0.355 1612
-0.006 0.352 1664
-0.006 0.346 1716
-0.006 0.346 1768
-0.006 0.340 1820
-0.006 0.340 1872
-0.006 0.332 1924
-0.008 0.346 1976
-0.008 0.335 2028
-0.008 0.335 2080
-0.006 0.323 2132
-0.006 0.323 2184
-0.006 0.308 2236
-0.008 0.323 2288
-0.008 0.311 2340
-0.006 0.305 2392
-0.006 0.300 2444
-0.008 0.311 2496
-0.006 0.285 2548
-0.007 0.346 2600
-0.006 0.282 2652
-0.006 0.282 2704
-0.006 0.276 2756
-0.008 0.288 2808
-0.008 0.288 2860
-0.006 0.270 2912
-0.006 0.262 2964
-0.009 0.270 3016
-0.006 0.253 3068
-0.009 0.253 3120
-0.006 0.253 3172
-0.006 0.235 3224
-0.006 0.230 3276
-0.008 0.241 3328
-0.009 0.230 3380
-0.006 0.218 3432
-0.006 0.206 3484
-0.006 0.206 3536
-0.006 0.200 3588
-0.007 0.200 3640
-0.006 0.189 3692
-0.006 0.189 3744
-0.006 0.212 3796
-0.008 0.200 3848
-0.008 0.218 3900
-0.005 0.200 3952
-0.005 0.192 4004
-0.005 0.189 4056
-0.008 0.200 4108
-0.008 0.195 4160
-0.006 0.183 4212
-0.007 0.168 4264
-0.006 0.165 4316
-0.008 0.171 4368
-0.007 0.154 4420
-0.006 0.145 4472
-0.007 0.142 4524
-0.009 0.148 4576
-0.009 0.148 4628
-0.008 0.154 4680
-0.006 0.136 4732
-0.006 0.122 4784
-0.008 0.136 4836
-0.008 0.136 4888
-0.008 0.125 4940
-0.006 0.113 4992
-0.006 0.119 5044
-0.008 0.125 5096
-0.008 0.113 5148
-0.008 0.113 5200
-0.006 0.098 5252
-0.006 0.098 5304
-0.008 0.107 5356
-0.006 0.095 5408
-0.009 0.084 5460
-0.006 0.087 5512
-0.006 0.084 5564
-0.008 0.101 5616
-0.006 0.072 5668
-0.008 0.084 5720
-0.006 0.072 5772
-0.006 0.066 5824
-0.006 0.066 5876
-0.006 0.066 5928
-0.008 0.078 5980
-0.006 0.049 6032
-0.006 0.052 6084
-0.006 0.049 6136
-0.006 0.043 6188
-0.006 0.043 6240
-0.007 0.043 6292
-0.006 0.028 6344
-0.006 0.028 6396
-0.006 0.025 6448
-0.006 0.025 6500
-0.006 0.020 6552
-0.006 0.025 6604
-0.006 0.020 6656
-0.006 0.005 6708
-0.004 0.049 6760
-0.006 -0.007 6812
-0.006 -0.007 6864
-0.008 0.008 6916
-0.006 -0.007 6968
-0.006 -0.007 7020
-0.005 -0.018 7072
-0.006 -0.010 7124
-0.006 -0.021 7176
-0.008 -0.010 7228
-0.006 -0.021 7280
-0.006 -0.033 7332
-0.006 -0.027 7384
-0.006 -0.027 7436
-0.006 -0.045 7488
-0.009 -0.033 7540
-0.006 -0.050 7592
-0.006 -0.039 7644
-0.008 -0.039 7696
-0.006 -0.050 7748
-0.008 -0.039 7800
-0.006 -0.050 7852
-0.006 -0.056 7904
-0.008 -0.050 7956
-0.006 -0.065 8008
-0.006 -0.068 8060
-0.006 -0.068 8112
-0.006 -0.068 8164
-0.007 -0.080 8216
-0.009 -0.074 8268
-0.005 -0.074 8320
-0.006 -0.091 8372
-0.006 -0.091 8424
-0.006 -0.091 8476
-0.006 -0.091 8528
-0.008 -0.085 8580
-0.006 -0.100 8632
-0.005 -0.091 8684
-0.006 -0.103 8736
-0.006 -0.112 8788
-0.006 -0.115 8840
-0.007 -0.115 8892
-0.006 -0.112 8944
-0.006 -0.115 8996
-0.007 -0.120 9048
-0.006 -0.115 9100
-0.006 -0.138 9152
-0.006 -0.144 9204
-0.009 -0.132 9256
-0.009 -0.132 9308
-0.008 -0.109 9360
-0.006 -0.138 9412
-0.006 -0.158 9464
-0.006 -0.144 9516
-0.006 -0.150 9568
-0.008 -0.144 9620
-0.005 -0.135 9672
-0.006 -0.150 9724
-0.006 -0.144 9776
-0.006 -0.155 9828
-0.008 -0.132 9880
-0.006 -0.158 9932
-0.005 -0.158 9984
-0.006 -0.161 10036
-0.006 -0.161 10088
-0.008 -0.155 10140
-0.006 -0.173 10193
-0.006 -0.182 10245
-0.007 -0.185 10297
-0.007 -0.185 10349
-0.008 -0.196 10401
-0.009 -0.193 10453
-0.007 -0.205 10505
-0.007 -0.205 10557
-0.006 -0.208 10609
-0.006 -0.214 10661
-0.006 -0.205 10713
-0.006 -0.214 10765
-0.006 -0.214 10817
-0.006 -0.220 10869
-0.006 -0.220 10921
-0.006 -0.228 10973
-0.006 -0.228 11025
-0.008 -0.214 11077
-0.006 -0.231 11129
-0.006 -0.237 11181
-0.008 -0.225 11233
-0.006 -0.237 11285
-0.006 -0.243 11337
-0.006 -0.249 11389
-0.006 -0.255 11441
-0.006 -0.255 11493
-0.005 -0.237 11545
-0.006 -0.255 11597
-0.005 -0.237 11649
-0.006 -0.266 11701
-0.006 -0.266 11753
-0.006 -0.275 11805
-0.006 -0.275 11857
-0.008 -0.266 11909
-0.006 -0.284 11961
-0.006 -0.278 12013
-0.006 -0.290 12065
-0.006 -0.290 12117
-0.006 -0.295 12169
-0.006 -0.290 12221
-0.006 -0.301 12273
-0.006 -0.301 12325
-0.006 -0.298 12377
-0.006 -0.307 12429
-0.006 -0.307 12481
-0.006 -0.307 12533
-0.006 -0.307 12585
-0.006 -0.307 12637
-0.006 -0.319 12689
-0.006 -0.325 12741
-0.006 -0.325 12793
-0.006 -0.325 12845
-0.006 -0.325 12897
-0.006 -0.330 12949
-0.006 -0.330 13001
-0.006 -0.330 13053
-0.006 -0.330 13105
-0.006 -0.345 13157
-0.006 -0.345 13209
-0.006 -0.345 13261
-0.006 -0.348 13313
-0.006 -0.348 13365
-0.008 -0.342 13417
-0.008 -0.342 13469
-0.006 -0.354 13521
-0.008 -0.342 13573
-0.006 -0.368 13625
-0.006 -0.371 13677
-0.006 -0.371 13729
-0.006 -0.371 13781
-0.008 -0.365 13833
-0.006 -0.380 13885
-0.006 -0.380 13937
-0.006 -0.380 13989
-0.006 -0.383 14041
-0.006 -0.383 14093
-0.006 -0.395 14145
-0.006 -0.392 14197
-0.006 -0.392 14249
-0.006 -0.395 14301
-0.006 -0.400 14353
-0.005 -0.400 14405
-0.006 -0.400 14457
-0.006 -0.412 14509
-0.006 -0.406 14561
-0.006 -0.412 14613
-0.006 -0.412 14665
-0.006 -0.418 14717
-0.006 -0.418 14769
-0.006 -0.418 14821
-0.006 -0.424 14873
-0.006 -0.424 14925
-0.006 -0.424 14977
-0.006 -0.424 15029
-0.006 -0.424 15081
-0.006 -0.430 15133
-0.006 -0.441 15185
-0.006 -0.438 15237
-0.008 -0.435 15289
-0.006 -0.441 15341
-0.006 -0.441 15393
-0.006 -0.447 15445
-0.006 -0.447 15497
-0.006 -0.453 15549
-0.006 -0.453 15601
-0.006 -0.453 15653
-0.006 -0.453 15705
-0.008 -0.447 15757
-0.006 -0.465 15809
-0.006 -0.465 15861
-0.006 -0.465 15913
-0.006 -0.465 15965
-0.008 -0.459 16017
-0.006 -0.465 16069
-0.006 -0.470 16121
-0.008 -0.459 16173
-0.006 -0.476 16225
-0.006 -0.476 16277
-0.006 -0.476 16329
-0.006 -0.488 16381
-0.008 -0.476 16433
-0.006 -0.488 16485
-0.008 -0.482 16537
-0.006 -0.494 16589
-0.006 -0.500 16641
-0.006 -0.494 16693
-0.006 -0.494 16745
-0.006 -0.500 16797
-0.006 -0.508 16849
-0.006 -0.508 16901
-0.006 -0.511 16953
-0.006 -0.511 17005
-0.006 -0.511 17057
-0.006 -0.511 17109
-0.006 -0.517 17161
-0.006 -0.517 17213
-0.006 -0.517 17265
-0.006 -0.517 17317
-0.006 -0.523 17369
-0.006 -0.523 17421
