  
  
-0.003 0.096 58
0.903 -0.114 146
0.903 -0.126 235
0.902 -0.138 324
0.901 -0.138 413
0.920 -0.103 502
0.967 0.026 591
0.974 0.096 680
-0.930 0.087 769
-0.727 0.072 858
-0.473 0.064 947
-0.318 0.049 1036
-0.104 0.040 1125
-0.021 0.037 1214
0.047 0.037 1303
0.204 0.049 1392
0.222 0.046 1481
0.242 0.049 1570
0.360 0.040 1659
0.349 0.037 1748
0.352 0.043 1837
0.451 0.040 1926
0.419 0.049 2015
0.402 0.049 2104
0.487 0.049 2193
0.453 0.046 2282
0.436 0.046 2371
0.434 0.049 2460
0.516 0.049 2549
0.473 0.049 2638
0.453 0.049 2727
0.526 0.061 2816
0.481 0.061 2905
0.460 0.061 2994
0.527 0.061 3083
0.487 0.061 3172
0.461 0.049 3261
0.544 0.072 3350
0.502 0.067 3439
0.474 0.067 3528
0.539 0.072 3617
0.496 0.072 3706
0.474 0.069 3795
0.534 0.072 3884
0.493 0.072 3973
0.468 0.072 4062
0.523 0.078 4151
0.501 0.078 4240
0.475 0.084 4329
0.532 0.084 4418
0.495 0.084 4507
0.472 0.087 4596
0.447 0.084 4685
0.508 0.084 4774
0.474 0.087 4863
0.452 0.084 4952
0.466 0.090 5041
0.457 0.087 5130
0.438 0.096 5219
0.497 0.096 5308
0.470 0.093 5397
0.445 0.096 5486
0.501 0.096 5575
0.470 0.093 5664
0.444 0.096 5753
0.497 0.096 5842
0.468 0.110 5931
0.455 0.096 6020
0.508 0.096 6109
0.477 0.110 6198
0.451 0.107 6287
0.500 0.107 6376
0.470 0.110 6465
0.444 0.110 6554
0.496 0.113 6643
0.464 0.107 6732
0.495 0.119 6821
0.501 0.119 6910
0.470 0.122 6999
0.445 0.119 7088
0.436 0.119 7177
0.518 0.122 7266
0.512 0.119 7355
0.587 0.134 7444
0.565 0.134 7533
0.541 0.131 7622
0.616 0.137 7711
0.561 0.134 7800
0.540 0.131 7889
0.617 0.137 7978
0.575 0.137 8067
0.550 0.137 8156
0.621 0.142 8245
0.571 0.142 8334
0.538 0.142 8423
0.609 0.142 8512
0.560 0.142 8601
0.547 0.142 8690
0.619 0.142 8779
0.566 0.142 8868
0.537 0.142 8957
0.605 0.154 9046
0.555 0.142 9135
0.526 0.142 9224
0.495 0.154 9313
0.563 0.154 9402
0.526 0.154 9491
0.514 0.154 9580
0.582 0.160 9669
0.541 0.160 9758
0.512 0.160 9847
0.575 0.166 9936
0.533 0.166 10025
0.506 0.166 10114
0.568 0.166 10203
0.527 0.166 10292
0.501 0.166 10381
0.575 0.177 10470
0.534 0.172 10559
0.506 0.172 10648
0.564 0.177 10737
0.526 0.177 10826
0.500 0.177 10915
0.555 0.177 11004
0.516 0.177 11093
0.492 0.177 11182
0.546 0.177 11271
0.523 0.177 11360
0.494 0.183 11449
0.475 0.180 11538
0.533 0.183 11627
0.500 0.189 11716
0.474 0.189 11805
0.531 0.189 11894
0.499 0.189 11983
0.474 0.192 12072
0.526 0.189 12161
0.506 0.189 12250
0.483 0.189 12339
0.534 0.189 12428
0.501 0.201 12517
0.477 0.204 12606
0.524 0.189 12695
0.493 0.201 12784
0.470 0.201 12873
0.518 0.201 12962
0.487 0.207 13051
0.476 0.204 13140
0.526 0.207 13229
0.492 0.212 13318
0.468 0.207 13407
0.518 0.212 13496
0.500 0.212 13585
0.560 0.212 13674
0.578 0.212 13763
0.560 0.212 13852
0.544 0.218 13941
0.513 0.218 14030
0.557 0.224 14119
0.546 0.227 14208
0.621 0.224 14297
0.590 0.227 14386
0.562 0.224 14475
0.639 0.236 14564
0.589 0.236 14653
0.560 0.236 14742
0.629 0.236 14831
0.594 0.236 14920
0.566 0.236 15009
0.639 0.236 15098
0.589 0.236 15187
0.557 0.236 15276
0.626 0.236 15365
0.576 0.236 15454
0.546 0.236 15543
0.611 0.236 15632
0.565 0.247 15721
0.553 0.247 15810
0.619 0.247 15899
0.573 0.247 15988
0.543 0.253 16077
0.521 0.247 16166
0.588 0.256 16255
0.546 0.253 16344
0.520 0.259 16433
0.582 0.259 16522
0.543 0.259 16611
0.532 0.259 16700
0.594 0.259 16789
0.554 0.259 16878
0.526 0.265 16967
0.585 0.265 17056
0.544 0.265 17145
0.520 0.271 17234
0.574 0.265 17323
0.538 0.271 17412
0.512 0.271 17501
0.584 0.277 17590
0.542 0.271 17679
0.520 0.277 17768
0.565 0.277 17857
0.529 0.282 17946
0.505 0.282 18035
0.556 0.282 18124
0.520 0.282 18213
0.498 0.282 18302
0.552 0.282 18391
0.529 0.282 18480
0.508 0.282 18569
0.487 0.285 18658
0.539 0.282 18747
0.511 0.282 18836
0.487 0.282 18925
0.539 0.294 19014
0.510 0.282 19103
0.483 0.294 19192
0.534 0.294 19281
0.515 0.294 19370
0.495 0.300 19459
0.544 0.306 19548
0.514 0.300 19637
0.487 0.306 19726
0.535 0.300 19815
0.506 0.306 19904
0.534 0.306 19993
0.582 0.306 20082
0.568 0.306 20171
0.484 0.309 20260
0.539 0.306 20349
0.544 0.306 20438
0.611 0.320 20527
0.606 0.317 20616
0.586 0.320 20705
0.565 0.306 20794
0.648 0.317 20883
0.600 0.317 20972
0.575 0.323 21061
0.653 0.329 21150
0.608 0.329 21239
0.581 0.329 21328
0.659 0.329 21417
0.607 0.329 21506
0.579 0.329 21595
0.650 0.329 21684
0.597 0.329 21773
0.570 0.329 21862
0.637 0.329 21951
0.580 0.329 22040
0.560 0.329 22129
0.630 0.329 22218
0.582 0.341 22307
0.555 0.341 22396
0.625 0.341 22485
0.580 0.341 22574
0.553 0.341 22663
0.615 0.347 22752
0.572 0.352 22841
0.560 0.347 22930
0.625 0.352 23019
0.580 0.352 23108
0.553 0.352 23197
0.529 0.352 23286
0.593 0.352 23375
0.555 0.352 23464
0.529 0.358 23553
0.591 0.358 23642
0.553 0.352 23731
0.543 0.364 23820
0.602 0.364 23909
0.562 0.364 23998
0.537 0.364 24087
0.589 0.364 24176
0.553 0.364 24265
0.528 0.376 24354
0.582 0.364 24443
0.548 0.364 24532
0.522 0.376 24621
0.593 0.376 24710
0.555 0.376 24799
0.529 0.376 24888
0.582 0.376 24977
0.546 0.376 25066
0.519 0.376 25155
0.573 0.376 25244
0.542 0.376 25333
0.515 0.376 25422
0.497 0.387 25511
0.562 0.387 25600
0.531 0.387 25689
0.510 0.393 25778
0.561 0.396 25867
0.527 0.399 25956
0.506 0.393 26045
0.555 0.399 26134
0.526 0.399 26223
0.502 0.399 26312
0.581 0.399 26401
0.526 0.399 26490
0.504 0.399 26579
0.553 0.405 26668
0.540 0.411 26757
0.599 0.411 26846
0.619 0.411 26935
0.600 0.411 27024
0.678 0.414 27113
0.637 0.414 27202
0.610 0.417 27291
0.654 0.422 27380
0.633 0.422 27469
0.614 0.414 27558
0.685 0.422 27647
0.636 0.422 27736
0.610 0.422 27825
0.586 0.422 27914
0.661 0.422 28003
0.614 0.422 28092
0.585 0.422 28181
0.675 0.422 28270
0.627 0.422 28359
0.594 0.422 28448
0.665 0.434 28537
0.616 0.434 28626
0.586 0.434 28715
0.654 0.434 28804
0.610 0.434 28893
0.580 0.434 28982
0.641 0.434 29071
0.619 0.440 29160
0.586 0.440 29249
0.651 0.446 29338
0.607 0.446 29427
0.575 0.446 29516
0.639 0.446 29605
0.597 0.446 29694
0.568 0.452 29783
0.627 0.452 29872
0.591 0.454 29961
0.576 0.452 30050
0.556 0.452 30139
0.616 0.457 30228
0.578 0.457 30317
0.555 0.457 30406
0.614 0.457 30495
0.574 0.457 30584
0.550 0.463 30673
0.605 0.463 30762
0.568 0.463 30851
0.557 0.469 30940
0.614 0.469 31029
0.579 0.469 31118
0.552 0.469 31207
0.607 0.469 31296
0.571 0.469 31385
0.546 0.469 31474
0.600 0.469 31563
0.566 0.469 31652
0.539 0.469 31741
0.606 0.481 31830
0.570 0.481 31919
0.544 0.481 32008
0.599 0.481 32097
0.562 0.481 32186
0.539 0.481 32275
0.519 0.489 32364
0.572 0.492 32453
0.543 0.487 32542
0.523 0.492 32631
0.584 0.492 32720
0.551 0.492 32809
0.527 0.492 32898
0.578 0.492 32987
0.547 0.492 33076
0.580 0.492 33165
0.631 0.504 33254
0.617 0.504 33343
0.694 0.507 33432
0.661 0.507 33521
0.592 0.504 33610
0.656 0.504 33699
0.653 0.504 33788
0.633 0.507 33877
0.709 0.516 33966
0.663 0.516 34055
0.633 0.516 34144
0.709 0.516 34233
0.656 0.516 34322
0.625 0.516 34411
0.711 0.516 34500
0.663 0.516 34589
0.633 0.516 34678
0.611 0.516 34767
0.673 0.516 34856
0.628 0.527 34945
0.603 0.516 35034
0.671 0.516 35123
0.624 0.527 35212
0.603 0.527 35301
0.689 0.527 35390
0.637 0.533 35479
0.612 0.533 35568
0.676 0.539 35657
0.631 0.533 35746
0.607 0.539 35835
0.665 0.539 35924
0.623 0.539 36013
0.598 0.539 36102
0.656 0.539 36191
0.630 0.539 36280
0.605 0.551 36369
0.664 0.551 36458
0.623 0.548 36547
0.600 0.551 36636
0.654 0.551 36725
0.614 0.551 36814
0.590 0.551 36903
0.565 0.551 36992
0.623 0.551 37081
0.604 0.557 37170
0.578 0.557 37259
0.637 0.562 37348
0.603 0.562 37437
0.575 0.562 37526
0.633 0.562 37615
0.597 0.562 37704
0.570 0.562 37793
0.626 0.562 37882
0.591 0.562 37971
0.578 0.562 38060
0.633 0.562 38149
0.599 0.562 38238
0.571 0.562 38327
0.624 0.574 38416
0.593 0.574 38505
0.566 0.574 38594
0.618 0.574 38683
0.586 0.580 38772
0.560 0.580 38861
0.624 0.586 38950
0.593 0.586 39039
0.524 0.586 39128
0.584 0.586 39217
0.560 0.586 39306
0.536 0.586 39395
0.523 0.586 39484
0.614 0.586 39573
0.614 0.586 39662
0.690 0.597 39751
0.593 0.597 39840
0.581 0.597 39929
0.645 0.597 40018
0.661 0.597 40107
0.647 0.600 40196
0.726 0.597 40285
0.683 0.600 40374
0.659 0.597 40463
0.736 0.609 40552
0.681 0.609 40641
0.662 0.609 40730
0.738 0.609 40819
0.689 0.609 40908
0.662 0.609 40997
0.736 0.609 41086
0.678 0.609 41175
0.650 0.609 41264
0.720 0.609 41353
0.669 0.609 41442
0.642 0.609 41531
0.633 0.621 41620
0.709 0.621 41709
0.662 0.609 41798
0.635 0.621 41887
0.702 0.627 41976
0.658 0.627 42065
0.628 0.627 42154
0.696 0.632 42243
0.654 0.632 42332
0.623 0.632 42421
0.703 0.632 42510
0.661 0.632 42599
0.631 0.632 42688
0.696 0.638 42777
0.654 0.638 42866
0.625 0.644 42955
0.684 0.644 43044
0.647 0.644 43133
0.620 0.644 43222
0.666 0.644 43311
0.646 0.644 43400
0.618 0.644 43489
0.675 0.644 43578
0.638 0.653 43667
0.611 0.650 43756
0.670 0.656 43845
0.632 0.656 43934
0.605 0.656 44023
0.586 0.656 44112
0.641 0.656 44201
0.627 0.656 44290
0.603 0.656 44379
0.658 0.656 44468
0.622 0.656 44557
0.599 0.656 44646
0.651 0.667 44735
0.616 0.667 44824
0.597 0.667 44913
0.647 0.667 45002
0.611 0.667 45091
0.603 0.667 45180
0.653 0.667 45269
0.619 0.673 45358
0.597 0.679 45447
0.644 0.679 45536
0.611 0.679 45625
0.587 0.679 45714
0.638 0.679 45803
0.614 0.679 45892
0.673 0.679 45981
0.644 0.691 46070
0.611 0.685 46159
0.591 0.691 46248
0.623 0.691 46337
0.677 0.691 46426
0.667 0.691 46515
0.743 0.694 46604
0.715 0.691 46693
0.683 0.691 46782
0.764 0.702 46871
0.711 0.702 46960
0.689 0.702 47049
0.763 0.702 47138
0.723 0.702 47227
0.690 0.702 47316
0.766 0.702 47405
0.716 0.702 47494
0.682 0.702 47583
0.750 0.702 47672
0.705 0.702 47761
0.687 0.702 47850
0.760 0.714 47939
0.711 0.714 48028
0.681 0.714 48117
0.747 0.714 48206
0.701 0.714 48295
0.670 0.714 48384
0.734 0.720 48473
0.694 0.726 48562
0.662 0.726 48651
0.656 0.726 48740
0.724 0.726 48829
0.678 0.726 48918
0.656 0.732 49007
0.720 0.726 49096
0.675 0.732 49185
0.654 0.726 49274
0.715 0.732 49363
0.671 0.737 49452
0.647 0.737 49541
0.724 0.737 49630
0.678 0.737 49719
0.653 0.737 49808
0.709 0.743 49897
0.670 0.737 49986
0.645 0.749 50075
0.703 0.749 50164
0.664 0.749 50253
0.638 0.749 50342
0.693 0.749 50431
0.668 0.749 50520
0.645 0.749 50609
0.703 0.749 50698
0.662 0.749 50787
0.637 0.749 50876
0.614 0.749 50965
0.670 0.749 51054
0.640 0.749 51143
0.616 0.761 51232
0.673 0.761 51321
0.654 0.761 51410
0.627 0.767 51499
0.682 0.761 51588
0.648 0.767 51677
0.624 0.772 51766
0.670 0.767 51855
0.637 0.772 51944
0.612 0.772 52033
0.664 0.772 52122
0.636 0.772 52211
0.620 0.772 52300
0.672 0.772 52389
0.640 0.772 52478
0.618 0.784 52567
0.664 0.784 52656
0.671 0.784 52745
0.737 0.784 52834
0.741 0.784 52923
0.716 0.784 53012
0.703 0.787 53101
0.699 0.784 53190
0.717 0.784 53279
0.709 0.787 53368
0.783 0.793 53457
0.741 0.796 53546
0.717 0.796 53635
0.791 0.796 53724
0.741 0.796 53813
0.716 0.796 53902
0.779 0.796 53991
0.745 0.796 54080
0.720 0.796 54169
0.789 0.796 54258
0.736 0.807 54347
0.710 0.807 54436
0.779 0.807 54525
0.729 0.813 54614
0.701 0.813 54703
0.766 0.819 54792
0.720 0.819 54881
0.710 0.819 54970
0.776 0.819 55059
0.729 0.819 55148
0.700 0.819 55237
0.760 0.825 55326
0.716 0.831 55415
0.692 0.825 55504
0.667 0.828 55593
0.732 0.831 55682
0.697 0.831 55771
0.682 0.831 55860
0.748 0.831 55949
0.709 0.831 56038
0.623 0.831 56127
0.697 0.831 56216
0.666 0.837 56305
0.642 0.842 56394
0.705 0.842 56483
0.677 0.831 56572
0.648 0.842 56661
0.723 0.842 56750
0.688 0.842 56839
0.660 0.842 56928
0.721 0.842 57017
0.685 0.842 57106
0.658 0.842 57195
0.713 0.842 57284
0.682 0.842 57373
0.651 0.842 57462
0.709 0.842 57551
0.690 0.854 57640
0.661 0.854 57729
0.643 0.866 57818
0.699 0.854 57907
0.666 0.866 57996
0.644 0.866 58085
0.700 0.866 58174
0.664 0.866 58263
0.641 0.866 58352
0.692 0.866 58441
0.670 0.866 58530
0.648 0.872 58619
0.701 0.866 58708
0.667 0.866 58797
0.643 0.877 58886
0.696 0.877 58975
0.671 0.877 59064
0.730 0.877 59153
0.754 0.877 59242
0.738 0.880 59331
0.645 0.883 59420
0.722 0.883 59509
0.715 0.883 59598
0.791 0.883 59687
0.774 0.886 59776
0.750 0.886 59865
0.825 0.889 59954
0.776 0.889 60043
0.748 0.889 60132
0.724 0.889 60221
0.800 0.892 60310
0.758 0.889 60399
0.730 0.889 60488
0.808 0.889 60577
0.760 0.889 60666
0.730 0.901 60755
0.802 0.901 60844
0.754 0.901 60933
0.724 0.912 61022
0.793 0.907 61111
0.764 0.889 61200
0.732 0.907 61289
0.805 0.912 61378
0.756 0.912 61467
0.726 0.912 61556
0.789 0.912 61645
0.747 0.918 61734
0.717 0.924 61823
0.781 0.924 61912
0.739 0.924 62001
0.728 0.924 62090
0.788 0.924 62179
0.747 0.924 62268
0.718 0.924 62357
0.698 0.924 62446
0.756 0.930 62535
0.716 0.930 62624
0.695 0.936 62713
0.750 0.936 62802
0.713 0.936 62891
0.705 0.936 62980
0.763 0.936 63069
0.724 0.936 63158
0.698 0.936 63247
0.755 0.936 63336
0.719 0.936 63425
0.697 0.936 63514
0.749 0.936 63603
0.709 0.936 63692
0.687 0.953 63781
0.755 0.947 63870
0.717 0.947 63959
0.693 0.947 64048
0.747 0.953 64137
0.709 0.947 64226
0.687 0.959 64315
0.738 0.953 64404
0.703 0.959 64493
0.681 0.959 64582
0.726 0.959 64671
0.705 0.959 64760
0.682 0.959 64849
0.656 0.959 64938
0.713 0.959 65027
0.687 0.965 65116
0.661 0.971 65205
0.713 0.971 65294
0.684 0.971 65383
0.701 0.971 65472
0.764 0.971 65561
0.696 0.977 65650
0.668 0.971 65739
0.714 0.971 65828
0.721 0.982 65917
0.785 0.982 66006
0.792 0.982 66095
0.768 0.982 66184
0.843 0.982 66273
0.805 0.982 66362
0.771 0.982 66451
0.832 0.982 66540
0.808 0.982 66629
0.772 0.997 66718
0.847 0.982 66807
0.802 0.982 66896
0.766 0.982 66985
0.747 0.994 67074
0.823 0.994 67163
0.772 0.994 67252
0.745 0.994 67341
0.838 1.000 67430
0.783 1.000 67519
0.756 1.006 67608
0.832 1.006 67697
0.779 1.006 67786
0.751 1.006 67875
0.817 1.006 67964
0.767 1.006 68053
0.741 1.006 68142
0.808 1.006 68231
0.778 1.012 68320
0.749 1.012 68409
0.815 1.017 68498
0.766 1.017 68587
0.745 1.017 68676
0.806 1.017 68765
0.751 1.017 68854
0.724 1.023 68943
0.787 1.017 69032
0.743 1.017 69121
0.732 1.023 69210
0.797 1.029 69299
0.754 1.029 69388
0.729 1.029 69477
0.706 1.029 69566
0.766 1.029 69655
0.732 1.029 69744
0.707 1.029 69833
0.766 1.029 69922
0.730 1.029 70011
0.715 1.029 70100
0.771 1.041 70189
0.738 1.041 70278
0.711 1.041 70367
0.768 1.041 70456
0.733 1.041 70545
0.703 1.047 70634
0.760 1.047 70723
0.729 1.052 70812
0.701 1.052 70901
0.766 1.052 70990
0.732 1.052 71079
0.702 1.052 71168
0.756 1.052 71257
0.724 1.052 71346
0.697 1.052 71435
0.751 1.052 71524
0.718 1.064 71613
0.691 1.064 71702
0.673 1.064 71791
0.741 1.064 71880
0.709 1.064 71969
0.692 1.064 72058
0.737 1.070 72147
0.714 1.070 72236
0.776 1.064 72325
0.798 1.073 72414
0.789 1.067 72503
0.862 1.067 72592
0.819 1.076 72681
0.771 1.076 72770
0.841 1.076 72859
0.823 1.073 72948
0.804 1.079 73037
0.816 1.076 73126
0.785 1.076 73215
0.764 1.076 73304
0.840 1.087 73393
0.794 1.087 73482
0.772 1.087 73571
0.857 1.087 73660
0.807 1.087 73749
0.781 1.087 73838
0.755 1.087 73927
0.834 1.093 74016
0.792 1.093 74105
0.760 1.099 74194
0.826 1.099 74283
0.788 1.099 74372
0.755 1.099 74461
0.843 1.099 74550
0.800 1.105 74639
0.766 1.108 74728
0.834 1.105 74817
0.794 1.111 74906
0.762 1.111 74995
0.825 1.111 75084
0.788 1.111 75173
0.751 1.111 75262
0.810 1.111 75351
0.789 1.111 75440
0.755 1.117 75529
0.822 1.122 75618
0.783 1.117 75707
0.750 1.122 75796
0.810 1.122 75885
0.772 1.122 75974
0.743 1.122 76063
0.800 1.122 76152
0.768 1.122 76241
0.750 1.122 76330
0.730 1.122 76419
0.789 1.122 76508
0.752 1.122 76597
0.730 1.134 76686
0.789 1.134 76775
0.749 1.134 76864
0.729 1.134 76953
0.779 1.134 77042
0.747 1.146 77131
0.736 1.140 77220
0.797 1.140 77309
0.746 1.146 77398
0.722 1.146 77487
0.776 1.146 77576
0.739 1.146 77665
0.717 1.146 77754
0.772 1.146 77843
0.735 1.157 77932
0.714 1.157 78021
0.779 1.157 78110
0.741 1.157 78199
0.719 1.157 78288
0.773 1.157 78377
0.735 1.157 78466
0.713 1.166 78555
0.733 1.157 78644
0.798 1.157 78733
0.786 1.163 78822
0.865 1.160 78911
0.755 1.169 79000
0.765 1.169 79089
0.832 1.169 79178
0.834 1.169 79267
0.815 1.166 79356
0.889 1.169 79445
0.846 1.169 79534
0.815 1.169 79623
0.887 1.169 79712
0.840 1.169 79801
0.821 1.184 79890
0.893 1.181 79979
0.847 1.181 80068
0.814 1.181 80157
0.889 1.181 80246
0.840 1.181 80335
0.806 1.181 80424
0.876 1.192 80513
0.827 1.192 80602
0.798 1.192 80691
0.883 1.192 80780
0.834 1.192 80869
0.802 1.192 80958
0.788 1.198 81047
0.851 1.198 81136
0.803 1.204 81225
0.783 1.204 81314
0.845 1.204 81403
0.802 1.204 81492
0.779 1.204 81581
0.853 1.204 81670
0.806 1.204 81759
0.781 1.204 81848
0.840 1.204 81937
0.798 1.210 82026
0.777 1.213 82115
0.832 1.216 82204
0.791 1.216 82293
0.769 1.216 82382
0.824 1.216 82471
0.800 1.216 82560
0.777 1.216 82649
0.832 1.216 82738
0.788 1.216 82827
0.766 1.216 82916
0.820 1.216 83005
0.783 1.216 83094
0.761 1.216 83183
0.734 1.227 83272
0.791 1.227 83361
0.776 1.227 83450
0.747 1.233 83539
0.805 1.227 83628
0.777 1.239 83717
0.745 1.239 83806
0.794 1.239 83895
0.766 1.239 83984
0.738 1.239 84073
0.790 1.239 84162
0.761 1.239 84251
0.747 1.251 84340
0.797 1.245 84429
0.768 1.245 84518
0.741 1.251 84607
0.793 1.251 84696
0.766 1.251 84785
0.738 1.251 84874
0.783 1.251 84963
0.787 1.251 85052
0.848 1.251 85141
0.792 1.257 85230
0.763 1.262 85319
0.754 1.262 85408
0.834 1.262 85497
0.822 1.262 85586
0.815 1.262 85675
0.900 1.262 85764
0.846 1.262 85853
0.822 1.262 85942
0.900 1.262 86031
0.851 1.262 86120
0.830 1.262 86209
0.912 1.262 86298
0.859 1.262 86387
0.830 1.274 86476
0.908 1.274 86565
0.851 1.274 86654
0.827 1.274 86743
0.899 1.274 86832
0.844 1.286 86921
0.834 1.286 87010
0.906 1.286 87099
0.851 1.286 87188
0.824 1.286 87277
0.895 1.286 87366
0.842 1.286 87455
0.815 1.286 87544
0.882 1.297 87633
0.834 1.297 87722
0.810 1.297 87811
0.800 1.297 87900
0.865 1.297 87989
0.823 1.297 88078
0.796 1.297 88167
0.856 1.297 88256
0.819 1.297 88345
0.791 1.297 88434
0.854 1.297 88523
0.815 1.306 88612
0.785 1.309 88701
0.863 1.309 88790
0.824 1.309 88879
0.794 1.309 88968
0.855 1.309 89057
0.817 1.309 89146
0.786 1.309 89235
0.844 1.309 89324
0.809 1.309 89413
0.779 1.309 89502
0.836 1.309 89591
0.816 1.321 89680
0.788 1.321 89769
0.845 1.321 89858
0.808 1.321 89947
0.783 1.327 90036
0.772 1.327 90125
0.749 1.332 90214
0.732 1.332 90303
0.719 1.332 90392
0.776 1.332 90481
0.760 1.332 90570
0.744 1.344 90659
0.798 1.332 90748
0.765 1.344 90837
0.747 1.344 90926
0.798 1.344 91015
0.766 1.344 91104
0.748 1.344 91193
0.797 1.344 91282
0.763 1.344 91371
0.755 1.350 91460
0.804 1.350 91549
0.772 1.356 91638
0.754 1.356 91727
0.822 1.356 91816
0.826 1.356 91905
0.895 1.356 91994
0.883 1.356 92083
0.865 1.356 92172
0.931 1.356 92261
0.862 1.356 92350
0.853 1.356 92439
0.834 1.359 92528
0.915 1.370 92617
0.879 1.356 92706
0.844 1.356 92795
0.920 1.367 92884
0.874 1.367 92973
0.840 1.367 93062
0.914 1.367 93151
0.889 1.367 93240
0.853 1.367 93329
0.925 1.373 93418
0.878 1.379 93507
0.842 1.379 93596
0.914 1.379 93685
0.867 1.379 93774
0.833 1.379 93863
0.897 1.379 93952
0.860 1.391 94041
0.840 1.379 94130
0.915 1.379 94219
0.874 1.391 94308
0.825 1.391 94397
0.890 1.391 94486
0.848 1.402 94575
0.815 1.397 94664
0.798 1.397 94753
0.864 1.391 94842
0.823 1.402 94931
0.812 1.397 95020
0.876 1.402 95109
0.832 1.402 95198
0.811 1.402 95287
0.875 1.402 95376
0.827 1.402 95465
0.805 1.402 95554
0.864 1.402 95643
0.822 1.402 95732
0.798 1.414 95821
0.872 1.402 95910
0.830 1.414 95999
0.803 1.414 96088
0.864 1.414 96177
0.824 1.420 96266
0.801 1.420 96355
0.861 1.414 96444
0.816 1.426 96533
0.791 1.426 96622
0.844 1.426 96711
0.817 1.426 96800
0.794 1.426 96889
0.851 1.426 96978
0.814 1.426 97067
0.791 1.437 97156
0.766 1.437 97245
0.822 1.426 97334
0.794 1.437 97423
0.769 1.437 97512
0.823 1.437 97601
0.805 1.443 97690
0.779 1.443 97779
0.827 1.426 97868
0.798 1.437 97957
0.775 1.449 98046
0.827 1.449 98135
0.827 1.449 98224
0.891 1.449 98313
0.903 1.449 98402
0.880 1.449 98491
0.798 1.449 98580
0.872 1.449 98669
0.862 1.449 98758
0.933 1.464 98847
0.908 1.464 98936
0.878 1.461 99025
0.956 1.449 99114
0.908 1.461 99203
0.874 1.461 99292
0.858 1.461 99381
0.941 1.461 99470
0.895 1.467 99559
0.876 1.472 99648
0.941 1.472 99737
0.890 1.472 99826
0.864 1.472 99915
0.929 1.472 100004
0.881 1.472 100093
0.859 1.472 100182
0.923 1.472 100271
0.891 1.478 100360
0.867 1.484 100449
0.930 1.484 100538
0.881 1.484 100627
0.862 1.484 100716
0.912 1.484 100805
0.866 1.490 100894
0.847 1.490 100983
0.902 1.496 101072
0.860 1.496 101161
0.855 1.496 101250
0.912 1.496 101339
0.862 1.496 101428
0.845 1.496 101517
0.903 1.496 101606
0.861 1.496 101695
0.839 1.496 101784
0.810 1.496 101873
0.868 1.496 101962
0.839 1.496 102051
0.822 1.507 102140
0.881 1.507 102229
0.853 1.507 102318
0.822 1.507 102407
0.876 1.507 102496
0.846 1.513 102585
0.816 1.519 102674
0.876 1.513 102763
0.845 1.519 102852
0.802 1.519 102941
0.870 1.519 103030
0.840 1.519 103119
0.809 1.519 103208
0.865 1.519 103297
0.835 1.531 103386
0.807 1.531 103475
0.857 1.531 103564
0.828 1.531 103653
0.800 1.531 103742
0.853 1.531 103831
0.839 1.531 103920
0.807 1.537 104009
0.788 1.542 104098
0.843 1.542 104187
0.807 1.542 104276
0.786 1.542 104365
0.842 1.542 104454
0.809 1.542 104543
0.867 1.542 104632
0.899 1.542 104721
0.812 1.542 104810
0.793 1.542 104899
0.866 1.542 104988
0.864 1.542 105077
0.935 1.542 105166
0.916 1.557 105255
0.895 1.542 105344
0.978 1.542 105433
0.923 1.554 105522
0.896 1.554 105611
0.969 1.554 105700
0.925 1.557 105789
0.898 1.566 105878
0.978 1.566 105967
0.919 1.566 106056
0.891 1.566 106145
0.966 1.566 106234
0.908 1.566 106323
0.882 1.572 106412
0.861 1.572 106501
0.934 1.572 106590
0.909 1.572 106679
0.876 1.572 106768
0.946 1.572 106857
0.903 1.577 106946
0.874 1.577 107035
0.883 1.577 107124
0.855 1.577 107213
0.805 1.589 107302
0.895 1.589 107391
0.874 1.577 107480
0.876 1.589 107569
0.917 1.589 107658
0.876 1.589 107747
0.848 1.589 107836
0.912 1.589 107925
0.872 1.589 108014
0.847 1.589 108103
0.906 1.589 108192
0.870 1.589 108281
0.854 1.589 108370
0.912 1.589 108459
0.876 1.601 108548
0.847 1.601 108637
0.833 1.601 108726
0.890 1.601 108815
0.848 1.607 108904
0.426 1.636 108993
0.884 1.612 109082
0.854 1.612 109171
0.850 1.612 109260
0.891 1.612 109349
0.851 1.612 109438
0.832 1.612 109527
0.882 1.612 109616
0.851 1.624 109705
0.830 1.612 109794
0.876 1.624 109883
0.842 1.624 109972
0.822 1.624 110061
0.884 1.624 110150
0.851 1.624 110239
0.832 1.624 110328
0.876 1.624 110417
0.841 1.636 110506
0.816 1.636 110595
0.862 1.630 110684
0.834 1.636 110773
0.816 1.636 110862
0.824 1.636 110951
0.862 1.636 111040
0.838 1.636 111129
0.810 1.636 111218
0.864 1.636 111307
0.866 1.636 111396
0.919 1.636 111485
0.929 1.636 111574
0.906 1.650 111663
0.983 1.650 111752
0.946 1.636 111841
0.896 1.647 111930
0.970 1.647 112019
0.948 1.650 112108
0.912 1.653 112197
0.990 1.647 112286
0.952 1.647 112375
0.912 1.653 112464
0.980 1.659 112553
0.937 1.659 112642
0.900 1.659 112731
0.989 1.659 112820
0.948 1.659 112909
0.907 1.665 112998
0.976 1.665 113087
0.935 1.671 113176
0.898 1.671 113265
0.881 1.671 113354
0.955 1.671 113443
0.900 1.671 113532
0.874 1.671 113621
0.963 1.671 113710
0.910 1.671 113799
0.889 1.677 113888
0.955 1.671 113977
0.908 1.677 114066
0.880 1.682 114155
0.946 1.682 114244
0.899 1.682 114333
0.874 1.682 114422
0.939 1.682 114511
0.881 1.682 114600
0.868 1.682 114689
0.925 1.682 114778
0.885 1.682 114867
0.865 1.694 114956
0.929 1.694 115045
0.888 1.694 115134
0.864 1.694 115223
0.923 1.694 115312
0.883 1.694 115401
0.874 1.706 115490
0.837 1.706 115579
0.907 1.706 115668
0.880 1.706 115757
0.854 1.706 115846
0.903 1.706 115935
0.875 1.717 116024
0.851 1.706 116113
0.903 1.706 116202
0.873 1.717 116291
0.858 1.717 116380
0.908 1.717 116469
0.876 1.717 116558
0.856 1.717 116647
0.907 1.717 116736
0.874 1.729 116825
0.844 1.729 116914
0.893 1.729 117003
0.864 1.729 117092
0.840 1.729 117181
0.903 1.729 117270
0.876 1.729 117359
0.847 1.729 117448
0.897 1.729 117537
0.867 1.729 117626
0.845 1.729 117715
0.932 1.729 117804
0.920 1.729 117893
0.917 1.729 117982
0.988 1.729 118071
0.891 1.741 118160
0.893 1.741 118249
0.960 1.741 118338
0.948 1.741 118427
0.933 1.741 118516
1.001 1.741 118605
0.958 1.752 118694
0.941 1.752 118783
1.001 1.752 118872
0.953 1.752 118961
0.944 1.752 119050
1.008 1.752 119139
0.961 1.752 119228
0.942 1.752 119317
1.001 1.749 119406
0.952 1.764 119495
0.929 1.764 119584
0.992 1.764 119673
0.944 1.764 119762
0.927 1.764 119851
0.989 1.764 119940
0.944 1.764 120029
0.920 1.764 120118
0.891 1.776 120207
0.957 1.770 120296
0.926 1.776 120385
0.891 1.776 120474
0.951 1.776 120563
0.920 1.776 120652
0.889 1.776 120741
0.967 1.776 120830
0.933 1.776 120919
0.898 1.776 121008
0.956 1.776 121097
0.924 1.776 121186
0.891 1.787 121275
0.948 1.776 121364
0.920 1.787 121453
0.890 1.787 121542
0.942 1.793 121631
0.927 1.793 121720
0.896 1.787 121809
0.955 1.793 121898
0.925 1.799 121987
0.887 1.799 122076
0.937 1.799 122165
0.907 1.799 122254
0.878 1.799 122343
0.929 1.808 122432
0.906 1.799 122521
0.887 1.811 122610
0.867 1.811 122699
0.924 1.811 122788
0.890 1.811 122877
0.866 1.811 122966
0.925 1.811 123055
0.889 1.811 123144
0.864 1.817 123233
0.915 1.811 123322
0.882 1.822 123411
0.871 1.822 123500
0.929 1.822 123589
0.893 1.822 123678
0.870 1.822 123767
0.921 1.822 123856
0.885 1.822 123945
0.867 1.822 124034
0.920 1.825 124123
0.873 1.822 124212
0.951 1.822 124301
0.876 1.822 124390
0.846 1.834 124479
0.898 1.834 124568
0.939 1.834 124657
0.932 1.834 124746
0.918 1.837 124835
0.997 1.837 124924
0.961 1.834 125013
0.937 1.834 125102
1.009 1.834 125191
0.971 1.846 125280
0.944 1.846 125369
1.016 1.846 125458
0.976 1.846 125547
0.944 1.846 125636
1.016 1.843 125725
0.973 1.857 125814
0.939 1.857 125903
1.007 1.860 125992
0.967 1.857 126081
0.954 1.857 126170
1.016 1.857 126259
0.971 1.857 126348
0.939 1.857 126437
1.000 1.857 126526
0.961 1.857 126615
0.929 1.857 126704
0.992 1.863 126793
0.954 1.869 126882
0.927 1.869 126971
1.000 1.869 127060
0.966 1.869 127149
0.934 1.869 127238
0.920 1.869 127327
0.973 1.869 127416
0.933 1.869 127505
0.914 1.869 127594
0.969 1.869 127683
0.929 1.869 127772
0.912 1.881 127861
0.979 1.881 127950
0.941 1.881 128039
0.920 1.887 128128
0.972 1.887 128217
0.937 1.887 128306
0.924 1.892 128395
0.957 1.892 128484
0.921 1.892 128573
0.902 1.892 128662
0.948 1.892 128751
0.927 1.892 128840
0.910 1.892 128929
0.958 1.892 129018
0.924 1.904 129107
0.905 1.904 129196
0.951 1.904 129285
0.918 1.904 129374
0.901 1.904 129463
0.874 1.904 129552
0.923 1.904 129641
0.910 1.904 129730
0.882 1.916 129819
0.935 1.904 129908
0.914 1.916 129997
0.883 1.916 130086
0.934 1.916 130175
0.908 1.916 130264
0.878 1.916 130353
0.932 1.916 130442
0.929 1.916 130531
0.887 1.927 130620
0.933 1.916 130709
0.909 1.916 130798
0.882 1.927 130887
0.970 1.916 130976
0.966 1.927 131065
1.032 1.939 131154
1.014 1.927 131243
0.981 1.927 131332
1.043 1.927 131421
1.008 1.927 131510
0.982 1.939 131599
0.969 1.939 131688
1.043 1.927 131777
0.994 1.939 131866
0.974 1.939 131955
1.042 1.939 132044
0.994 1.954 132133
0.970 1.945 132222
1.037 1.942 132311
1.003 1.954 132400
0.982 1.951 132489
1.043 1.954 132578
0.995 1.954 132667
0.970 1.951 132756
1.030 1.951 132845
0.980 1.951 132934
0.960 1.962 133023
1.024 1.951 133112
0.974 1.962 133201
0.967 1.962 133290
1.027 1.962 133379
0.978 1.962 133468
0.957 1.962 133557
1.023 1.962 133646
0.972 1.962 133735
0.948 1.962 133824
1.005 1.962 133913
0.963 1.962 134002
0.942 1.974 134091
0.932 1.974 134180
0.993 1.974 134269
0.957 1.974 134358
0.929 1.962 134447
0.989 1.962 134536
0.958 1.986 134625
0.932 1.986 134714
0.986 1.986 134803
0.952 1.986 134892
0.924 1.986 134981
0.991 1.989 135070
0.958 1.986 135159
0.933 1.997 135248
0.986 1.986 135337
0.952 1.997 135426
0.925 1.994 135515
0.975 1.997 135604
0.948 1.997 135693
0.923 1.997 135782
0.973 1.997 135871
0.953 1.997 135960
0.926 2.009 136049
0.975 1.997 136138
0.946 2.000 136227
0.921 2.009 136316
0.910 2.006 136405
0.953 2.009 136494
0.925 2.012 136583
0.907 2.009 136672
0.955 2.009 136761
0.937 2.009 136850
0.921 2.009 136939
0.955 2.009 137028
0.924 2.024 137117
0.907 2.021 137206
0.964 2.015 137295
0.971 2.021 137384
1.034 2.021 137473
1.019 2.009 137562
1.007 2.021 137651
0.971 2.032 137740
1.008 2.032 137829
1.003 2.024 137918
1.045 2.021 138007
1.028 2.032 138096
1.010 2.032 138185
1.043 2.032 138274
1.026 2.029 138363
1.011 2.032 138452
1.043 2.029 138541
1.033 2.029 138630
1.014 2.038 138719
0.982 2.044 138808
1.043 2.047 138897
1.022 2.047 138986
0.983 2.047 139075
1.043 2.044 139164
1.008 2.044 139253
0.974 2.056 139342
1.037 2.044 139431
1.023 2.047 139520
0.986 2.056 139609
1.043 2.047 139698
1.011 2.053 139787
0.978 2.056 139876
1.039 2.053 139965
1.009 2.056 140054
0.974 2.056 140143
1.025 2.070 140232
0.997 2.056 140321
0.980 2.056 140410
1.037 2.056 140499
1.009 2.070 140588
0.974 2.070 140677
1.027 2.067 140766
0.998 2.067 140855
0.969 2.070 140944
0.952 2.076 141033
1.014 2.070 141122
0.981 2.079 141211
0.969 2.079 141300
1.022 2.082 141389
0.980 2.082 141478
0.958 2.079 141567
1.014 2.079 141656
0.975 2.094 141745
0.951 2.091 141834
1.005 2.094 141923
0.970 2.091 142012
0.946 2.091 142101
1.014 2.091 142190
0.975 2.094 142279
0.952 2.091 142368
1.003 2.094 142457
0.966 2.102 142546
0.946 2.099 142635
1.001 2.102 142724
0.963 2.102 142813
0.941 2.099 142902
0.991 2.099 142991
0.966 2.102 143080
0.946 2.102 143169
1.003 2.102 143258
0.961 2.117 143347
0.942 2.117 143436
0.916 2.117 143525
0.963 2.102 143614
0.963 2.102 143703
1.026 2.117 143792
1.037 2.117 143881
0.953 2.114 143970
0.929 2.120 144059
1.016 2.114 144148
1.011 2.117 144237
1.044 2.114 144326
1.043 2.117 144415
1.028 2.114 144504
1.043 2.126 144593
1.043 2.123 144682
1.028 2.126 144771
1.044 2.126 144860
1.043 2.126 144949
1.033 2.123 145038
1.042 2.126 145127
1.043 2.137 145216
1.033 2.140 145305
1.043 2.137 145394
1.042 2.137 145483
1.009 2.137 145572
0.997 2.137 145661
1.043 2.140 145750
1.030 2.149 145839
1.014 2.143 145928
1.043 2.140 146017
1.025 2.146 146106
1.006 2.149 146195
1.043 2.146 146284
1.022 2.149 146373
1.005 2.152 146462
1.042 2.149 146551
1.025 2.149 146640
1.007 2.149 146729
1.043 2.149 146818
1.020 2.149 146907
1.005 2.164 146996
1.043 2.164 147085
1.014 2.161 147174
0.997 2.164 147263
1.042 2.161 147352
1.014 2.172 147441
1.009 2.172 147530
1.043 2.172 147619
1.012 2.172 147708
0.994 2.172 147797
1.039 2.175 147886
1.006 2.172 147975
0.991 2.187 148064
0.963 2.184 148153
1.016 2.187 148242
0.991 2.184 148331
0.972 2.184 148420
1.029 2.184 148509
1.005 2.184 148598
0.974 2.184 148687
1.023 2.184 148776
0.999 2.187 148865
0.968 2.196 148954
1.018 2.187 149043
0.997 2.196 149132
0.969 2.193 149221
1.024 2.196 149310
1.001 2.196 149399
0.971 2.196 149488
1.026 2.210 149577
1.001 2.196 149666
0.967 2.196 149755
1.009 2.196 149844
0.986 2.196 149933
0.952 2.210 150022
1.035 2.207 150111
0.988 2.210 150200
0.961 2.219 150289
0.942 2.219 150378
1.008 2.210 150467
1.010 2.219 150556
1.043 2.210 150645
1.043 2.216 150734
1.043 2.219 150823
1.043 2.219 150912
1.042 2.219 151001
1.043 2.216 151090
1.044 2.231 151179
1.043 2.231 151268
1.043 2.234 151357
1.043 2.231 151446
1.043 2.234 151535
1.043 2.231 151624
1.043 2.234 151713
1.043 2.234 151802
1.043 2.231 151891
1.043 2.237 151980
1.043 2.242 152069
1.043 2.234 152158
1.043 2.242 152247
1.043 2.242 152336
1.039 2.239 152425
1.016 2.242 152514
1.043 2.242 152603
1.042 2.242 152692
1.020 2.242 152781
1.043 2.257 152870
1.042 2.242 152959
1.028 2.257 153048
1.043 2.254 153137
1.043 2.242 153226
1.023 2.254 153315
1.043 2.257 153404
1.043 2.266 153493
1.018 2.257 153582
1.042 2.266 153671
1.043 2.257 153760
1.031 2.257 153849
1.043 2.269 153938
1.042 2.266 154027
1.016 2.269 154116
1.043 2.269 154205
1.035 2.277 154294
1.009 2.277 154383
1.043 2.277 154472
1.029 2.277 154561
1.017 2.280 154650
1.043 2.277 154739
1.039 2.280 154828
1.014 2.280 154917
1.001 2.289 155006
1.043 2.280 155095
1.011 2.289 155184
0.997 2.289 155273
1.041 2.280 155362
1.011 2.289 155451
1.007 2.289 155540
1.043 2.289 155629
1.019 2.289 155718
1.008 2.304 155807
1.043 2.304 155896
1.016 2.289 155985
1.003 2.301 156074
1.039 2.304 156163
1.009 2.301 156252
0.991 2.301 156341
1.042 2.301 156430
1.014 2.304 156519
1.001 2.304 156608
1.039 2.312 156697
1.008 2.312 156786
1.042 2.312 156875
1.043 2.312 156964
1.043 2.309 157053
1.043 2.312 157142
1.043 2.312 157231
1.043 2.318 157320
1.043 2.327 157409
1.043 2.327 157498
1.043 2.324 157587
1.043 2.327 157676
1.042 2.324 157765
1.043 2.324 157854
1.043 2.324 157943
1.043 2.324 158032
1.043 2.324 158121
1.041 2.336 158210
1.043 2.324 158299
1.043 2.327 158388
1.043 2.327 158477
1.043 2.336 158566
1.043 2.336 158655
1.043 2.336 158744
1.043 2.336 158833
1.043 2.336 158922
1.043 2.336 159011
1.043 2.336 159100
1.043 2.336 159189
1.043 2.350 159278
1.043 2.347 159367
1.043 2.350 159456
1.043 2.350 159545
1.037 2.347 159634
1.043 2.347 159723
1.043 2.350 159812
1.039 2.350 159901
1.043 2.359 159990
1.043 2.359 160079
1.043 2.362 160168
1.043 2.362 160257
1.043 2.362 160346
1.043 2.362 160435
1.043 2.359 160524
1.043 2.359 160613
1.039 2.371 160702
1.043 2.374 160791
1.043 2.371 160880
1.043 2.374 160969
1.043 2.374 161058
1.043 2.371 161147
1.043 2.374 161236
1.043 2.371 161325
1.043 2.374 161414
1.036 2.382 161503
1.043 2.382 161592
1.043 2.374 161681
1.042 2.382 161770
1.022 2.382 161859
1.042 2.382 161948
1.043 2.382 162037
1.024 2.397 162126
1.043 2.382 162215
1.042 2.382 162304
1.028 2.397 162393
1.043 2.382 162482
1.039 2.382 162571
1.023 2.394 162660
1.043 2.394 162749
1.043 2.394 162838
1.022 2.397 162927
1.043 2.397 163016
1.039 2.397 163105
1.018 2.403 163194
1.043 2.406 163283
1.043 2.397 163372
1.043 2.406 163461
1.043 2.406 163550
1.043 2.406 163639
1.043 2.412 163728
1.043 2.417 163817
1.043 2.417 163906
1.043 2.417 163995
1.043 2.417 164084
1.043 2.420 164173
1.043 2.420 164262
1.042 2.417 164351
1.043 2.417 164440
1.043 2.417 164529
1.043 2.420 164618
1.043 2.420 164707
1.043 2.429 164796
1.043 2.420 164885
1.043 2.429 164974
1.043 2.429 165063
1.043 2.426 165152
1.043 2.444 165241
1.043 2.429 165330
1.042 2.429 165419
1.043 2.444 165508
1.042 2.429 165597
1.042 2.429 165686
1.043 2.444 165775
1.043 2.429 165864
1.043 2.441 165953
1.043 2.441 166042
1.043 2.444 166131
1.042 2.441 166220
1.043 2.452 166309
1.043 2.452 166398
  
