  
0.893 0.583 57
0.897 0.358 107
0.899 0.314 157
0.900 0.247 207
0.898 0.206 257
0.900 0.148 307
0.900 0.125 357
0.900 0.078 407
0.898 0.046 457
0.898 0.020 507
0.899 0.008 557
0.899 -0.015 607
0.900 -0.027 657
0.900 -0.039 707
0.898 -0.053 757
0.900 -0.062 807
0.900 -0.062 857
0.900 -0.080 907
0.900 -0.085 957
0.898 -0.100 1007
0.897 -0.106 1057
0.900 -0.103 1107
0.898 -0.109 1157
0.900 -0.109 1207
0.897 -0.117 1257
0.900 -0.109 1307
0.897 -0.120 1357
0.900 -0.109 1407
0.900 -0.109 1457
0.900 -0.126 1507
0.900 -0.120 1557
0.900 -0.120 1607
0.897 -0.120 1657
0.900 -0.120 1707
0.900 -0.120 1757
0.897 -0.132 1807
0.897 -0.120 1857
0.900 -0.120 1907
0.898 -0.120 1957
0.900 -0.109 2007
0.899 -0.109 2057
0.897 -0.117 2107
0.898 -0.120 2157
0.900 -0.126 2207
0.897 -0.120 2257
0.900 -0.109 2307
0.897 -0.120 2357
0.898 -0.109 2407
0.902 -0.085 2457
0.902 -0.080 2507
0.898 -0.085 2557
0.900 -0.097 2607
0.898 -0.100 2657
0.897 -0.100 2707
0.898 -0.100 2757
0.900 -0.085 2807
0.900 -0.085 2857
0.900 -0.085 2907
0.900 -0.085 2957
0.900 -0.080 3007
0.900 -0.080 3057
0.898 -0.080 3107
0.897 -0.074 3157
0.898 -0.074 3207
0.900 -0.062 3257
0.900 -0.062 3307
0.900 -0.062 3357
0.898 -0.062 3407
0.898 -0.062 3457
0.897 -0.059 3507
0.900 -0.050 3557
0.900 -0.050 3607
0.897 -0.053 3657
0.900 -0.039 3707
0.898 -0.053 3757
0.900 -0.039 3807
0.897 -0.039 3857
0.897 -0.039 3907
0.900 -0.033 3957
0.897 -0.027 4007
0.897 -0.027 4057
0.897 -0.027 4107
0.898 -0.027 4157
0.897 -0.024 4207
0.897 -0.024 4257
0.900 -0.015 4307
0.900 -0.010 4357
0.897 -0.015 4407
0.897 -0.012 4457
0.900 -0.004 4507
0.900 -0.004 4557
0.900 0.008 4607
0.900 0.008 4657
0.897 -0.004 4707
0.900 0.008 4757
0.897 0.008 4807
0.900 0.008 4857
0.897 0.008 4907
0.898 0.008 4957
0.902 0.031 5007
0.900 0.031 5057
0.900 0.031 5107
0.897 0.020 5157
0.897 0.020 5207
0.897 0.023 5257
0.898 0.031 5307
0.898 0.037 5357
0.898 0.034 5407
0.900 0.055 5457
0.902 0.055 5507
0.902 0.055 5557
0.898 0.055 5607
0.898 0.043 5657
0.897 0.034 5707
0.900 0.055 5757
0.900 0.060 5807
0.898 0.066 5857
0.897 0.066 5907
0.897 0.066 5957
0.900 0.078 6007
0.898 0.069 6057
0.900 0.078 6107
0.900 0.084 6157
0.900 0.084 6207
0.900 0.084 6257
0.898 0.084 6307
0.898 0.087 6357
0.900 0.101 6407
0.900 0.101 6457
0.900 0.101 6507
0.900 0.101 6557
0.898 0.101 6607
0.900 0.107 6657
0.898 0.113 6707
0.898 0.113 6757
0.898 0.113 6807
0.898 0.113 6857
0.900 0.125 6907
0.898 0.116 6957
0.898 0.125 7007
0.900 0.125 7057
0.897 0.125 7107
0.898 0.128 7157
0.900 0.136 7207
0.900 0.136 7257
0.898 0.133 7307
0.900 0.148 7357
0.900 0.148 7407
0.898 0.148 7457
0.900 0.148 7507
0.900 0.154 7557
0.900 0.154 7607
0.897 0.160 7657
0.900 0.154 7707
0.897 0.160 7757
0.897 0.160 7807
0.897 0.163 7857
0.900 0.171 7907
0.897 0.171 7957
0.900 0.171 8007
0.900 0.180 8057
0.900 0.195 8107
0.902 0.195 8157
0.899 0.195 8207
0.902 0.195 8257
0.902 0.200 8307
0.902 0.200 8357
0.898 0.206 8407
0.900 0.218 8457
0.900 0.206 8507
0.897 0.206 8557
0.898 0.200 8607
0.898 0.200 8657
0.900 0.218 8707
0.902 0.230 8757
0.897 0.221 8807
0.897 0.218 8857
0.900 0.218 8907
0.900 0.218 8957
0.900 0.230 9007
0.900 0.241 9057
0.900 0.241 9107
0.900 0.241 9157
0.900 0.241 9207
0.900 0.241 9257
0.900 0.241 9307
0.897 0.244 9357
0.900 0.253 9407
0.897 0.253 9457
0.900 0.265 9507
0.897 0.253 9557
0.900 0.265 9607
0.900 0.265 9657
0.900 0.265 9707
0.897 0.265 9757
0.900 0.265 9807
0.900 0.265 9857
0.900 0.270 9907
0.898 0.270 9957
0.900 0.288 10007
0.900 0.288 10057
0.900 0.288 10107
0.900 0.288 10157
0.900 0.288 10207
0.897 0.288 10257
0.900 0.294 10307
0.902 0.300 10357
0.902 0.311 10407
0.900 0.300 10457
0.902 0.311 10507
0.900 0.317 10557
0.900 0.323 10607
0.900 0.311 10657
0.900 0.323 10707
0.900 0.323 10757
0.898 0.320 10807
0.900 0.323 10857
0.900 0.335 10907
0.900 0.335 10957
0.900 0.335 11007
0.900 0.335 11057
0.898 0.335 11107
0.900 0.340 11157
0.900 0.340 11207
0.897 0.346 11257
0.900 0.358 11307
0.897 0.346 11357
0.900 0.358 11407
0.898 0.358 11457
0.900 0.358 11507
0.900 0.364 11557
0.898 0.361 11607
0.898 0.367 11657
0.897 0.370 11707
0.900 0.381 11757
0.898 0.373 11807
0.898 0.373 11857
0.900 0.381 11907
0.898 0.384 11957
0.900 0.387 12007
0.900 0.393 12057
0.900 0.393 12107
0.898 0.393 12157
0.898 0.396 12207
0.897 0.396 12257
0.900 0.405 12307
0.900 0.405 12357
0.897 0.405 12407
0.900 0.405 12457
0.900 0.416 12507
0.900 0.416 12557
0.897 0.413 12607
0.898 0.413 12657
0.897 0.419 12707
0.900 0.428 12757
0.900 0.428 12807
0.900 0.434 12857
0.900 0.428 12907
0.900 0.440 12957
0.900 0.434 13007
0.900 0.451 13057
0.900 0.451 13107
0.900 0.451 13157
0.898 0.451 13207
0.900 0.451 13257
0.900 0.451 13307
0.900 0.457 13357
0.897 0.451 13407
0.900 0.463 13457
0.900 0.475 13507
0.898 0.460 13557
0.898 0.460 13607
0.900 0.475 13657
0.897 0.460 13707
0.900 0.480 13757
0.900 0.475 13807
0.900 0.486 13857
0.900 0.486 13907
0.900 0.486 13957
0.900 0.498 14007
0.900 0.498 14057
0.900 0.498 14107
0.900 0.504 14157
0.898 0.498 14207
0.898 0.504 14257
0.897 0.501 14307
0.900 0.510 14357
0.900 0.521 14407
0.898 0.513 14457
0.897 0.521 14507
0.897 0.518 14557
0.900 0.527 14607
0.900 0.521 14657
0.900 0.533 14707
0.897 0.524 14757
0.900 0.533 14807
0.898 0.533 14857
0.897 0.536 14907
0.900 0.545 14957
0.900 0.545 15007
0.897 0.545 15057
0.900 0.550 15107
0.897 0.548 15157
0.900 0.550 15207
0.900 0.553 15257
0.900 0.568 15307
0.900 0.553 15357
0.900 0.568 15407
0.900 0.568 15457
0.897 0.568 15507
0.897 0.580 15557
0.897 0.580 15607
0.897 0.580 15657
0.897 0.580 15707
0.900 0.591 15757
0.900 0.591 15807
0.900 0.591 15857
0.900 0.591 15907
0.900 0.591 15957
0.900 0.603 16007
0.898 0.597 16057
0.900 0.615 16107
0.900 0.615 16157
0.898 0.606 16207
0.898 0.609 16257
0.898 0.615 16307
0.898 0.615 16357
0.900 0.620 16407
0.900 0.620 16457
0.897 0.626 16507
0.900 0.626 16557
0.900 0.638 16607
0.902 0.638 16657
0.898 0.638 16707
0.898 0.638 16757
0.900 0.644 16807
0.900 0.644 16857
0.898 0.641 16907
0.897 0.641 16957
0.897 0.647 17007
0.900 0.661 17057
0.898 0.661 17107
0.900 0.661 17157
0.897 0.661 17207
0.900 0.667 17257
0.900 0.667 17307
0.900 0.661 17357
0.897 0.673 17407
0.900 0.667 17457
0.900 0.685 17507
0.900 0.685 17557
0.898 0.685 17607
0.900 0.690 17657
0.900 0.690 17707
0.898 0.688 17757
0.900 0.696 17807
0.900 0.708 17857
0.900 0.708 17907
0.898 0.699 17957
0.898 0.708 18007
0.898 0.708 18057
0.898 0.708 18107
0.898 0.720 18157
0.900 0.731 18207
0.898 0.720 18257
0.900 0.731 18307
0.900 0.731 18357
0.898 0.723 18407
0.900 0.731 18457
0.900 0.731 18507
0.900 0.737 18557
0.900 0.743 18607
0.900 0.743 18657
0.900 0.743 18707
0.900 0.755 18757
0.899 0.749 18807
0.898 0.749 18857
0.900 0.755 18907
0.897 0.749 18957
0.899 0.766 19007
0.900 0.760 19057
0.900 0.778 19107
0.897 0.766 19157
0.898 0.769 19207
0.902 0.778 19257
0.904 0.790 19307
0.900 0.778 19357
0.900 0.784 19407
0.900 0.784 19457
0.900 0.790 19507
0.898 0.781 19557
