  
-0.002 1.017 58
0.884 0.551 146
0.884 0.457 235
0.884 0.370 324
0.884 0.282 413
0.884 0.212 502
0.884 0.131 591
0.884 0.049 680
0.884 -0.027 769
0.890 -0.091 858
0.924 -0.033 947
0.961 0.049 1036
0.988 0.142 1125
-0.930 0.119 1214
-0.846 0.107 1303
-0.665 0.093 1392
-0.539 0.087 1481
-0.444 0.087 1570
-0.351 0.078 1659
-0.290 0.061 1748
-0.238 0.061 1837
-0.182 0.064 1926
-0.155 0.049 2015
-0.127 0.052 2104
-0.096 0.049 2193
-0.083 0.049 2282
-0.067 0.052 2371
-0.057 0.049 2460
-0.038 0.049 2549
-0.034 0.049 2638
-0.028 0.049 2727
-0.013 0.049 2816
-0.011 0.064 2905
-0.009 0.064 2994
0.003 0.064 3083
-0.000 0.049 3172
0.002 0.064 3261
0.013 0.061 3350
0.013 0.064 3439
0.009 0.067 3528
0.019 0.067 3617
0.015 0.061 3706
0.014 0.067 3795
0.023 0.072 3884
0.021 0.069 3973
0.019 0.069 4062
0.025 0.072 4151
0.023 0.072 4240
0.023 0.075 4329
0.029 0.078 4418
0.025 0.081 4507
0.025 0.087 4596
0.023 0.087 4685
0.029 0.078 4774
0.028 0.087 4863
0.025 0.087 4952
0.027 0.087 5041
0.026 0.087 5130
0.024 0.084 5219
0.032 0.084 5308
0.027 0.084 5397
0.025 0.090 5486
0.033 0.096 5575
0.029 0.096 5664
0.029 0.093 5753
0.036 0.093 5842
0.032 0.099 5931
0.029 0.096 6020
0.035 0.096 6109
0.032 0.096 6198
0.031 0.110 6287
0.034 0.096 6376
0.034 0.110 6465
0.029 0.107 6554
0.035 0.107 6643
0.032 0.107 6732
0.055 0.107 6821
0.036 0.113 6910
0.033 0.113 6999
0.031 0.113 7088
0.036 0.119 7177
0.051 0.122 7266
0.047 0.122 7355
0.055 0.119 7444
0.047 0.119 7533
0.044 0.119 7622
0.053 0.119 7711
0.051 0.119 7800
0.045 0.131 7889
0.055 0.131 7978
0.049 0.125 8067
0.044 0.131 8156
0.054 0.131 8245
0.046 0.131 8334
0.045 0.134 8423
0.053 0.134 8512
0.045 0.137 8601
0.045 0.137 8690
0.055 0.139 8779
0.046 0.142 8868
0.043 0.142 8957
0.052 0.142 9046
0.046 0.142 9135
0.042 0.142 9224
0.039 0.142 9313
0.047 0.142 9402
0.044 0.157 9491
0.042 0.142 9580
0.051 0.157 9669
0.044 0.154 9758
0.043 0.157 9847
0.051 0.157 9936
0.046 0.157 10025
0.041 0.154 10114
0.048 0.160 10203
0.043 0.160 10292
0.041 0.160 10381
0.051 0.163 10470
0.044 0.166 10559
0.041 0.166 10648
0.049 0.166 10737
0.044 0.166 10826
0.041 0.172 10915
0.047 0.177 11004
0.043 0.177 11093
0.040 0.172 11182
0.046 0.177 11271
0.045 0.180 11360
0.042 0.180 11449
0.038 0.177 11538
0.047 0.180 11627
0.041 0.177 11716
0.038 0.183 11805
0.046 0.186 11894
0.041 0.189 11983
0.038 0.189 12072
0.044 0.189 12161
0.044 0.186 12250
0.040 0.192 12339
0.046 0.192 12428
0.043 0.204 12517
0.038 0.189 12606
0.044 0.189 12695
0.042 0.204 12784
0.038 0.201 12873
0.043 0.201 12962
0.040 0.201 13051
0.040 0.204 13140
0.044 0.201 13229
0.041 0.207 13318
0.038 0.207 13407
0.043 0.207 13496
0.050 0.212 13585
0.065 0.212 13674
0.057 0.212 13763
0.055 0.215 13852
0.049 0.212 13941
0.063 0.212 14030
0.055 0.212 14119
0.052 0.212 14208
0.064 0.227 14297
0.054 0.224 14386
0.052 0.224 14475
0.060 0.224 14564
0.055 0.227 14653
0.051 0.227 14742
0.057 0.224 14831
0.054 0.230 14920
0.053 0.233 15009
0.060 0.227 15098
0.052 0.230 15187
0.051 0.233 15276
0.057 0.236 15365
0.053 0.239 15454
0.049 0.239 15543
0.055 0.236 15632
0.051 0.236 15721
0.051 0.250 15810
0.055 0.236 15899
0.051 0.236 15988
0.047 0.247 16077
0.045 0.247 16166
0.053 0.247 16255
0.049 0.247 16344
0.045 0.247 16433
0.053 0.250 16522
0.047 0.253 16611
0.046 0.259 16700
0.053 0.259 16789
0.051 0.256 16878
0.046 0.259 16967
0.053 0.271 17056
0.047 0.259 17145
0.044 0.259 17234
0.052 0.265 17323
0.046 0.259 17412
0.044 0.259 17501
0.052 0.265 17590
0.047 0.271 17679
0.046 0.274 17768
0.050 0.271 17857
0.046 0.271 17946
0.043 0.277 18035
0.051 0.274 18124
0.045 0.282 18213
0.043 0.282 18302
0.051 0.279 18391
0.049 0.279 18480
0.043 0.282 18569
0.042 0.279 18658
0.046 0.282 18747
0.044 0.282 18836
0.043 0.285 18925
0.049 0.297 19014
0.045 0.297 19103
0.041 0.294 19192
0.049 0.297 19281
0.044 0.294 19370
0.044 0.297 19459
0.049 0.294 19548
0.044 0.294 19637
0.042 0.300 19726
0.047 0.300 19815
0.045 0.297 19904
0.066 0.306 19993
0.060 0.306 20082
0.057 0.309 20171
0.041 0.306 20260
0.051 0.300 20349
0.057 0.306 20438
0.068 0.306 20527
0.060 0.312 20616
0.055 0.317 20705
0.052 0.317 20794
0.061 0.317 20883
0.055 0.317 20972
0.052 0.317 21061
0.066 0.320 21150
0.059 0.320 21239
0.055 0.320 21328
0.062 0.323 21417
0.055 0.329 21506
0.052 0.329 21595
0.060 0.329 21684
0.054 0.329 21773
0.052 0.329 21862
0.058 0.329 21951
0.052 0.329 22040
0.051 0.344 22129
0.058 0.329 22218
0.053 0.329 22307
0.050 0.329 22396
0.059 0.344 22485
0.053 0.344 22574
0.049 0.341 22663
0.057 0.344 22752
0.053 0.344 22841
0.050 0.341 22930
0.057 0.347 23019
0.053 0.349 23108
0.049 0.352 23197
0.046 0.352 23286
0.054 0.352 23375
0.049 0.352 23464
0.049 0.355 23553
0.053 0.358 23642
0.049 0.358 23731
0.047 0.364 23820
0.056 0.367 23909
0.051 0.364 23998
0.047 0.364 24087
0.053 0.364 24176
0.049 0.364 24265
0.049 0.367 24354
0.054 0.367 24443
0.048 0.370 24532
0.045 0.376 24621
0.055 0.373 24710
0.051 0.373 24799
0.046 0.376 24888
0.052 0.376 24977
0.050 0.379 25066
0.045 0.376 25155
0.052 0.376 25244
0.049 0.390 25333
0.046 0.390 25422
0.042 0.376 25511
0.051 0.390 25600
0.046 0.387 25689
0.044 0.387 25778
0.050 0.387 25867
0.046 0.387 25956
0.045 0.396 26045
0.049 0.393 26134
0.047 0.390 26223
0.044 0.402 26312
0.061 0.399 26401
0.047 0.402 26490
0.043 0.399 26579
0.050 0.402 26668
0.055 0.399 26757
0.072 0.405 26846
0.063 0.414 26935
0.059 0.414 27024
0.069 0.414 27113
0.059 0.411 27202
0.056 0.411 27291
0.070 0.411 27380
0.063 0.414 27469
0.057 0.411 27558
0.066 0.417 27647
0.059 0.422 27736
0.055 0.422 27825
0.053 0.422 27914
0.061 0.422 28003
0.055 0.422 28092
0.053 0.422 28181
0.063 0.422 28270
0.057 0.422 28359
0.053 0.422 28448
0.061 0.422 28537
0.055 0.422 28626
0.053 0.434 28715
0.060 0.422 28804
0.055 0.434 28893
0.052 0.440 28982
0.059 0.440 29071
0.057 0.443 29160
0.053 0.437 29249
0.059 0.446 29338
0.057 0.449 29427
0.053 0.449 29516
0.058 0.446 29605
0.055 0.449 29694
0.050 0.446 29783
0.057 0.452 29872
0.055 0.460 29961
0.052 0.452 30050
0.049 0.457 30139
0.057 0.460 30228
0.053 0.460 30317
0.049 0.457 30406
0.056 0.457 30495
0.052 0.457 30584
0.049 0.457 30673
0.055 0.460 30762
0.050 0.469 30851
0.051 0.466 30940
0.057 0.466 31029
0.051 0.457 31118
0.049 0.466 31207
0.056 0.472 31296
0.050 0.469 31385
0.051 0.484 31474
0.053 0.469 31563
0.051 0.484 31652
0.047 0.469 31741
0.055 0.484 31830
0.050 0.481 31919
0.047 0.481 32008
0.053 0.481 32097
0.049 0.487 32186
0.046 0.481 32275
0.044 0.487 32364
0.051 0.492 32453
0.049 0.495 32542
0.046 0.495 32631
0.053 0.495 32720
0.050 0.495 32809
0.045 0.492 32898
0.051 0.492 32987
0.047 0.492 33076
0.071 0.492 33165
0.066 0.507 33254
0.060 0.504 33343
0.070 0.504 33432
0.062 0.504 33521
0.062 0.504 33610
0.072 0.504 33699
0.065 0.507 33788
0.060 0.510 33877
0.068 0.504 33966
0.061 0.510 34055
0.058 0.516 34144
0.066 0.516 34233
0.060 0.513 34322
0.057 0.513 34411
0.069 0.530 34500
0.061 0.516 34589
0.058 0.527 34678
0.055 0.516 34767
0.061 0.516 34856
0.057 0.516 34945
0.054 0.527 35034
0.062 0.527 35123
0.059 0.530 35212
0.054 0.533 35301
0.064 0.530 35390
0.058 0.539 35479
0.057 0.536 35568
0.062 0.539 35657
0.057 0.539 35746
0.055 0.542 35835
0.062 0.536 35924
0.055 0.545 36013
0.053 0.551 36102
0.060 0.551 36191
0.057 0.551 36280
0.053 0.551 36369
0.060 0.551 36458
0.057 0.554 36547
0.054 0.554 36636
0.059 0.551 36725
0.056 0.559 36814
0.053 0.559 36903
0.049 0.557 36992
0.057 0.559 37081
0.054 0.562 37170
0.052 0.562 37259
0.059 0.565 37348
0.053 0.562 37437
0.053 0.577 37526
0.056 0.562 37615
0.053 0.562 37704
0.050 0.562 37793
0.056 0.562 37882
0.053 0.577 37971
0.051 0.562 38060
0.057 0.586 38149
0.054 0.577 38238
0.051 0.577 38327
0.057 0.577 38416
0.052 0.574 38505
0.049 0.580 38594
0.054 0.580 38683
0.053 0.589 38772
0.047 0.586 38861
0.056 0.589 38950
0.052 0.586 39039
0.045 0.589 39128
0.051 0.586 39217
0.048 0.592 39306
0.045 0.586 39395
0.044 0.586 39484
0.064 0.586 39573
0.061 0.597 39662
0.072 0.597 39751
0.053 0.600 39840
0.057 0.597 39929
0.075 0.597 40018
0.065 0.597 40107
0.061 0.603 40196
0.073 0.600 40285
0.063 0.603 40374
0.061 0.606 40463
0.070 0.612 40552
0.062 0.609 40641
0.062 0.612 40730
0.072 0.612 40819
0.062 0.609 40908
0.061 0.624 40997
0.068 0.609 41086
0.061 0.609 41175
0.057 0.609 41264
0.065 0.609 41353
0.060 0.621 41442
0.056 0.621 41531
0.057 0.624 41620
0.064 0.621 41709
0.059 0.621 41798
0.057 0.629 41887
0.063 0.632 41976
0.059 0.629 42065
0.057 0.629 42154
0.062 0.632 42243
0.057 0.632 42332
0.055 0.632 42421
0.064 0.647 42510
0.060 0.647 42599
0.054 0.644 42688
0.063 0.647 42777
0.059 0.647 42866
0.054 0.650 42955
0.061 0.644 43044
0.055 0.650 43133
0.053 0.650 43222
0.059 0.656 43311
0.056 0.656 43400
0.053 0.656 43489
0.060 0.656 43578
0.055 0.656 43667
0.053 0.656 43756
0.059 0.656 43845
0.055 0.656 43934
0.053 0.670 44023
0.050 0.656 44112
0.056 0.667 44201
0.054 0.667 44290
0.052 0.667 44379
0.059 0.670 44468
0.055 0.670 44557
0.051 0.667 44646
0.057 0.670 44735
0.055 0.676 44824
0.050 0.679 44913
0.057 0.682 45002
0.053 0.676 45091
0.053 0.682 45180
0.057 0.679 45269
0.055 0.682 45358
0.051 0.679 45447
0.055 0.685 45536
0.053 0.694 45625
0.051 0.694 45714
0.055 0.691 45803
0.057 0.691 45892
0.077 0.691 45981
0.055 0.691 46070
0.053 0.694 46159
0.049 0.697 46248
0.072 0.699 46337
0.068 0.697 46426
0.063 0.702 46515
0.074 0.699 46604
0.065 0.702 46693
0.061 0.702 46782
0.070 0.702 46871
0.067 0.702 46960
0.062 0.702 47049
0.072 0.702 47138
0.065 0.702 47227
0.062 0.717 47316
0.069 0.702 47405
0.063 0.714 47494
0.061 0.717 47583
0.067 0.714 47672
0.061 0.720 47761
0.061 0.717 47850
0.070 0.726 47939
0.063 0.726 48028
0.061 0.723 48117
0.066 0.726 48206
0.062 0.723 48295
0.056 0.726 48384
0.066 0.723 48473
0.061 0.723 48562
0.056 0.732 48651
0.055 0.732 48740
0.065 0.740 48829
0.059 0.737 48918
0.055 0.737 49007
0.064 0.740 49096
0.060 0.740 49185
0.057 0.740 49274
0.062 0.737 49363
0.059 0.740 49452
0.057 0.740 49541
0.065 0.740 49630
0.059 0.752 49719
0.055 0.749 49808
0.061 0.749 49897
0.057 0.749 49986
0.055 0.752 50075
0.061 0.749 50164
0.056 0.749 50253
0.055 0.764 50342
0.059 0.749 50431
0.057 0.764 50520
0.056 0.764 50609
0.061 0.761 50698
0.057 0.764 50787
0.055 0.764 50876
0.051 0.761 50965
0.057 0.772 51054
0.053 0.767 51143
0.051 0.764 51232
0.059 0.775 51321
0.057 0.775 51410
0.052 0.772 51499
0.060 0.775 51588
0.057 0.775 51677
0.052 0.778 51766
0.056 0.772 51855
0.053 0.772 51944
0.051 0.784 52033
0.056 0.784 52122
0.053 0.787 52211
0.052 0.784 52300
0.057 0.784 52389
0.055 0.787 52478
0.052 0.787 52567
0.057 0.787 52656
0.067 0.796 52745
0.078 0.796 52834
0.068 0.796 52923
0.064 0.796 53012
0.062 0.796 53101
0.075 0.772 53190
0.070 0.810 53279
0.064 0.796 53368
0.076 0.810 53457
0.066 0.796 53546
0.063 0.807 53635
0.072 0.796 53724
0.065 0.807 53813
0.062 0.807 53902
0.072 0.810 53991
0.065 0.807 54080
0.061 0.807 54169
0.072 0.810 54258
0.065 0.810 54347
0.061 0.819 54436
0.070 0.819 54525
0.065 0.822 54614
0.060 0.825 54703
0.068 0.825 54792
0.062 0.819 54881
0.061 0.831 54970
0.068 0.825 55059
0.064 0.834 55148
0.060 0.831 55237
0.067 0.831 55326
0.061 0.831 55415
0.059 0.831 55504
0.055 0.831 55593
0.063 0.831 55682
0.061 0.834 55771
0.057 0.837 55860
0.065 0.842 55949
0.062 0.839 56038
0.052 0.842 56127
0.060 0.842 56216
0.057 0.845 56305
0.053 0.842 56394
0.061 0.842 56483
0.057 0.842 56572
0.056 0.857 56661
0.062 0.842 56750
0.060 0.857 56839
0.055 0.854 56928
0.062 0.854 57017
0.059 0.857 57106
0.055 0.860 57195
0.061 0.854 57284
0.057 0.860 57373
0.054 0.866 57462
0.060 0.866 57551
0.057 0.866 57640
0.055 0.866 57729
0.055 0.869 57818
0.059 0.866 57907
0.057 0.880 57996
0.053 0.866 58085
0.059 0.872 58174
0.055 0.877 58263
0.053 0.877 58352
0.060 0.880 58441
0.057 0.880 58530
0.053 0.877 58619
0.060 0.877 58708
0.055 0.883 58797
0.053 0.883 58886
0.059 0.889 58975
0.061 0.889 59064
0.081 0.889 59153
0.072 0.886 59242
0.068 0.889 59331
0.053 0.889 59420
0.070 0.889 59509
0.070 0.889 59598
0.082 0.904 59687
0.070 0.889 59776
0.066 0.889 59865
0.078 0.904 59954
0.070 0.904 60043
0.064 0.901 60132
0.062 0.901 60221
0.074 0.901 60310
0.066 0.907 60399
0.063 0.901 60488
0.072 0.912 60577
0.068 0.904 60666
0.062 0.912 60755
0.071 0.912 60844
0.065 0.912 60933
0.062 0.918 61022
0.070 0.918 61111
0.068 0.927 61200
0.064 0.927 61289
0.072 0.927 61378
0.066 0.927 61467
0.063 0.927 61556
0.070 0.927 61645
0.065 0.927 61734
0.062 0.927 61823
0.068 0.924 61912
0.065 0.927 62001
0.061 0.930 62090
0.069 0.936 62179
0.063 0.936 62268
0.060 0.936 62357
0.059 0.936 62446
0.068 0.939 62535
0.062 0.939 62624
0.058 0.936 62713
0.064 0.936 62802
0.060 0.936 62891
0.061 0.950 62980
0.065 0.936 63069
0.061 0.947 63158
0.059 0.947 63247
0.064 0.947 63336
0.061 0.947 63425
0.058 0.947 63514
0.064 0.953 63603
0.060 0.959 63692
0.059 0.956 63781
0.064 0.959 63870
0.063 0.962 63959
0.057 0.959 64048
0.065 0.962 64137
0.060 0.959 64226
0.059 0.974 64315
0.063 0.971 64404
0.059 0.971 64493
0.057 0.971 64582
0.063 0.974 64671
0.059 0.971 64760
0.056 0.971 64849
0.055 0.974 64938
0.060 0.971 65027
0.059 0.974 65116
0.054 0.977 65205
0.060 0.982 65294
0.057 0.982 65383
0.077 0.982 65472
0.076 0.979 65561
0.058 0.982 65650
0.054 0.982 65739
0.060 0.982 65828
0.070 0.982 65917
0.084 0.997 66006
0.076 0.997 66095
0.069 0.982 66184
0.078 0.994 66273
0.071 0.982 66362
0.067 0.994 66451
0.080 0.994 66540
0.072 0.994 66629
0.067 0.994 66718
0.077 1.003 66807
0.070 1.006 66896
0.065 1.006 66985
0.065 1.003 67074
0.074 1.003 67163
0.066 1.006 67252
0.065 1.003 67341
0.074 1.006 67430
0.068 1.012 67519
0.065 1.017 67608
0.074 1.006 67697
0.068 1.017 67786
0.063 1.017 67875
0.074 1.020 67964
0.068 1.020 68053
0.063 1.017 68142
0.072 1.020 68231
0.066 1.023 68320
0.064 1.029 68409
0.072 1.029 68498
0.065 1.029 68587
0.063 1.029 68676
0.070 1.029 68765
0.064 1.029 68854
0.061 1.029 68943
0.068 1.029 69032
0.063 1.029 69121
0.063 1.044 69210
0.070 1.041 69299
0.065 1.044 69388
0.061 1.041 69477
0.061 1.044 69566
0.068 1.044 69655
0.063 1.044 69744
0.059 1.041 69833
0.065 1.047 69922
0.061 1.052 70011
0.060 1.047 70100
0.066 1.052 70189
0.064 1.055 70278
0.060 1.052 70367
0.068 1.055 70456
0.061 1.052 70545
0.059 1.052 70634
0.065 1.064 70723
0.061 1.052 70812
0.057 1.052 70901
0.068 1.067 70990
0.063 1.067 71079
0.060 1.067 71168
0.066 1.067 71257
0.061 1.067 71346
0.057 1.052 71435
0.064 1.064 71524
0.061 1.076 71613
0.059 1.079 71702
0.057 1.079 71791
0.062 1.076 71880
0.061 1.090 71969
0.057 1.076 72058
0.062 1.076 72147
0.066 1.076 72236
0.086 1.076 72325
0.077 1.087 72414
0.072 1.087 72503
0.083 1.090 72592
0.074 1.087 72681
0.075 1.087 72770
0.086 1.099 72859
0.076 1.099 72948
0.072 1.099 73037
0.074 1.099 73126
0.070 1.096 73215
0.068 1.099 73304
0.076 1.099 73393
0.070 1.099 73482
0.069 1.114 73571
0.078 1.105 73660
0.072 1.111 73749
0.068 1.111 73838
0.065 1.111 73927
0.074 1.111 74016
0.070 1.111 74105
0.066 1.111 74194
0.074 1.111 74283
0.070 1.114 74372
0.065 1.111 74461
0.076 1.114 74550
0.072 1.137 74639
0.068 1.119 74728
0.073 1.122 74817
0.069 1.122 74906
0.065 1.122 74995
0.072 1.122 75084
0.068 1.122 75173
0.063 1.122 75262
0.070 1.122 75351
0.068 1.122 75440
0.066 1.137 75529
0.072 1.122 75618
0.068 1.134 75707
0.065 1.137 75796
0.070 1.134 75885
0.066 1.134 75974
0.064 1.137 76063
0.070 1.140 76152
0.068 1.143 76241
0.064 1.146 76330
0.061 1.146 76419
0.068 1.146 76508
0.065 1.149 76597
0.061 1.146 76686
0.068 1.146 76775
0.065 1.149 76864
0.061 1.146 76953
0.067 1.146 77042
0.063 1.157 77131
0.064 1.160 77220
0.069 1.157 77309
0.064 1.160 77398
0.060 1.157 77487
0.068 1.160 77576
0.063 1.160 77665
0.060 1.157 77754
0.066 1.169 77843
0.062 1.169 77932
0.061 1.166 78021
0.069 1.172 78110
0.064 1.172 78199
0.061 1.166 78288
0.066 1.169 78377
0.062 1.169 78466
0.060 1.169 78555
0.079 1.169 78644
0.079 1.184 78733
0.074 1.169 78822
0.084 1.181 78911
0.064 1.181 79000
0.074 1.181 79089
0.087 1.181 79178
0.078 1.181 79267
0.074 1.187 79356
0.084 1.189 79445
0.076 1.192 79534
0.072 1.192 79623
0.082 1.189 79712
0.074 1.192 79801
0.073 1.192 79890
0.082 1.192 79979
0.075 1.198 80068
0.071 1.198 80157
0.080 1.204 80246
0.074 1.204 80335
0.072 1.207 80424
0.080 1.207 80513
0.074 1.207 80602
0.070 1.207 80691
0.079 1.204 80780
0.073 1.204 80869
0.071 1.213 80958
0.068 1.216 81047
0.077 1.213 81136
0.072 1.213 81225
0.068 1.216 81314
0.076 1.219 81403
0.070 1.216 81492
0.069 1.230 81581
0.077 1.230 81670
0.072 1.230 81759
0.066 1.216 81848
0.076 1.230 81937
0.068 1.216 82026
0.068 1.230 82115
0.073 1.227 82204
0.068 1.227 82293
0.065 1.227 82382
0.074 1.230 82471
0.069 1.233 82560
0.068 1.236 82649
0.072 1.239 82738
0.068 1.239 82827
0.066 1.242 82916
0.072 1.239 83005
0.068 1.242 83094
0.066 1.254 83183
0.061 1.239 83272
0.068 1.239 83361
0.066 1.251 83450
0.062 1.239 83539
0.070 1.251 83628
0.066 1.251 83717
0.063 1.251 83806
0.070 1.254 83895
0.064 1.251 83984
0.063 1.254 84073
0.070 1.259 84162
0.066 1.259 84251
0.063 1.262 84340
0.070 1.265 84429
0.065 1.262 84518
0.062 1.262 84607
0.068 1.262 84696
0.066 1.277 84785
0.062 1.262 84874
0.068 1.262 84963
0.077 1.262 85052
0.091 1.277 85141
0.068 1.274 85230
0.064 1.274 85319
0.074 1.274 85408
0.082 1.274 85497
0.077 1.274 85586
0.076 1.283 85675
0.086 1.274 85764
0.076 1.283 85853
0.072 1.286 85942
0.084 1.283 86031
0.078 1.286 86120
0.074 1.286 86209
0.087 1.300 86298
0.077 1.292 86387
0.072 1.297 86476
0.083 1.300 86565
0.076 1.297 86654
0.072 1.297 86743
0.081 1.297 86832
0.076 1.300 86921
0.073 1.297 87010
0.081 1.297 87099
0.074 1.297 87188
0.072 1.309 87277
0.080 1.309 87366
0.074 1.309 87455
0.072 1.306 87544
0.078 1.309 87633
0.072 1.309 87722
0.070 1.309 87811
0.068 1.309 87900
0.077 1.309 87989
0.073 1.324 88078
0.068 1.309 88167
0.075 1.309 88256
0.072 1.321 88345
0.070 1.324 88434
0.076 1.324 88523
0.070 1.332 88612
0.066 1.332 88701
0.076 1.332 88790
0.071 1.332 88879
0.068 1.332 88968
0.074 1.332 89057
0.070 1.332 89146
0.066 1.332 89235
0.072 1.332 89324
0.071 1.347 89413
0.065 1.344 89502
0.072 1.324 89591
0.072 1.347 89680
0.069 1.347 89769
0.074 1.344 89858
0.070 1.344 89947
0.066 1.344 90036
0.068 1.347 90125
0.063 1.356 90214
0.061 1.356 90303
0.059 1.356 90392
0.066 1.356 90481
0.064 1.356 90570
0.063 1.356 90659
0.069 1.356 90748
0.066 1.370 90837
0.063 1.356 90926
0.069 1.356 91015
0.066 1.370 91104
0.065 1.370 91193
0.068 1.356 91282
0.065 1.367 91371
0.063 1.367 91460
0.070 1.367 91549
0.068 1.370 91638
0.063 1.367 91727
0.079 1.379 91816
0.080 1.379 91905
0.090 1.379 91994
0.081 1.379 92083
0.078 1.379 92172
0.087 1.379 92261
0.084 1.376 92350
0.079 1.379 92439
0.076 1.379 92528
0.087 1.379 92617
0.079 1.391 92706
0.074 1.391 92795
0.083 1.391 92884
0.079 1.394 92973
0.073 1.391 93062
0.083 1.402 93151
0.079 1.402 93240
0.074 1.402 93329
0.084 1.394 93418
0.078 1.402 93507
0.073 1.402 93596
0.082 1.399 93685
0.078 1.405 93774
0.072 1.402 93863
0.082 1.417 93952
0.077 1.417 94041
0.074 1.402 94130
0.082 1.402 94219
0.077 1.414 94308
0.071 1.402 94397
0.078 1.402 94486
0.076 1.417 94575
0.070 1.414 94664
0.070 1.417 94753
0.078 1.417 94842
0.071 1.426 94931
0.070 1.426 95020
0.077 1.426 95109
0.072 1.426 95198
0.070 1.426 95287
0.078 1.429 95376
0.072 1.426 95465
0.070 1.426 95554
0.077 1.440 95643
0.071 1.437 95732
0.070 1.440 95821
0.077 1.437 95910
0.072 1.437 95999
0.071 1.440 96088
0.075 1.437 96177
0.071 1.443 96266
0.070 1.440 96355
0.075 1.437 96444
0.070 1.443 96533
0.068 1.449 96622
0.072 1.449 96711
0.070 1.449 96800
0.068 1.449 96889
0.074 1.449 96978
0.072 1.452 97067
0.068 1.449 97156
0.064 1.449 97245
0.072 1.464 97334
0.070 1.464 97423
0.065 1.449 97512
0.072 1.464 97601
0.069 1.461 97690
0.066 1.461 97779
0.072 1.461 97868
0.068 1.461 97957
0.068 1.464 98046
0.072 1.472 98135
0.081 1.472 98224
0.095 1.469 98313
0.087 1.469 98402
0.080 1.472 98491
0.079 1.478 98580
0.086 1.484 98669
0.081 1.478 98758
0.093 1.487 98847
0.084 1.487 98936
0.079 1.484 99025
0.089 1.484 99114
0.082 1.487 99203
0.077 1.484 99292
0.075 1.484 99381
0.087 1.484 99470
0.082 1.487 99559
0.078 1.490 99648
0.087 1.487 99737
0.080 1.487 99826
0.076 1.496 99915
0.083 1.496 100004
0.078 1.496 100093
0.074 1.496 100182
0.081 1.496 100271
0.080 1.510 100360
0.078 1.510 100449
0.083 1.496 100538
0.077 1.507 100627
0.075 1.496 100716
0.081 1.507 100805
0.076 1.507 100894
0.074 1.507 100983
0.080 1.513 101072
0.077 1.510 101161
0.074 1.519 101250
0.081 1.519 101339
0.076 1.519 101428
0.073 1.519 101517
0.080 1.519 101606
0.074 1.519 101695
0.072 1.519 101784
0.070 1.519 101873
0.076 1.519 101962
0.072 1.531 102051
0.072 1.531 102140
0.080 1.534 102229
0.076 1.534 102318
0.070 1.531 102407
0.079 1.534 102496
0.075 1.534 102585
0.072 1.534 102674
0.077 1.537 102763
0.074 1.534 102852
0.069 1.542 102941
0.076 1.542 103030
0.072 1.542 103119
0.069 1.542 103208
0.075 1.542 103297
0.072 1.542 103386
0.068 1.542 103475
0.076 1.557 103564
0.072 1.542 103653
0.068 1.542 103742
0.076 1.557 103831
0.074 1.557 103920
0.068 1.554 104009
0.070 1.563 104098
0.072 1.554 104187
0.071 1.557 104276
0.070 1.557 104365
0.074 1.557 104454
0.070 1.566 104543
0.096 1.566 104632
0.088 1.569 104721
0.070 1.566 104810
0.070 1.580 104899
0.084 1.572 104988
0.084 1.572 105077
0.095 1.572 105166
0.086 1.577 105255
0.081 1.577 105344
0.092 1.577 105433
0.084 1.580 105522
0.082 1.580 105611
0.093 1.577 105700
0.087 1.580 105789
0.082 1.580 105878
0.091 1.589 105967
0.082 1.589 106056
0.079 1.589 106145
0.087 1.589 106234
0.081 1.589 106323
0.080 1.586 106412
0.077 1.586 106501
0.087 1.589 106590
0.082 1.604 106679
0.077 1.589 106768
0.086 1.589 106857
0.080 1.589 106946
0.078 1.604 107035
0.078 1.601 107124
0.075 1.601 107213
0.074 1.604 107302
0.079 1.601 107391
0.077 1.601 107480
0.074 1.612 107569
0.081 1.607 107658
0.078 1.612 107747
0.076 1.615 107836
0.082 1.604 107925
0.078 1.615 108014
0.077 1.627 108103
0.081 1.624 108192
0.077 1.624 108281
0.075 1.624 108370
0.082 1.624 108459
0.080 1.627 108548
0.076 1.627 108637
0.072 1.624 108726
0.079 1.630 108815
0.074 1.630 108904
0.073 1.636 108993
0.079 1.636 109082
0.077 1.633 109171
0.077 1.639 109260
0.082 1.650 109349
0.076 1.636 109438
0.074 1.650 109527
0.079 1.636 109616
0.074 1.636 109705
0.072 1.636 109794
0.079 1.650 109883
0.073 1.636 109972
0.073 1.650 110061
0.078 1.647 110150
0.074 1.636 110239
0.072 1.653 110328
0.080 1.650 110417
0.074 1.653 110506
0.073 1.656 110595
0.077 1.659 110684
0.073 1.659 110773
0.071 1.659 110862
0.086 1.659 110951
0.077 1.656 111040
0.072 1.659 111129
0.072 1.674 111218
0.074 1.659 111307
0.083 1.659 111396
0.097 1.674 111485
0.089 1.674 111574
0.082 1.671 111663
0.095 1.674 111752
0.089 1.674 111841
0.086 1.671 111930
0.097 1.674 112019
0.089 1.674 112108
0.082 1.671 112197
0.094 1.674 112286
0.086 1.682 112375
0.082 1.679 112464
0.091 1.679 112553
0.084 1.682 112642
0.081 1.679 112731
0.091 1.682 112820
0.086 1.682 112909
0.080 1.682 112998
0.089 1.682 113087
0.085 1.697 113176
0.081 1.697 113265
0.079 1.697 113354
0.087 1.694 113443
0.080 1.694 113532
0.079 1.697 113621
0.087 1.700 113710
0.081 1.700 113799
0.078 1.694 113888
0.088 1.703 113977
0.082 1.703 114066
0.077 1.706 114155
0.086 1.706 114244
0.080 1.706 114333
0.077 1.706 114422
0.084 1.706 114511
0.082 1.720 114600
0.078 1.706 114689
0.084 1.717 114778
0.081 1.720 114867
0.078 1.720 114956
0.084 1.720 115045
0.080 1.720 115134
0.076 1.717 115223
0.082 1.717 115312
0.078 1.717 115401
0.077 1.729 115490
0.074 1.729 115579
0.082 1.726 115668
0.078 1.726 115757
0.076 1.726 115846
0.080 1.729 115935
0.078 1.732 116024
0.074 1.729 116113
0.079 1.729 116202
0.078 1.744 116291
0.074 1.729 116380
0.081 1.741 116469
0.078 1.741 116558
0.074 1.752 116647
0.080 1.752 116736
0.078 1.744 116825
0.074 1.744 116914
0.079 1.744 117003
0.074 1.747 117092
0.072 1.752 117181
0.079 1.752 117270
0.077 1.749 117359
0.073 1.752 117448
0.080 1.752 117537
0.075 1.752 117626
0.074 1.764 117715
0.092 1.764 117804
0.088 1.764 117893
0.086 1.764 117982
0.094 1.764 118071
0.087 1.764 118160
0.088 1.764 118249
0.099 1.767 118338
0.089 1.764 118427
0.087 1.764 118516
0.095 1.776 118605
0.087 1.776 118694
0.086 1.776 118783
0.093 1.776 118872
0.087 1.776 118961
0.088 1.773 119050
0.094 1.776 119139
0.087 1.776 119228
0.086 1.776 119317
0.094 1.790 119406
0.086 1.776 119495
0.083 1.776 119584
0.091 1.787 119673
0.087 1.790 119762
0.082 1.787 119851
0.089 1.787 119940
0.087 1.790 120029
0.082 1.787 120118
0.078 1.799 120207
0.087 1.799 120296
0.084 1.790 120385
0.080 1.802 120474
0.088 1.802 120563
0.083 1.802 120652
0.078 1.799 120741
0.088 1.799 120830
0.086 1.814 120919
0.081 1.814 121008
0.087 1.811 121097
0.082 1.811 121186
0.078 1.811 121275
0.086 1.811 121364
0.081 1.811 121453
0.078 1.811 121542
0.084 1.819 121631
0.082 1.822 121720
0.078 1.822 121809
0.086 1.822 121898
0.082 1.822 121987
0.079 1.819 122076
0.083 1.822 122165
0.080 1.822 122254
0.077 1.822 122343
0.082 1.822 122432
0.080 1.822 122521
0.080 1.837 122610
0.077 1.837 122699
0.082 1.822 122788
0.078 1.834 122877
0.076 1.834 122966
0.084 1.837 123055
0.079 1.837 123144
0.075 1.840 123233
0.083 1.837 123322
0.077 1.846 123411
0.078 1.843 123500
0.084 1.843 123589
0.079 1.846 123678
0.077 1.843 123767
0.081 1.846 123856
0.079 1.860 123945
0.074 1.852 124034
0.082 1.840 124123
0.084 1.857 124212
0.097 1.857 124301
0.077 1.857 124390
0.075 1.860 124479
0.099 1.857 124568
0.093 1.860 124657
0.089 1.860 124746
0.084 1.869 124835
0.097 1.860 124924
0.090 1.866 125013
0.086 1.869 125102
0.095 1.866 125191
0.091 1.869 125280
0.086 1.869 125369
0.097 1.866 125458
0.091 1.884 125547
0.086 1.869 125636
0.095 1.869 125725
0.088 1.869 125814
0.084 1.869 125903
0.092 1.881 125992
0.087 1.869 126081
0.087 1.881 126170
0.094 1.881 126259
0.088 1.881 126348
0.084 1.887 126437
0.091 1.892 126526
0.087 1.892 126615
0.083 1.892 126704
0.091 1.892 126793
0.086 1.892 126882
0.082 1.892 126971
0.091 1.892 127060
0.087 1.892 127149
0.083 1.892 127238
0.082 1.892 127327
0.089 1.904 127416
0.084 1.907 127505
0.081 1.904 127594
0.089 1.907 127683
0.084 1.907 127772
0.080 1.904 127861
0.089 1.904 127950
0.086 1.907 128039
0.082 1.916 128128
0.090 1.913 128217
0.083 1.916 128306
0.083 1.913 128395
0.087 1.919 128484
0.081 1.916 128573
0.079 1.916 128662
0.087 1.930 128751
0.082 1.916 128840
0.082 1.930 128929
0.086 1.916 129018
0.081 1.916 129107
0.081 1.930 129196
0.086 1.927 129285
0.082 1.930 129374
0.079 1.927 129463
0.077 1.927 129552
0.082 1.939 129641
0.081 1.939 129730
0.079 1.930 129819
0.083 1.939 129908
0.080 1.939 129997
0.079 1.942 130086
0.085 1.942 130175
0.080 1.939 130264
0.077 1.939 130353
0.082 1.951 130442
0.091 1.939 130531
0.079 1.954 130620
0.082 1.951 130709
0.080 1.951 130798
0.079 1.951 130887
0.098 1.951 130976
0.092 1.951 131065
0.102 1.951 131154
0.095 1.962 131243
0.090 1.962 131332
0.100 1.962 131421
0.098 1.962 131510
0.091 1.962 131599
0.089 1.962 131688
0.101 1.965 131777
0.093 1.965 131866
0.089 1.962 131955
0.099 1.977 132044
0.091 1.962 132133
0.088 1.962 132222
0.098 1.977 132311
0.091 1.974 132400
0.091 1.977 132489
0.098 1.974 132578
0.091 1.974 132667
0.089 1.977 132756
0.096 1.977 132845
0.089 1.986 132934
0.086 1.986 133023
0.094 1.986 133112
0.089 1.989 133201
0.089 1.989 133290
0.094 1.986 133379
0.088 1.986 133468
0.086 1.986 133557
0.094 1.997 133646
0.088 1.997 133735
0.086 1.997 133824
0.091 1.997 133913
0.087 1.997 134002
0.084 1.997 134091
0.084 2.000 134180
0.092 2.000 134269
0.086 1.997 134358
0.083 2.009 134447
0.090 1.997 134536
0.086 2.009 134625
0.082 2.009 134714
0.089 2.009 134803
0.084 2.009 134892
0.081 2.009 134981
0.089 2.009 135070
0.086 2.009 135159
0.083 2.009 135248
0.089 2.009 135337
0.086 2.009 135426
0.082 2.009 135515
0.088 2.021 135604
0.084 2.021 135693
0.081 2.021 135782
0.087 2.021 135871
0.084 2.021 135960
0.082 2.032 136049
0.088 2.032 136138
0.084 2.032 136227
0.081 2.032 136316
0.080 2.032 136405
0.086 2.032 136494
0.081 2.032 136583
0.080 2.038 136672
0.086 2.038 136761
0.083 2.044 136850
0.081 2.044 136939
0.086 2.044 137028
0.081 2.044 137117
0.080 2.044 137206
0.094 2.032 137295
0.096 2.044 137384
0.106 2.044 137473
0.098 2.047 137562
0.096 2.047 137651
0.106 2.056 137740
0.099 2.056 137829
0.097 2.056 137918
0.106 2.053 138007
0.096 2.056 138096
0.093 2.056 138185
0.101 2.056 138274
0.094 2.056 138363
0.092 2.056 138452
0.099 2.056 138541
0.095 2.056 138630
0.094 2.067 138719
0.089 2.056 138808
0.099 2.067 138897
0.094 2.067 138986
0.089 2.067 139075
0.096 2.067 139164
0.093 2.079 139253
0.087 2.079 139342
0.096 2.079 139431
0.093 2.079 139520
0.089 2.079 139609
0.097 2.079 139698
0.093 2.079 139787
0.088 2.079 139876
0.096 2.079 139965
0.091 2.079 140054
0.087 2.091 140143
0.094 2.091 140232
0.091 2.091 140321
0.088 2.091 140410
0.095 2.091 140499
0.091 2.097 140588
0.088 2.102 140677
0.093 2.091 140766
0.091 2.091 140855
0.087 2.091 140944
0.084 2.102 141033
0.093 2.102 141122
0.089 2.102 141211
0.087 2.102 141300
0.093 2.102 141389
0.088 2.102 141478
0.087 2.102 141567
0.092 2.102 141656
0.087 2.102 141745
0.086 2.102 141834
0.091 2.102 141923
0.087 2.114 142012
0.086 2.114 142101
0.092 2.114 142190
0.089 2.114 142279
0.086 2.114 142368
0.091 2.114 142457
0.087 2.126 142546
0.084 2.126 142635
0.091 2.126 142724
0.086 2.126 142813
0.083 2.126 142902
0.089 2.126 142991
0.087 2.126 143080
0.084 2.126 143169
0.091 2.126 143258
0.086 2.137 143347
0.083 2.137 143436
0.080 2.137 143525
0.087 2.137 143614
0.096 2.137 143703
0.110 2.149 143792
0.100 2.137 143881
0.084 2.137 143970
0.086 2.137 144059
0.102 2.149 144148
0.098 2.149 144237
0.109 2.149 144326
0.099 2.137 144415
0.095 2.137 144504
0.105 2.149 144593
0.099 2.149 144682
0.095 2.161 144771
0.108 2.161 144860
0.101 2.161 144949
0.096 2.149 145038
0.106 2.161 145127
0.099 2.161 145216
0.096 2.172 145305
0.102 2.172 145394
0.097 2.172 145483
0.093 2.172 145572
0.091 2.172 145661
0.100 2.172 145750
0.095 2.172 145839
0.094 2.172 145928
0.100 2.172 146017
0.095 2.172 146106
0.093 2.184 146195
0.099 2.184 146284
0.094 2.184 146373
0.093 2.184 146462
0.099 2.184 146551
0.095 2.184 146640
0.093 2.184 146729
0.099 2.184 146818
0.095 2.196 146907
0.092 2.196 146996
0.098 2.196 147085
0.094 2.196 147174
0.091 2.196 147263
0.098 2.196 147352
0.093 2.196 147441
0.093 2.196 147530
0.097 2.196 147619
0.093 2.196 147708
0.091 2.207 147797
0.096 2.196 147886
0.091 2.196 147975
0.089 2.196 148064
0.087 2.196 148153
0.093 2.207 148242
0.089 2.207 148331
0.088 2.207 148420
0.095 2.207 148509
0.092 2.207 148598
0.088 2.213 148687
0.094 2.207 148776
0.091 2.219 148865
0.087 2.219 148954
0.094 2.219 149043
0.091 2.219 149132
0.087 2.219 149221
0.094 2.219 149310
0.091 2.219 149399
0.088 2.219 149488
0.094 2.231 149577
0.091 2.231 149666
0.087 2.231 149755
0.093 2.231 149844
0.089 2.231 149933
0.086 2.231 150022
0.106 2.231 150111
0.089 2.231 150200
0.087 2.231 150289
0.084 2.242 150378
0.099 2.237 150467
0.101 2.242 150556
0.114 2.242 150645
0.102 2.242 150734
0.099 2.242 150823
0.110 2.257 150912
0.101 2.242 151001
0.101 2.242 151090
0.114 2.257 151179
0.102 2.242 151268
0.099 2.242 151357
0.108 2.254 151446
0.100 2.254 151535
0.099 2.254 151624
0.108 2.254 151713
0.099 2.254 151802
0.096 2.266 151891
0.108 2.254 151980
0.100 2.266 152069
0.098 2.266 152158
0.106 2.266 152247
0.099 2.266 152336
0.096 2.266 152425
0.094 2.266 152514
0.101 2.266 152603
0.097 2.266 152692
0.094 2.266 152781
0.104 2.277 152870
0.098 2.277 152959
0.095 2.277 153048
0.102 2.277 153137
0.098 2.277 153226
0.095 2.277 153315
0.101 2.277 153404
0.097 2.289 153493
0.094 2.289 153582
0.100 2.289 153671
0.099 2.289 153760
0.095 2.289 153849
0.101 2.289 153938
0.096 2.289 154027
0.093 2.289 154116
0.099 2.289 154205
0.095 2.289 154294
0.093 2.289 154383
0.099 2.289 154472
0.095 2.289 154561
0.093 2.301 154650
0.100 2.301 154739
0.096 2.301 154828
0.093 2.301 154917
0.091 2.301 155006
0.097 2.301 155095
0.094 2.312 155184
0.091 2.312 155273
0.097 2.312 155362
0.093 2.312 155451
0.093 2.312 155540
0.098 2.312 155629
0.094 2.318 155718
0.092 2.318 155807
0.098 2.324 155896
0.094 2.324 155985
0.092 2.324 156074
0.096 2.324 156163
0.093 2.324 156252
0.091 2.324 156341
0.097 2.324 156430
0.093 2.324 156519
0.091 2.336 156608
0.096 2.336 156697
0.092 2.336 156786
0.115 2.336 156875
0.110 2.336 156964
0.108 2.336 157053
0.102 2.336 157142
0.112 2.336 157231
0.110 2.336 157320
0.104 2.336 157409
0.115 2.336 157498
0.109 2.336 157587
0.104 2.350 157676
0.112 2.347 157765
0.106 2.347 157854
0.102 2.347 157943
0.111 2.347 158032
0.106 2.347 158121
0.097 2.347 158210
0.108 2.353 158299
0.101 2.359 158388
0.098 2.359 158477
0.107 2.359 158566
0.102 2.359 158655
0.098 2.359 158744
0.106 2.359 158833
0.101 2.371 158922
0.098 2.371 159011
0.108 2.371 159100
0.104 2.371 159189
0.099 2.371 159278
0.106 2.371 159367
0.102 2.371 159456
0.099 2.371 159545
0.097 2.382 159634
0.105 2.382 159723
0.099 2.382 159812
0.097 2.382 159901
0.106 2.382 159990
0.100 2.382 160079
0.098 2.382 160168
0.106 2.382 160257
0.100 2.382 160346
0.098 2.382 160435
0.104 2.382 160524
0.099 2.382 160613
0.097 2.382 160702
0.104 2.394 160791
0.100 2.394 160880
0.097 2.394 160969
0.105 2.394 161058
0.099 2.394 161147
0.097 2.406 161236
0.104 2.406 161325
0.099 2.406 161414
0.097 2.406 161503
0.102 2.406 161592
0.098 2.406 161681
0.097 2.406 161770
0.094 2.406 161859
0.101 2.412 161948
0.098 2.412 162037
0.095 2.417 162126
0.101 2.417 162215
0.098 2.417 162304
0.096 2.417 162393
0.100 2.417 162482
0.097 2.417 162571
0.095 2.429 162660
0.101 2.417 162749
0.097 2.417 162838
0.095 2.429 162927
0.100 2.429 163016
0.097 2.429 163105
0.094 2.429 163194
0.114 2.429 163283
0.110 2.429 163372
0.120 2.429 163461
0.100 2.429 163550
0.106 2.429 163639
0.123 2.429 163728
0.114 2.429 163817
0.110 2.429 163906
0.119 2.441 163995
0.112 2.441 164084
0.108 2.441 164173
0.107 2.441 164262
0.114 2.441 164351
0.112 2.444 164440
0.109 2.452 164529
0.115 2.452 164618
0.109 2.452 164707
0.106 2.452 164796
0.114 2.452 164885
0.108 2.452 164974
0.106 2.452 165063
0.113 2.452 165152
0.108 2.464 165241
0.106 2.464 165330
0.114 2.464 165419
0.108 2.464 165508
0.107 2.464 165597
0.113 2.464 165686
0.107 2.464 165775
0.106 2.464 165864
0.111 2.470 165953
0.106 2.476 166042
0.105 2.476 166131
0.113 2.476 166220
0.108 2.476 166309
0.106 2.476 166398
0.102 2.476 166487
0.110 2.476 166576
0.107 2.476 166665
0.102 2.476 166754
0.108 2.476 166843
0.105 2.476 166932
0.101 2.476 167021
0.109 2.476 167110
0.106 2.487 167199
0.102 2.476 167288
0.108 2.487 167377
0.106 2.487 167466
0.102 2.499 167555
0.109 2.499 167644
0.106 2.499 167733
0.101 2.499 167822
0.107 2.499 167911
0.106 2.499 168000
0.101 2.499 168089
0.108 2.499 168178
0.105 2.499 168267
0.102 2.499 168356
0.107 2.511 168445
0.104 2.511 168534
0.101 2.511 168623
0.107 2.511 168712
0.105 2.511 168801
0.101 2.511 168890
0.100 2.511 168979
0.106 2.522 169068
0.101 2.511 169157
0.099 2.511 169246
0.106 2.522 169335
0.101 2.522 169424
0.099 2.522 169513
0.110 2.525 169602
0.116 2.522 169691
0.100 2.522 169780
0.108 2.522 169869
0.102 2.522 169958
0.125 2.522 170047
0.119 2.522 170136
0.115 2.522 170225
0.125 2.522 170314
0.116 2.534 170403
0.113 2.534 170492
0.123 2.534 170581
0.118 2.534 170670
0.116 2.534 170759
0.125 2.546 170848
0.115 2.546 170937
0.113 2.546 171026
0.109 2.546 171115
0.117 2.546 171204
0.112 2.546 171293
0.109 2.546 171382
0.117 2.546 171471
0.114 2.546 171560
0.111 2.557 171649
0.119 2.557 171738
0.114 2.557 171827
0.111 2.557 171916
0.118 2.557 172005
0.112 2.557 172094
0.109 2.557 172183
0.116 2.569 172272
0.112 2.557 172361
0.111 2.569 172450
0.118 2.569 172539
0.113 2.569 172628
0.110 2.569 172717
0.117 2.569 172806
0.113 2.569 172895
0.110 2.569 172984
0.115 2.569 173073
0.111 2.569 173162
0.108 2.569 173251
0.108 2.569 173340
0.114 2.569 173429
0.110 2.569 173518
0.108 2.581 173607
0.114 2.581 173696
0.110 2.581 173785
0.108 2.581 173874
0.113 2.581 173963
0.109 2.592 174052
0.108 2.592 174141
0.114 2.592 174230
0.110 2.592 174319
0.108 2.592 174408
0.114 2.592 174497
0.110 2.601 174586
0.108 2.604 174675
0.113 2.604 174764
0.109 2.598 174853
0.107 2.604 174942
0.113 2.604 175031
0.111 2.604 175120
0.109 2.604 175209
0.114 2.616 175298
0.108 2.604 175387
0.106 2.604 175476
0.112 2.604 175565
0.108 2.616 175654
0.106 2.616 175743
0.102 2.616 175832
0.108 2.616 175921
0.108 2.616 176010
0.105 2.616 176099
0.111 2.616 176188
0.108 2.616 176277
0.104 2.616 176366
0.124 2.616 176455
0.119 2.616 176544
0.129 2.616 176633
0.125 2.630 176722
0.117 2.627 176811
0.132 2.627 176900
0.125 2.627 176989
0.119 2.627 177078
0.129 2.627 177167
0.123 2.639 177256
0.116 2.627 177345
0.125 2.639 177434
0.119 2.639 177523
0.116 2.639 177612
0.125 2.639 177701
0.123 2.639 177790
0.117 2.639 177879
0.115 2.639 177968
0.123 2.651 178057
0.116 2.651 178146
0.114 2.651 178235
0.123 2.651 178324
0.116 2.651 178413
0.114 2.651 178502
0.120 2.651 178591
0.117 2.662 178680
0.115 2.651 178769
0.123 2.662 178858
0.118 2.659 178947
0.114 2.662 179036
0.123 2.662 179125
0.117 2.677 179214
0.114 2.662 179303
0.122 2.662 179392
0.114 2.662 179481
0.114 2.662 179570
0.120 2.662 179659
0.115 2.662 179748
0.113 2.662 179837
0.120 2.674 179926
0.114 2.674 180015
0.095 2.674 180104
0.072 2.674 180193
0.063 2.677 180282
0.055 2.677 180371
0.036 2.674 180460
0.032 2.677 180549
0.028 2.662 180638
0.014 2.674 180727
0.011 2.674 180816
0.009 2.674 180905
-0.002 2.662 180994
-0.002 2.662 181084
-0.002 2.662 181174
-0.012 2.662 181264
-0.011 2.677 181354
-0.010 2.662 181444
-0.019 2.662 181534
-0.017 2.662 181624
-0.016 2.662 181714
-0.023 2.659 181804
-0.023 2.662 181894
-0.035 2.662 181984
-0.042 2.662 182074
-0.038 2.651 182164
-0.038 2.651 182254
-0.046 2.654 182344
-0.040 2.651 182434
-0.039 2.651 182524
-0.048 2.651 182614
-0.041 2.651 182704
-0.040 2.651 182794
-0.050 2.651 182884
-0.044 2.639 182974
-0.042 2.639 183064
-0.050 2.639 183154
-0.045 2.639 183244
-0.044 2.639 183334
-0.051 2.639 183424
-0.045 2.639 183514
-0.044 2.639 183604
-0.050 2.639 183694
-0.045 2.639 183784
-0.045 2.639 183874
-0.051 2.627 183964
-0.047 2.627 184054
-0.045 2.616 184144
-0.051 2.616 184234
-0.045 2.627 184324
-0.045 2.616 184414
-0.042 2.616 184504
-0.049 2.616 184594
-0.046 2.616 184684
-0.044 2.616 184774
-0.048 2.616 184864
-0.047 2.616 184954
-0.045 2.616 185044
-0.050 2.616 185134
-0.048 2.616 185224
-0.045 2.616 185314
-0.050 2.604 185404
-0.048 2.604 185494
-0.061 2.592 185584
-0.065 2.604 185674
-0.060 2.604 185764
-0.066 2.607 185854
-0.063 2.604 185944
-0.057 2.607 186034
-0.067 2.598 186124
-0.062 2.592 186214
-0.057 2.592 186304
-0.065 2.592 186394
-0.061 2.592 186484
-0.057 2.592 186574
-0.064 2.592 186664
-0.059 2.592 186754
-0.056 2.581 186844
-0.054 2.581 186934
-0.061 2.581 187024
-0.057 2.581 187114
-0.055 2.569 187204
-0.062 2.569 187294
-0.057 2.569 187384
-0.055 2.569 187474
-0.062 2.569 187564
-0.057 2.569 187654
-0.055 2.569 187744
-0.060 2.569 187834
-0.056 2.569 187924
-0.054 2.569 188014
-0.060 2.569 188104
-0.056 2.569 188194
-0.053 2.569 188284
-0.059 2.557 188374
-0.055 2.557 188464
-0.053 2.557 188554
-0.058 2.557 188644
-0.055 2.557 188734
-0.053 2.557 188824
-0.057 2.557 188914
-0.054 2.557 189004
-0.051 2.557 189094
-0.069 2.546 189184
-0.069 2.546 189274
-0.064 2.546 189364
-0.073 2.560 189454
-0.066 2.549 189544
-0.062 2.549 189634
-0.073 2.546 189724
-0.067 2.546 189814
-0.063 2.546 189904
-0.072 2.534 189994
-0.066 2.534 190084
-0.061 2.534 190174
-0.069 2.534 190264
-0.065 2.534 190354
-0.062 2.522 190444
-0.069 2.522 190534
-0.064 2.522 190624
-0.060 2.522 190714
-0.068 2.522 190804
-0.064 2.522 190894
-0.058 2.522 190984
-0.066 2.522 191074
-0.062 2.522 191164
-0.057 2.522 191254
-0.057 2.522 191344
-0.064 2.522 191434
-0.059 2.522 191524
-0.057 2.511 191614
-0.064 2.511 191704
-0.058 2.511 191794
-0.057 2.511 191884
-0.064 2.511 191974
-0.058 2.511 192064
-0.056 2.511 192154
-0.062 2.511 192244
-0.057 2.505 192334
-0.056 2.505 192424
-0.062 2.499 192514
-0.058 2.499 192604
-0.056 2.499 192694
-0.071 2.499 192784
-0.072 2.499 192874
-0.081 2.499 192964
-0.071 2.487 193054
-0.068 2.499 193144
-0.076 2.487 193234
-0.068 2.487 193324
-0.068 2.476 193414
-0.075 2.476 193504
-0.069 2.476 193594
-0.067 2.476 193684
-0.064 2.476 193774
-0.072 2.476 193864
-0.067 2.476 193954
-0.064 2.476 194044
-0.070 2.476 194134
-0.066 2.476 194224
-0.064 2.476 194314
-0.068 2.476 194404
-0.066 2.476 194494
-0.063 2.476 194584
-0.069 2.470 194674
-0.066 2.464 194764
-0.062 2.464 194854
-0.067 2.464 194944
-0.065 2.464 195034
-0.062 2.464 195124
-0.067 2.464 195214
-0.064 2.464 195304
-0.059 2.464 195394
-0.065 2.452 195484
-0.063 2.452 195574
-0.059 2.452 195664
-0.065 2.452 195754
-0.062 2.452 195844
-0.059 2.452 195934
-0.057 2.452 196024
-0.063 2.452 196114
-0.059 2.452 196204
-0.057 2.452 196294
-0.073 2.452 196384
-0.072 2.441 196474
-0.082 2.441 196564
-0.072 2.444 196654
-0.068 2.444 196744
-0.080 2.429 196834
-0.072 2.429 196924
-0.069 2.429 197014
-0.076 2.429 197104
-0.070 2.429 197194
-0.068 2.429 197284
-0.074 2.429 197374
-0.069 2.429 197464
-0.067 2.429 197554
-0.072 2.429 197644
-0.068 2.429 197734
-0.065 2.417 197824
-0.072 2.429 197914
-0.067 2.417 198004
-0.065 2.417 198094
-0.072 2.417 198184
-0.067 2.417 198274
-0.064 2.417 198364
-0.061 2.417 198454
-0.068 2.417 198544
-0.064 2.417 198634
-0.061 2.412 198724
-0.068 2.406 198814
-0.064 2.406 198904
-0.062 2.406 198994
-0.067 2.406 199084
-0.064 2.406 199174
-0.059 2.406 199264
-0.066 2.406 199354
-0.063 2.394 199444
-0.060 2.394 199534
-0.065 2.394 199624
-0.062 2.394 199714
-0.057 2.394 199804
-0.064 2.394 199894
-0.072 2.394 199984
-0.085 2.382 200074
-0.077 2.382 200164
-0.072 2.382 200254
-0.080 2.397 200344
-0.074 2.382 200434
-0.071 2.382 200524
-0.069 2.382 200614
-0.075 2.382 200704
-0.069 2.382 200794
-0.068 2.382 200884
-0.075 2.371 200974
-0.069 2.371 201064
-0.067 2.371 201154
-0.074 2.371 201244
-0.068 2.371 201334
-0.067 2.371 201424
-0.073 2.371 201514
-0.067 2.371 201604
-0.066 2.371 201694
-0.072 2.371 201784
-0.061 2.359 201874
-0.061 2.359 201964
-0.068 2.359 202054
-0.064 2.359 202144
-0.063 2.359 202234
-0.068 2.359 202324
-0.065 2.359 202414
-0.063 2.359 202504
-0.068 2.359 202594
-0.064 2.347 202684
-0.062 2.359 202774
-0.067 2.359 202864
-0.063 2.347 202954
-0.062 2.347 203044
-0.058 2.347 203134
-0.065 2.347 203224
-0.062 2.336 203314
-0.058 2.336 203404
-0.064 2.336 203494
-0.074 2.336 203584
-0.084 2.336 203674
-0.076 2.336 203764
-0.070 2.350 203854
-0.078 2.333 203944
-0.075 2.336 204034
-0.072 2.336 204124
-0.080 2.336 204214
-0.074 2.336 204304
-0.070 2.330 204394
-0.077 2.324 204484
-0.072 2.324 204574
-0.069 2.324 204664
-0.075 2.324 204754
-0.071 2.324 204844
-0.067 2.324 204934
-0.073 2.324 205024
-0.069 2.324 205114
-0.066 2.324 205204
-0.065 2.318 205294
-0.072 2.318 205384
-0.067 2.312 205474
-0.065 2.312 205564
-0.070 2.312 205654
-0.066 2.312 205744
-0.064 2.312 205834
-0.069 2.312 205924
-0.065 2.312 206014
-0.063 2.307 206104
-0.068 2.301 206194
-0.064 2.301 206284
-0.062 2.301 206374
-0.068 2.301 206464
-0.064 2.289 206554
-0.062 2.289 206644
-0.067 2.289 206734
-0.064 2.289 206824
-0.062 2.289 206914
-0.066 2.289 207004
-0.063 2.289 207094
-0.086 2.289 207184
-0.078 2.289 207274
-0.074 2.289 207364
-0.081 2.280 207454
-0.075 2.289 207544
-0.072 2.277 207634
-0.069 2.277 207724
-0.078 2.277 207814
-0.073 2.277 207904
-0.069 2.277 207994
-0.076 2.277 208084
-0.072 2.277 208174
-0.067 2.266 208264
-0.075 2.277 208354
-0.070 2.266 208444
-0.067 2.277 208534
-0.074 2.266 208624
-0.070 2.266 208714
-0.067 2.266 208804
-0.074 2.266 208894
-0.069 2.266 208984
-0.066 2.254 209074
-0.072 2.254 209164
-0.068 2.254 209254
-0.064 2.254 209344
-0.071 2.254 209434
-0.067 2.254 209524
-0.064 2.254 209614
-0.070 2.242 209704
-0.067 2.242 209794
-0.063 2.242 209884
-0.063 2.242 209974
-0.067 2.242 210064
-0.063 2.242 210154
-0.061 2.242 210244
-0.067 2.242 210334
-0.062 2.242 210424
-0.060 2.242 210514
-0.066 2.242 210604
-0.063 2.237 210694
-0.086 2.231 210784
-0.078 2.231 210874
-0.075 2.231 210964
-0.082 2.234 211054
-0.074 2.234 211144
-0.074 2.231 211234
-0.081 2.231 211324
-0.074 2.225 211414
-0.072 2.225 211504
-0.080 2.225 211594
-0.073 2.225 211684
-0.072 2.219 211774
-0.076 2.225 211864
-0.072 2.219 211954
-0.069 2.219 212044
-0.067 2.219 212134
-0.072 2.219 212224
-0.069 2.219 212314
-0.066 2.207 212404
-0.072 2.207 212494
-0.069 2.207 212584
-0.065 2.207 212674
-0.072 2.196 212764
-0.068 2.196 212854
-0.065 2.196 212944
-0.071 2.196 213034
-0.067 2.196 213124
-0.064 2.196 213214
-0.070 2.196 213304
-0.066 2.196 213394
-0.064 2.196 213484
-0.068 2.196 213574
-0.066 2.196 213664
-0.063 2.196 213754
-0.068 2.184 213844
-0.066 2.184 213934
-0.062 2.184 214024
-0.067 2.184 214114
-0.065 2.184 214204
-0.063 2.196 214294
-0.080 2.184 214384
-0.075 2.184 214474
-0.073 2.172 214564
-0.081 2.172 214654
-0.073 2.175 214744
-0.072 2.172 214834
-0.081 2.172 214924
-0.074 2.172 215014
-0.071 2.172 215104
-0.078 2.172 215194
-0.073 2.172 215284
-0.070 2.172 215374
-0.077 2.172 215464
-0.072 2.161 215554
-0.069 2.161 215644
-0.075 2.161 215734
-0.071 2.149 215824
-0.068 2.149 215914
-0.075 2.161 216004
-0.069 2.149 216094
-0.067 2.149 216184
-0.073 2.149 216274
-0.069 2.149 216364
-0.067 2.149 216454
-0.072 2.149 216544
-0.067 2.149 216634
-0.065 2.149 216724
-0.062 2.149 216814
-0.069 2.149 216904
-0.065 2.149 216994
-0.062 2.137 217084
-0.069 2.137 217174
-0.065 2.137 217264
-0.063 2.137 217354
-0.068 2.137 217444
-0.065 2.137 217534
-0.062 2.126 217624
-0.066 2.126 217714
-0.064 2.126 217804
-0.068 2.126 217894
-0.080 2.126 217984
-0.074 2.126 218074
-0.085 2.126 218164
-0.075 2.123 218254
-0.070 2.123 218344
-0.082 2.126 218434
-0.075 2.126 218524
-0.071 2.126 218614
-0.078 2.126 218704
-0.073 2.126 218794
-0.070 2.114 218884
-0.078 2.114 218974
-0.073 2.114 219064
-0.069 2.102 219154
-0.068 2.102 219244
-0.074 2.102 219334
-0.069 2.102 219424
-0.068 2.102 219514
-0.074 2.102 219604
-0.069 2.102 219694
-0.066 2.102 219784
-0.072 2.102 219874
-0.068 2.102 219964
-0.066 2.102 220054
-0.072 2.102 220144
-0.067 2.102 220234
-0.065 2.099 220324
-0.071 2.091 220414
-0.066 2.091 220504
-0.064 2.091 220594
-0.069 2.091 220684
-0.066 2.091 220774
-0.064 2.091 220864
-0.067 2.091 220954
-0.065 2.091 221044
-0.063 2.079 221134
-0.068 2.079 221224
-0.064 2.079 221314
-0.062 2.079 221404
-0.072 2.067 221494
-0.080 2.079 221584
-0.075 2.067 221674
-0.084 2.067 221764
-0.076 2.070 221854
-0.074 2.067 221944
-0.081 2.056 222034
-0.075 2.067 222124
-0.072 2.056 222214
-0.080 2.056 222304
-0.074 2.056 222394
-0.071 2.056 222484
-0.077 2.056 222574
-0.073 2.056 222664
-0.069 2.056 222754
-0.075 2.056 222844
-0.072 2.056 222934
-0.068 2.056 223024
-0.072 2.050 223114
-0.069 2.044 223204
-0.067 2.044 223294
-0.074 2.044 223384
-0.069 2.044 223474
-0.067 2.044 223564
-0.072 2.044 223654
-0.069 2.044 223744
-0.066 2.044 223834
-0.064 2.044 223924
-0.069 2.044 224014
-0.065 2.044 224104
-0.063 2.044 224194
-0.069 2.044 224284
-0.066 2.032 224374
-0.064 2.032 224464
-0.069 2.021 224554
-0.065 2.021 224644
-0.062 2.032 224734
-0.068 2.021 224824
-0.065 2.021 224914
-0.062 2.021 225004
-0.075 2.015 225094
-0.077 2.021 225184
-0.086 2.021 225274
-0.076 2.024 225364
-0.073 2.024 225454
-0.082 2.024 225544
-0.076 2.009 225634
-0.073 2.009 225724
-0.082 2.009 225814
-0.075 2.009 225904
-0.072 2.009 225994
-0.069 2.009 226084
-0.076 2.009 226174
-0.072 2.009 226264
-0.067 2.000 226354
-0.074 2.000 226444
-0.072 1.997 226534
-0.066 2.000 226624
-0.075 1.997 226714
-0.071 1.997 226804
-0.067 1.997 226894
-0.073 1.986 226984
-0.069 1.997 227074
-0.066 1.986 227164
-0.070 2.000 227254
-0.066 2.000 227344
-0.064 1.986 227434
-0.072 1.986 227524
-0.067 1.983 227614
-0.065 1.986 227704
-0.070 1.980 227794
-0.067 1.980 227884
-0.062 1.977 227974
-0.068 1.977 228064
-0.066 1.974 228154
-0.063 1.962 228244
-0.068 1.974 228334
-0.066 1.962 228424
-0.062 1.962 228514
-0.058 1.977 228604
-0.075 1.962 228694
-0.077 1.962 228784
-0.085 1.977 228874
-0.076 1.962 228964
-0.074 1.962 229054
-0.083 1.962 229144
-0.074 1.959 229234
-0.071 1.954 229324
-0.081 1.951 229414
-0.073 1.951 229504
-0.072 1.951 229594
-0.078 1.951 229684
-0.073 1.951 229774
-0.069 1.954 229864
-0.077 1.951 229954
-0.072 1.951 230044
-0.069 1.951 230134
-0.076 1.951 230224
-0.070 1.951 230314
-0.068 1.945 230404
-0.072 1.954 230494
-0.069 1.939 230584
-0.067 1.939 230674
-0.063 1.942 230764
-0.069 1.936 230854
-0.066 1.942 230944
-0.064 1.939 231034
-0.070 1.927 231124
-0.067 1.927 231214
-0.064 1.927 231304
-0.069 1.927 231394
-0.067 1.927 231484
-0.064 1.927 231574
-0.068 1.916 231664
-0.064 1.916 231754
-0.062 1.916 231844
-0.067 1.916 231934
-0.064 1.916 232024
-0.062 1.916 232114
-0.066 1.916 232204
-0.075 1.916 232294
-0.086 1.913 232384
-0.078 1.913 232474
-0.073 1.913 232564
-0.083 1.916 232654
-0.078 1.904 232744
-0.074 1.904 232834
-0.071 1.904 232924
-0.078 1.907 233014
-0.072 1.904 233104
-0.071 1.892 233194
-0.078 1.904 233284
-0.071 1.907 233374
-0.069 1.904 233464
-0.076 1.892 233554
-0.071 1.892 233644
-0.066 1.907 233734
-0.074 1.892 233824
-0.070 1.892 233914
-0.067 1.892 234004
-0.072 1.895 234094
-0.069 1.892 234184
-0.067 1.892 234274
-0.072 1.884 234364
-0.068 1.881 234454
-0.066 1.881 234544
-0.072 1.881 234634
-0.067 1.881 234724
-0.065 1.869 234814
-0.072 1.869 234904
-0.067 1.869 234994
-0.064 1.869 235084
-0.070 1.869 235174
-0.066 1.869 235264
-0.063 1.869 235354
-0.060 1.869 235444
-0.065 1.872 235534
-0.064 1.869 235624
-0.061 1.857 235714
-0.066 1.869 235804
-0.063 1.857 235894
-0.082 1.866 235984
-0.074 1.857 236074
-0.070 1.857 236164
-0.078 1.860 236254
-0.074 1.857 236344
-0.070 1.857 236434
-0.081 1.857 236524
-0.074 1.857 236614
-0.070 1.852 236704
-0.078 1.852 236794
-0.072 1.843 236884
-0.069 1.846 236974
-0.076 1.860 237064
-0.072 1.846 237154
-0.068 1.846 237244
-0.075 1.846 237334
-0.069 1.843 237424
-0.067 1.834 237514
-0.065 1.837 237604
-0.071 1.837 237694
-0.068 1.834 237784
-0.064 1.837 237874
-0.070 1.837 237964
-0.067 1.822 238054
-0.064 1.837 238144
-0.070 1.837 238234
-0.067 1.822 238324
-0.064 1.837 238414
-0.069 1.825 238504
-0.066 1.822 238594
-0.064 1.822 238684
-0.069 1.822 238774
-0.066 1.822 238864
-0.063 1.822 238954
-0.067 1.814 239044
-0.064 1.811 239134
-0.063 1.817 239224
-0.067 1.811 239314
-0.064 1.811 239404
-0.087 1.811 239494
-0.077 1.814 239584
-0.076 1.811 239674
-0.085 1.811 239764
-0.075 1.814 239854
-0.072 1.814 239944
-0.071 1.799 240034
-0.075 1.802 240124
-0.072 1.802 240214
-0.070 1.799 240304
-0.076 1.802 240394
-0.072 1.802 240484
-0.068 1.796 240574
-0.077 1.787 240664
-0.072 1.787 240754
-0.069 1.787 240844
-0.075 1.787 240934
-0.072 1.776 241024
-0.068 1.776 241114
-0.072 1.790 241204
-0.070 1.776 241294
-0.065 1.790 241384
-0.071 1.790 241474
-0.068 1.790 241564
-0.065 1.790 241654
-0.072 1.776 241744
-0.068 1.776 241834
-0.064 1.773 241924
-0.069 1.773 242014
-0.068 1.764 242104
-0.062 1.773 242194
-0.059 1.767 242284
-0.066 1.767 242374
-0.065 1.764 242464
-0.062 1.764 242554
-0.068 1.764 242644
-0.064 1.764 242734
-0.062 1.758 242824
-0.067 1.758 242914
-0.063 1.752 243004
-0.086 1.758 243094
-0.078 1.758 243184
-0.075 1.752 243274
-0.084 1.752 243364
-0.077 1.752 243454
-0.074 1.752 243544
-0.083 1.747 243634
-0.075 1.747 243724
-0.072 1.741 243814
-0.081 1.741 243904
-0.074 1.741 243994
-0.071 1.741 244084
-0.078 1.741 244174
-0.072 1.729 244264
-0.069 1.729 244354
-0.076 1.729 244444
-0.069 1.744 244534
-0.067 1.744 244624
-0.066 1.729 244714
-0.073 1.729 244804
-0.067 1.732 244894
-0.064 1.726 244984
-0.072 1.726 245074
-0.067 1.726 245164
-0.066 1.729 245254
-0.072 1.717 245344
-0.068 1.717 245434
-0.064 1.717 245524
-0.072 1.717 245614
-0.068 1.717 245704
-0.064 1.717 245794
-0.070 1.717 245884
-0.066 1.717 245974
-0.063 1.717 246064
-0.069 1.706 246154
-0.066 1.717 246244
-0.063 1.717 246334
-0.069 1.717 246424
-0.065 1.706 246514
-0.062 1.706 246604
-0.081 1.706 246694
-0.076 1.706 246784
-0.072 1.709 246874
-0.084 1.706 246964
-0.074 1.697 247054
-0.072 1.697 247144
-0.082 1.706 247234
-0.074 1.694 247324
-0.072 1.694 247414
-0.080 1.694 247504
-0.072 1.697 247594
-0.072 1.694 247684
-0.076 1.697 247774
-0.072 1.682 247864
-0.070 1.682 247954
-0.076 1.682 248044
-0.070 1.679 248134
-0.069 1.682 248224
-0.075 1.682 248314
-0.070 1.682 248404
-0.067 1.682 248494
-0.074 1.682 248584
-0.068 1.671 248674
-0.067 1.671 248764
-0.072 1.671 248854
-0.068 1.671 248944
-0.066 1.671 249034
-0.069 1.674 249124
-0.067 1.671 249214
-0.065 1.671 249304
-0.063 1.671 249394
-0.067 1.674 249484
-0.065 1.665 249574
-0.063 1.671 249664
-0.068 1.659 249754
-0.065 1.659 249844
-0.063 1.659 249934
-0.066 1.671 250024
-0.065 1.659 250114
-0.062 1.659 250204
-0.082 1.647 250294
-0.075 1.650 250384
-0.084 1.650 250474
-0.079 1.647 250564
-0.074 1.636 250654
-0.080 1.650 250744
-0.075 1.650 250834
-0.070 1.650 250924
-0.081 1.647 251014
-0.075 1.636 251104
-0.070 1.650 251194
-0.080 1.636 251284
-0.074 1.636 251374
-0.068 1.633 251464
-0.068 1.636 251554
-0.075 1.636 251644
-0.068 1.627 251734
-0.068 1.630 251824
-0.072 1.627 251914
-0.070 1.624 252004
-0.065 1.627 252094
-0.074 1.624 252184
-0.067 1.627 252274
-0.066 1.624 252364
-0.073 1.624 252454
-0.068 1.624 252544
-0.066 1.624 252634
-0.072 1.612 252724
-0.067 1.612 252814
-0.064 1.612 252904
-0.066 1.612 252994
-0.063 1.612 253084
-0.061 1.612 253174
-0.067 1.612 253264
-0.064 1.612 253354
-0.059 1.604 253444
-0.066 1.604 253534
-0.063 1.612 253624
-0.062 1.612 253714
-0.062 1.589 253804
-0.078 1.589 253894
-0.074 1.589 253984
-0.085 1.589 254074
-0.078 1.589 254164
-0.072 1.589 254254
-0.084 1.577 254344
-0.076 1.589 254434
-0.071 1.589 254524
-0.080 1.589 254614
-0.072 1.586 254704
-0.070 1.589 254794
-0.076 1.586 254884
-0.072 1.589 254974
-0.068 1.589 255064
-0.074 1.580 255154
-0.072 1.589 255244
-0.068 1.577 255334
-0.074 1.577 255424
-0.070 1.577 255514
-0.065 1.580 255604
-0.074 1.577 255694
-0.070 1.577 255784
-0.066 1.577 255874
-0.072 1.577 255964
-0.067 1.569 256054
-0.065 1.566 256144
-0.062 1.569 256234
-0.070 1.566 256324
-0.065 1.566 256414
-0.064 1.566 256504
-0.069 1.566 256594
-0.065 1.554 256684
-0.063 1.566 256774
-0.068 1.566 256864
-0.064 1.560 256954
-0.062 1.554 257044
-0.067 1.542 257134
-0.062 1.554 257224
-0.061 1.542 257314
-0.071 1.542 257404
-0.075 1.557 257494
-0.085 1.557 257584
-0.076 1.554 257674
-0.075 1.542 257764
-0.084 1.542 257854
-0.076 1.542 257944
-0.073 1.542 258034
-0.081 1.542 258124
-0.074 1.531 258214
-0.070 1.534 258304
-0.069 1.531 258394
-0.074 1.534 258484
-0.070 1.534 258574
-0.069 1.531 258664
-0.074 1.534 258754
-0.070 1.534 258844
-0.068 1.531 258934
-0.074 1.519 259024
-0.071 1.519 259114
-0.067 1.519 259204
-0.070 1.522 259294
-0.069 1.519 259384
-0.067 1.519 259474
-0.070 1.522 259564
-0.068 1.519 259654
-0.064 1.510 259744
-0.072 1.513 259834
-0.066 1.510 259924
-0.063 1.510 260014
-0.068 1.510 260104
-0.065 1.510 260194
-0.062 1.510 260284
-0.067 1.510 260374
-0.064 1.510 260464
-0.064 1.496 260554
-0.068 1.496 260644
-0.065 1.496 260734
-0.062 1.496 260824
-0.059 1.496 260914
-0.072 1.496 261004
-0.076 1.496 261094
-0.086 1.496 261184
-0.077 1.496 261274
-0.071 1.487 261364
-0.083 1.484 261454
-0.075 1.484 261544
-0.072 1.484 261634
-0.081 1.484 261724
-0.074 1.484 261814
-0.072 1.484 261904
-0.080 1.484 261994
-0.071 1.487 262084
-0.071 1.484 262174
-0.078 1.484 262264
-0.072 1.478 262354
-0.069 1.472 262444
-0.074 1.469 262534
-0.071 1.472 262624
-0.069 1.472 262714
-0.072 1.469 262804
-0.070 1.467 262894
-0.067 1.467 262984
-0.063 1.464 263074
-0.072 1.461 263164
-0.067 1.461 263254
-0.064 1.461 263344
-0.069 1.464 263434
-0.067 1.449 263524
-0.064 1.449 263614
-0.070 1.449 263704
-0.066 1.449 263794
-0.062 1.452 263884
-0.068 1.446 263974
-0.064 1.464 264064
-0.063 1.449 264154
-0.068 1.449 264244
-0.065 1.449 264334
-0.063 1.449 264424
-0.067 1.449 264514
-0.072 1.443 264604
-0.089 1.437 264694
-0.080 1.437 264784
-0.075 1.437 264874
-0.084 1.437 264964
-0.077 1.437 265054
-0.073 1.437 265144
-0.081 1.440 265234
-0.076 1.426 265324
-0.072 1.426 265414
-0.069 1.426 265504
-0.075 1.440 265594
-0.069 1.426 265684
-0.067 1.429 265774
-0.076 1.426 265864
-0.070 1.426 265954
-0.068 1.414 266044
-0.075 1.414 266134
-0.070 1.414 266224
-0.068 1.414 266314
-0.072 1.417 266404
-0.067 1.417 266494
-0.067 1.414 266584
-0.072 1.402 266674
-0.066 1.417 266764
-0.066 1.402 266854
-0.072 1.402 266944
-0.067 1.402 267034
-0.065 1.402 267124
-0.071 1.402 267214
-0.066 1.402 267304
-0.065 1.402 267394
-0.070 1.402 267484
-0.064 1.394 267574
-0.063 1.397 267664
-0.059 1.394 267754
-0.066 1.391 267844
-0.063 1.391 267934
-0.061 1.391 268024
-0.066 1.391 268114
-0.072 1.391 268204
-0.088 1.391 268294
-0.080 1.391 268384
-0.074 1.376 268474
-0.081 1.376 268564
-0.076 1.376 268654
-0.073 1.379 268744
-0.081 1.379 268834
-0.075 1.379 268924
-0.072 1.379 269014
-0.079 1.379 269104
-0.074 1.379 269194
-0.070 1.376 269284
-0.075 1.370 269374
-0.070 1.370 269464
-0.069 1.367 269554
-0.074 1.370 269644
-0.069 1.370 269734
-0.066 1.370 269824
-0.066 1.356 269914
-0.066 1.356 270004
-0.061 1.370 270094
-0.062 1.356 270184
-0.068 1.356 270274
-0.066 1.356 270364
-0.061 1.353 270454
-0.069 1.356 270544
-0.066 1.356 270634
-0.062 1.347 270724
-0.068 1.347 270814
-0.065 1.356 270904
-0.063 1.344 270994
-0.068 1.344 271084
-0.066 1.344 271174
-0.060 1.347 271264
-0.068 1.344 271354
-0.064 1.344 271444
-0.060 1.347 271534
-0.065 1.347 271624
-0.064 1.332 271714
-0.083 1.332 271804
-0.080 1.332 271894
-0.075 1.332 271984
-0.084 1.332 272074
-0.077 1.332 272164
-0.074 1.332 272254
-0.071 1.321 272344
-0.081 1.327 272434
-0.074 1.321 272524
-0.071 1.321 272614
-0.078 1.321 272704
-0.072 1.324 272794
-0.069 1.321 272884
-0.077 1.309 272974
-0.070 1.324 273064
-0.068 1.309 273154
-0.075 1.309 273244
-0.069 1.312 273334
-0.068 1.309 273424
-0.075 1.309 273514
-0.070 1.309 273604
-0.067 1.309 273694
-0.072 1.309 273784
-0.069 1.303 273874
-0.064 1.306 273964
-0.070 1.300 274054
-0.067 1.297 274144
-0.063 1.297 274234
-0.068 1.300 274324
-0.066 1.297 274414
-0.063 1.297 274504
-0.059 1.300 274594
-0.068 1.292 274684
-0.064 1.286 274774
-0.062 1.292 274864
-0.066 1.300 274954
-0.064 1.286 275044
-0.062 1.286 275134
-0.065 1.283 275224
-0.063 1.286 275314
-0.085 1.286 275404
-0.080 1.286 275494
-0.074 1.277 275584
-0.085 1.274 275674
-0.077 1.274 275764
-0.074 1.274 275854
-0.083 1.274 275944
-0.075 1.262 276034
-0.072 1.262 276124
-0.080 1.262 276214
-0.073 1.262 276304
-0.070 1.262 276394
-0.076 1.277 276484
-0.072 1.262 276574
-0.070 1.262 276664
-0.074 1.259 276754
-0.071 1.262 276844
-0.068 1.262 276934
-0.066 1.262 277024
-0.072 1.257 277114
-0.068 1.257 277204
-0.066 1.251 277294
-0.072 1.251 277384
-0.068 1.251 277474
-0.065 1.251 277564
-0.071 1.251 277654
-0.066 1.254 277744
-0.063 1.254 277834
-0.068 1.254 277924
-0.065 1.242 278014
-0.064 1.239 278104
-0.069 1.239 278194
-0.065 1.239 278284
-0.063 1.239 278374
-0.068 1.239 278464
-0.065 1.239 278554
-0.062 1.239 278644
-0.067 1.227 278734
-0.064 1.227 278824
-0.061 1.227 278914
-0.080 1.227 279004
-0.074 1.230 279094
-0.074 1.216 279184
-0.084 1.216 279274
-0.075 1.216 279364
-0.072 1.216 279454
-0.082 1.216 279544
-0.074 1.216 279634
-0.072 1.216 279724
-0.078 1.230 279814
-0.074 1.216 279904
-0.071 1.216 279994
-0.078 1.216 280084
-0.073 1.204 280174
-0.067 1.213 280264
-0.076 1.204 280354
-0.071 1.204 280444
-0.068 1.204 280534
-0.074 1.204 280624
-0.070 1.204 280714
-0.067 1.198 280804
-0.074 1.201 280894
-0.067 1.207 280984
-0.066 1.198 281074
-0.072 1.192 281164
-0.066 1.195 281254
-0.065 1.192 281344
-0.071 1.192 281434
-0.067 1.192 281524
-0.064 1.192 281614
-0.063 1.187 281704
-0.068 1.181 281794
-0.065 1.187 281884
-0.060 1.184 281974
-0.068 1.181 282064
-0.064 1.181 282154
-0.062 1.181 282244
-0.067 1.181 282334
-0.064 1.169 282424
-0.061 1.169 282514
-0.079 1.169 282604
-0.074 1.169 282694
-0.085 1.169 282784
-0.075 1.166 282874
-0.073 1.169 282964
-0.083 1.169 283054
-0.075 1.169 283144
-0.072 1.157 283234
-0.078 1.160 283324
-0.075 1.163 283414
-0.071 1.157 283504
-0.079 1.157 283594
-0.074 1.157 283684
-0.069 1.157 283774
-0.065 1.160 283864
-0.075 1.157 283954
-0.068 1.160 284044
-0.067 1.146 284134
-0.072 1.149 284224
-0.069 1.146 284314
-0.067 1.146 284404
-0.073 1.146 284494
-0.068 1.146 284584
-0.065 1.146 284674
-0.072 1.146 284764
-0.066 1.140 284854
-0.065 1.134 284944
-0.072 1.134 285034
-0.067 1.134 285124
-0.065 1.122 285214
-0.070 1.122 285304
-0.065 1.134 285394
-0.063 1.134 285484
-0.068 1.122 285574
-0.064 1.122 285664
-0.062 1.122 285754
-0.067 1.122 285844
-0.063 1.122 285934
-0.061 1.122 286024
-0.067 1.122 286114
-0.077 1.122 286204
-0.073 1.122 286294
-0.083 1.122 286384
-0.076 1.119 286474
-0.073 1.111 286564
-0.082 1.111 286654
-0.074 1.111 286744
-0.069 1.114 286834
-0.072 1.111 286924
-0.067 1.114 287014
-0.067 1.111 287104
-0.075 1.111 287194
-0.071 1.111 287284
-0.067 1.111 287374
-0.073 1.102 287464
-0.068 1.096 287554
-0.067 1.099 287644
-0.072 1.096 287734
-0.066 1.114 287824
-0.066 1.099 287914
-0.072 1.099 288004
-0.067 1.090 288094
-0.064 1.090 288184
-0.072 1.087 288274
-0.068 1.087 288364
-0.065 1.087 288454
-0.063 1.087 288544
-0.069 1.087 288634
-0.066 1.076 288724
-0.063 1.076 288814
-0.067 1.090 288904
-0.065 1.076 288994
-0.062 1.076 289084
-0.067 1.076 289174
-0.063 1.079 289264
-0.062 1.076 289354
-0.067 1.076 289444
-0.062 1.073 289534
-0.061 1.070 289624
-0.066 1.064 289714
-0.076 1.064 289804
-0.085 1.067 289894
-0.078 1.064 289984
-0.074 1.064 290074
-0.084 1.064 290164
-0.076 1.064 290254
-0.071 1.067 290344
-0.081 1.064 290434
-0.072 1.067 290524
-0.071 1.052 290614
-0.066 1.055 290704
-0.076 1.052 290794
-0.072 1.052 290884
-0.068 1.052 290974
-0.074 1.052 291064
-0.071 1.041 291154
-0.064 1.044 291244
-0.073 1.047 291334
-0.068 1.052 291424
-0.064 1.044 291514
-0.072 1.041 291604
-0.066 1.044 291694
-0.065 1.041 291784
-0.072 1.041 291874
-0.067 1.029 291964
-0.064 1.029 292054
-0.070 1.029 292144
-0.064 1.044 292234
-0.063 1.029 292324
-0.068 1.029 292414
-0.066 1.029 292504
-0.059 1.026 292594
-0.068 1.029 292684
-0.062 1.026 292774
-0.062 1.017 292864
-0.067 1.029 292954
-0.062 1.020 293044
-0.058 1.020 293134
-0.058 1.017 293224
-0.065 1.017 293314
-0.075 1.017 293404
-0.086 1.017 293494
-0.076 1.017 293584
-0.071 1.020 293674
-0.081 1.020 293764
-0.073 1.020 293854
-0.070 1.003 293944
-0.078 1.003 294034
-0.071 1.003 294124
-0.069 1.003 294214
-0.075 1.003 294304
-0.072 1.006 294394
-0.068 1.006 294484
-0.074 0.997 294574
-0.072 0.994 294664
-0.066 0.997 294754
-0.075 0.994 294844
-0.069 0.982 294934
-0.065 0.997 295024
-0.074 0.982 295114
-0.067 0.997 295204
-0.066 0.982 295294
-0.064 0.982 295384
-0.069 0.982 295474
-0.066 0.982 295564
-0.063 0.982 295654
-0.067 0.979 295744
-0.066 0.982 295834
-0.063 0.977 295924
-0.069 0.977 296014
-0.066 0.971 296104
-0.063 0.971 296194
-0.068 0.971 296284
-0.065 0.971 296374
-0.062 0.971 296464
-0.067 0.971 296554
-0.064 0.971 296644
-0.061 0.959 296734
-0.066 0.959 296824
-0.067 0.959 296914
-0.087 0.959 297004
-0.080 0.959 297094
-0.073 0.962 297184
-0.082 0.962 297274
-0.074 0.956 297364
-0.072 0.959 297454
-0.080 0.953 297544
-0.074 0.947 297634
-0.072 0.947 297724
-0.068 0.947 297814
-0.076 0.936 297904
-0.072 0.936 297994
-0.068 0.936 298084
-0.076 0.936 298174
-0.071 0.936 298264
-0.068 0.936 298354
-0.074 0.936 298444
-0.069 0.936 298534
-0.066 0.936 298624
-0.074 0.936 298714
-0.069 0.933 298804
-0.065 0.933 298894
-0.072 0.924 298984
-0.067 0.924 299074
-0.065 0.924 299164
-0.069 0.927 299254
-0.065 0.927 299344
-0.064 0.924 299434
-0.069 0.924 299524
-0.066 0.924 299614
-0.062 0.927 299704
-0.067 0.918 299794
-0.064 0.918 299884
-0.059 0.927 299974
-0.058 0.912 300064
-0.064 0.909 300154
-0.062 0.912 300244
-0.059 0.912 300334
-0.065 0.907 300424
-0.068 0.909 300514
-0.087 0.912 300604
-0.076 0.904 300694
-0.072 0.904 300784
-0.082 0.904 300874
-0.074 0.904 300964
-0.072 0.889 301054
-0.081 0.889 301144
-0.074 0.889 301234
-0.070 0.889 301324
-0.079 0.889 301414
-0.073 0.889 301504
-0.069 0.889 301594
-0.077 0.889 301684
-0.072 0.889 301774
-0.066 0.886 301864
-0.074 0.886 301954
-0.071 0.883 302044
-0.067 0.886 302134
-0.072 0.880 302224
-0.069 0.877 302314
-0.066 0.877 302404
-0.064 0.877 302494
-0.071 0.877 302584
-0.066 0.877 302674
-0.064 0.877 302764
-0.069 0.866 302854
-0.064 0.880 302944
-0.063 0.866 303034
-0.069 0.866 303124
-0.064 0.869 303214
-0.063 0.866 303304
-0.067 0.866 303394
-0.064 0.866 303484
-0.062 0.866 303574
-0.066 0.863 303664
-0.063 0.860 303754
-0.061 0.860 303844
-0.066 0.842 303934
-0.057 0.854 304024
-0.073 0.854 304114
-0.076 0.854 304204
-0.073 0.842 304294
-0.081 0.857 304384
-0.075 0.842 304474
-0.070 0.857 304564
-0.067 0.857 304654
-0.078 0.842 304744
-0.070 0.845 304834
-0.069 0.842 304924
-0.076 0.842 305014
-0.070 0.839 305104
-0.067 0.839 305194
-0.074 0.839 305284
-0.071 0.831 305374
-0.066 0.834 305464
-0.074 0.831 305554
-0.069 0.831 305644
-0.066 0.831 305734
-0.073 0.831 305824
-0.067 0.834 305914
-0.066 0.825 306004
-0.072 0.819 306094
-0.068 0.825 306184
-0.065 0.819 306274
-0.068 0.822 306364
-0.066 0.819 306454
-0.064 0.819 306544
-0.068 0.816 306634
-0.065 0.816 306724
-0.062 0.810 306814
-0.068 0.807 306904
-0.065 0.807 306994
-0.062 0.807 307084
-0.060 0.796 307174
-0.064 0.810 307264
-0.062 0.807 307354
-0.059 0.796 307444
-0.066 0.796 307534
-0.062 0.796 307624
-0.078 0.796 307714
-0.076 0.810 307804
-0.074 0.796 307894
-0.082 0.799 307984
-0.075 0.796 308074
-0.071 0.793 308164
-0.080 0.796 308254
-0.073 0.790 308344
-0.070 0.796 308434
-0.076 0.793 308524
-0.072 0.784 308614
-0.069 0.784 308704
-0.077 0.784 308794
-0.072 0.784 308884
-0.069 0.772 308974
-0.074 0.787 309064
-0.070 0.772 309154
-0.066 0.787 309244
-0.065 0.772 309334
-0.072 0.772 309424
-0.066 0.775 309514
-0.064 0.772 309604
-0.071 0.772 309694
-0.065 0.769 309784
-0.063 0.769 309874
-0.069 0.769 309964
-0.064 0.769 310054
-0.063 0.761 310144
-0.069 0.761 310234
-0.065 0.761 310324
-0.062 0.761 310414
-0.066 0.764 310504
-0.063 0.764 310594
-0.059 0.764 310684
-0.067 0.749 310774
-0.064 0.749 310864
-0.059 0.764 310954
-0.066 0.749 311044
-0.063 0.749 311134
-0.059 0.749 311224
-0.076 0.749 311314
-0.073 0.746 311404
-0.072 0.749 311494
-0.082 0.749 311584
-0.074 0.737 311674
-0.070 0.740 311764
-0.078 0.740 311854
-0.073 0.737 311944
-0.070 0.737 312034
-0.076 0.740 312124
-0.072 0.737 312214
-0.067 0.740 312304
-0.074 0.740 312394
-0.068 0.723 312484
-0.068 0.726 312574
-0.075 0.726 312664
-0.069 0.726 312754
-0.065 0.723 312844
-0.074 0.720 312934
-0.068 0.714 313024
-0.066 0.720 313114
-0.072 0.714 313204
-0.067 0.714 313294
-0.065 0.714 313384
-0.070 0.714 313474
-0.067 0.714 313564
-0.064 0.702 313654
-0.068 0.717 313744
-0.064 0.717 313834
-0.063 0.702 313924
-0.060 0.702 314014
-0.066 0.702 314104
-0.063 0.702 314194
-0.061 0.702 314284
-0.064 0.705 314374
-0.063 0.702 314464
-0.058 0.699 314554
-0.065 0.702 314644
-0.062 0.691 314734
-0.059 0.691 314824
-0.076 0.691 314914
-0.074 0.691 315004
-0.083 0.694 315094
-0.075 0.694 315184
-0.072 0.679 315274
-0.081 0.694 315364
-0.074 0.679 315454
-0.069 0.694 315544
-0.078 0.679 315634
-0.072 0.682 315724
-0.068 0.682 315814
-0.077 0.679 315904
-0.072 0.679 315994
-0.066 0.676 316084
-0.065 0.676 316174
-0.073 0.676 316264
-0.069 0.667 316354
-0.066 0.667 316444
-0.072 0.667 316534
-0.066 0.670 316624
-0.065 0.667 316714
-0.070 0.656 316804
-0.067 0.656 316894
-0.062 0.670 316984
-0.070 0.656 317074
-0.064 0.670 317164
-0.064 0.656 317254
-0.069 0.656 317344
-0.065 0.656 317434
-0.063 0.656 317524
-0.066 0.659 317614
-0.064 0.656 317704
-0.062 0.644 317794
-0.067 0.650 317884
-0.062 0.647 317974
-0.061 0.644 318064
-0.064 0.647 318154
-0.063 0.644 318244
-0.059 0.644 318334
-0.065 0.644 318424
-0.074 0.644 318514
-0.072 0.644 318604
-0.083 0.632 318694
-0.074 0.632 318784
-0.071 0.632 318874
-0.078 0.629 318964
-0.073 0.632 319054
-0.070 0.632 319144
-0.078 0.632 319234
-0.072 0.627 319324
-0.070 0.632 319414
-0.076 0.627 319504
-0.072 0.621 319594
-0.068 0.621 319684
-0.075 0.621 319774
-0.069 0.621 319864
-0.067 0.609 319954
-0.073 0.609 320044
-0.069 0.609 320134
-0.066 0.609 320224
-0.072 0.609 320314
-0.068 0.609 320404
-0.065 0.609 320494
-0.071 0.609 320584
-0.067 0.609 320674
-0.062 0.606 320764
-0.062 0.609 320854
-0.067 0.597 320944
-0.058 0.597 321034
-0.057 0.597 321124
-0.063 0.600 321214
-0.061 0.597 321304
-0.059 0.597 321394
-0.065 0.597 321484
-0.062 0.597 321574
-0.059 0.597 321664
-0.065 0.586 321754
-0.061 0.597 321844
-0.057 0.589 321934
-0.064 0.586 322024
-0.074 0.597 322114
-0.086 0.586 322204
-0.075 0.583 322294
-0.073 0.586 322384
-0.081 0.589 322474
-0.073 0.577 322564
-0.072 0.580 322654
-0.080 0.580 322744
-0.072 0.574 322834
-0.069 0.574 322924
-0.076 0.562 323014
-0.072 0.562 323104
-0.068 0.562 323194
-0.066 0.562 323284
-0.073 0.562 323374
-0.069 0.562 323464
-0.065 0.562 323554
-0.072 0.562 323644
-0.066 0.559 323734
-0.064 0.559 323824
-0.072 0.562 323914
-0.067 0.562 324004
-0.064 0.562 324094
-0.072 0.551 324184
-0.066 0.551 324274
-0.064 0.551 324364
-0.068 0.551 324454
-0.064 0.562 324544
-0.062 0.551 324634
-0.068 0.545 324724
-0.063 0.554 324814
-0.062 0.551 324904
-0.067 0.545 324994
-0.063 0.545 325084
-0.058 0.554 325174
-0.064 0.536 325264
-0.062 0.539 325354
-0.059 0.539 325444
-0.057 0.539 325534
-0.062 0.536 325624
-0.073 0.527 325714
-0.085 0.527 325804
-0.075 0.533 325894
-0.072 0.527 325984
-0.081 0.527 326074
-0.074 0.527 326164
-0.070 0.516 326254
-0.079 0.516 326344
-0.071 0.530 326434
-0.069 0.516 326524
-0.077 0.516 326614
-0.071 0.516 326704
-0.066 0.513 326794
-0.074 0.516 326884
-0.070 0.510 326974
-0.066 0.507 327064
-0.073 0.516 327154
-0.068 0.516 327244
-0.065 0.504 327334
-0.072 0.504 327424
-0.068 0.504 327514
-0.065 0.504 327604
-0.071 0.504 327694
-0.065 0.504 327784
-0.063 0.495 327874
-0.061 0.492 327964
-0.067 0.492 328054
-0.064 0.504 328144
-0.060 0.504 328234
-0.067 0.492 328324
-0.063 0.492 328414
-0.059 0.492 328504
-0.066 0.492 328594
-0.063 0.492 328684
-0.059 0.492 328774
-0.065 0.492 328864
-0.062 0.492 328954
-0.058 0.481 329044
-0.065 0.487 329134
-0.058 0.484 329224
-0.084 0.481 329314
-0.074 0.484 329404
-0.072 0.481 329494
-0.081 0.484 329584
-0.074 0.469 329674
-0.071 0.469 329764
-0.079 0.469 329854
-0.072 0.469 329944
-0.067 0.472 330034
-0.066 0.469 330124
-0.072 0.466 330214
-0.069 0.469 330304
-0.067 0.469 330394
-0.074 0.457 330484
-0.067 0.460 330574
-0.065 0.457 330664
-0.073 0.463 330754
-0.067 0.457 330844
-0.065 0.452 330934
-0.072 0.457 331024
-0.068 0.457 331114
-0.063 0.457 331204
-0.071 0.446 331294
-0.064 0.449 331384
-0.063 0.446 331474
-0.067 0.449 331564
-0.064 0.446 331654
-0.059 0.443 331744
-0.068 0.446 331834
-0.062 0.437 331924
-0.062 0.434 332014
-0.067 0.440 332104
-0.063 0.434 332194
-0.058 0.437 332284
-0.058 0.434 332374
-0.064 0.422 332464
-0.059 0.437 332554
-0.058 0.422 332644
-0.064 0.422 332734
-0.062 0.422 332824
-0.085 0.422 332914
-0.076 0.422 333004
-0.072 0.422 333094
-0.082 0.422 333184
-0.072 0.419 333274
-0.072 0.417 333364
-0.078 0.414 333454
-0.073 0.411 333544
-0.069 0.411 333634
-0.075 0.411 333724
-0.068 0.414 333814
-0.067 0.411 333904
-0.074 0.411 333994
-0.069 0.411 334084
-0.066 0.411 334174
-0.072 0.402 334264
-0.068 0.399 334354
-0.066 0.399 334444
-0.072 0.399 334534
-0.067 0.399 334624
-0.065 0.399 334714
-0.059 0.396 334804
-0.068 0.399 334894
-0.063 0.396 334984
-0.062 0.393 335074
-0.066 0.396 335164
-0.064 0.387 335254
-0.062 0.387 335344
-0.068 0.376 335434
-0.064 0.387 335524
-0.062 0.376 335614
-0.067 0.376 335704
-0.063 0.376 335794
-0.059 0.376 335884
-0.065 0.376 335974
-0.059 0.373 336064
-0.058 0.376 336154
-0.065 0.376 336244
-0.060 0.376 336334
-0.067 0.376 336424
-0.077 0.373 336514
-0.072 0.367 336604
-0.084 0.364 336694
-0.072 0.367 336784
-0.072 0.364 336874
-0.069 0.364 336964
-0.077 0.364 337054
-0.072 0.364 337144
-0.068 0.358 337234
-0.076 0.358 337324
-0.071 0.352 337414
-0.067 0.352 337504
-0.074 0.352 337594
-0.069 0.352 337684
-0.066 0.352 337774
-0.072 0.352 337864
-0.068 0.352 337954
-0.062 0.341 338044
-0.069 0.341 338134
-0.066 0.341 338224
-0.063 0.341 338314
-0.069 0.341 338404
-0.065 0.341 338494
-0.062 0.344 338584
-0.068 0.329 338674
-0.065 0.329 338764
-0.062 0.329 338854
-0.067 0.329 338944
-0.063 0.332 339034
-0.061 0.329 339124
-0.068 0.323 339214
-0.062 0.326 339304
-0.058 0.326 339394
-0.057 0.329 339484
-0.063 0.329 339574
-0.060 0.323 339664
-0.058 0.323 339754
-0.062 0.320 339844
-0.059 0.317 339934
-0.070 0.317 340024
-0.076 0.317 340114
-0.072 0.320 340204
-0.082 0.317 340294
-0.074 0.312 340384
-0.071 0.306 340474
-0.078 0.320 340564
-0.070 0.309 340654
-0.069 0.306 340744
-0.077 0.306 340834
-0.069 0.309 340924
-0.067 0.306 341014
-0.074 0.309 341104
-0.069 0.300 341194
-0.066 0.306 341284
-0.073 0.294 341374
-0.068 0.294 341464
-0.065 0.294 341554
-0.063 0.294 341644
-0.069 0.294 341734
-0.065 0.294 341824
-0.061 0.297 341914
-0.070 0.282 342004
-0.065 0.294 342094
-0.062 0.282 342184
-0.068 0.282 342274
-0.064 0.282 342364
-0.060 0.282 342454
-0.065 0.279 342544
-0.064 0.277 342634
-0.057 0.279 342724
-0.067 0.282 342814
-0.062 0.277 342904
-0.058 0.277 342994
-0.065 0.271 343084
-0.061 0.271 343174
-0.058 0.271 343264
-0.063 0.274 343354
-0.060 0.271 343444
-0.057 0.265 343534
-0.072 0.259 343624
-0.074 0.259 343714
-0.082 0.259 343804
-0.074 0.259 343894
-0.071 0.259 343984
-0.068 0.259 344074
-0.075 0.256 344164
-0.071 0.253 344254
-0.067 0.253 344344
-0.075 0.253 344434
-0.070 0.247 344524
-0.066 0.247 344614
-0.072 0.250 344704
-0.067 0.250 344794
-0.065 0.247 344884
-0.072 0.236 344974
-0.068 0.236 345064
-0.065 0.236 345154
-0.071 0.236 345244
-0.065 0.250 345334
-0.064 0.236 345424
-0.068 0.239 345514
-0.064 0.239 345604
-0.062 0.236 345694
-0.067 0.233 345784
-0.063 0.233 345874
-0.062 0.230 345964
-0.068 0.224 346054
-0.064 0.224 346144
-0.061 0.224 346234
-0.058 0.224 346324
-0.065 0.212 346414
-0.059 0.227 346504
-0.058 0.221 346594
-0.063 0.227 346684
-0.060 0.212 346774
-0.057 0.212 346864
-0.063 0.212 346954
-0.059 0.212 347044
-0.057 0.212 347134
-0.072 0.212 347224
-0.073 0.212 347314
-0.083 0.207 347404
-0.074 0.201 347494
-0.069 0.209 347584
-0.078 0.204 347674
-0.072 0.201 347764
-0.069 0.201 347854
-0.077 0.201 347944
-0.071 0.189 348034
-0.067 0.189 348124
-0.074 0.189 348214
-0.069 0.189 348304
-0.064 0.204 348394
-0.074 0.189 348484
-0.068 0.189 348574
-0.063 0.186 348664
-0.062 0.189 348754
-0.070 0.189 348844
-0.064 0.186 348934
-0.063 0.183 349024
-0.068 0.186 349114
-0.065 0.183 349204
-0.061 0.180 349294
-0.068 0.177 349384
-0.062 0.180 349474
-0.061 0.177 349564
-0.067 0.177 349654
-0.063 0.177 349744
-0.059 0.177 349834
-0.066 0.172 349924
-0.063 0.166 350014
-0.057 0.169 350104
-0.064 0.163 350194
-0.059 0.163 350284
-0.057 0.163 350374
-0.064 0.160 350464
-0.060 0.160 350554
-0.058 0.160 350644
-0.063 0.154 350734
-0.069 0.154 350824
-0.070 0.154 350914
-0.081 0.154 351004
-0.072 0.142 351094
-0.069 0.142 351184
-0.077 0.157 351274
-0.072 0.142 351364
-0.068 0.142 351454
-0.075 0.157 351544
-0.068 0.145 351634
-0.065 0.145 351724
-0.072 0.145 351814
-0.069 0.142 351904
-0.064 0.139 351994
-0.072 0.139 352084
-0.068 0.137 352174
-0.063 0.139 352264
-0.072 0.131 352354
-0.065 0.134 352444
-0.064 0.131 352534
-0.070 0.131 352624
-0.065 0.131 352714
-0.063 0.131 352804
-0.069 0.125 352894
-0.064 0.119 352984
-0.062 0.119 353074
-0.057 0.134 353164
-0.066 0.119 353254
-0.062 0.119 353344
-0.058 0.119 353434
-0.066 0.119 353524
-0.059 0.116 353614
-0.057 0.116 353704
-0.065 0.119 353794
-0.061 0.113 353884
-0.056 0.110 353974
-0.062 0.110 354064
-0.060 0.107 354154
-0.057 0.107 354244
-0.063 0.096 354334
-0.071 0.096 354424
-0.084 0.096 354514
-0.074 0.110 354604
-0.069 0.110 354694
-0.078 0.099 354784
-0.073 0.096 354874
-0.069 0.096 354964
-0.072 0.096 355054
-0.067 0.096 355144
-0.065 0.096 355234
-0.073 0.096 355324
-0.068 0.090 355414
-0.065 0.084 355504
-0.061 0.087 355594
-0.069 0.087 355684
-0.066 0.084 355774
-0.064 0.084 355864
-0.070 0.084 355954
-0.064 0.087 356044
-0.063 0.084 356134
-0.069 0.078 356224
-0.064 0.087 356314
-0.062 0.078 356404
-0.067 0.075 356494
-0.063 0.075 356584
-0.062 0.072 356674
-0.066 0.075 356764
-0.062 0.075 356854
-0.060 0.067 356944
-0.066 0.067 357034
-0.061 0.064 357124
-0.059 0.061 357214
-0.066 0.061 357304
-0.061 0.061 357394
-0.057 0.064 357484
-0.065 0.061 357574
-0.061 0.049 357664
-0.058 0.049 357754
-0.054 0.052 357844
-0.062 0.049 357934
-0.072 0.049 358024
-0.084 0.049 358114
-0.074 0.049 358204
-0.068 0.046 358294
-0.080 0.049 358384
-0.073 0.043 358474
-0.067 0.040 358564
-0.078 0.043 358654
-0.070 0.040 358744
-0.068 0.037 358834
-0.075 0.043 358924
-0.068 0.040 359014
-0.065 0.040 359104
-0.073 0.037 359194
-0.067 0.026 359284
-0.065 0.026 359374
-0.072 0.026 359464
-0.067 0.026 359554
-0.064 0.026 359644
-0.068 0.029 359734
-0.066 0.026 359824
-0.045 0.026 359914
-0.023 0.026 360004
-0.014 0.020 360094
-0.008 0.026 360184
0.007 0.026 360273
0.009 0.026 360362
0.010 0.026 360451
0.022 0.026 360540
0.020 0.026 360629
0.020 0.026 360718
0.029 0.037 360807
0.026 0.037 360896
0.024 0.026 360985
0.035 0.040 361074
0.032 0.040 361163
0.027 0.043 361252
0.036 0.052 361341
0.032 0.043 361430
0.029 0.049 361519
0.036 0.043 361608
0.035 0.046 361697
0.030 0.049 361786
0.036 0.049 361875
0.034 0.049 361964
0.033 0.052 362053
0.029 0.049 362142
0.034 0.049 362231
0.033 0.049 362320
0.030 0.049 362409
0.038 0.064 362498
0.034 0.049 362587
0.032 0.061 362676
0.041 0.061 362765
0.049 0.064 362854
0.060 0.064 362943
0.049 0.061 363032
0.047 0.064 363121
0.056 0.072 363210
0.052 0.072 363299
0.047 0.067 363388
0.057 0.072 363477
0.051 0.075 363566
0.046 0.072 363655
0.055 0.078 363744
0.049 0.087 363833
0.044 0.084 363922
0.055 0.087 364011
0.049 0.084 364100
0.046 0.087 364189
0.043 0.084 364278
0.052 0.084 364367
0.046 0.084 364456
0.044 0.093 364545
0.045 0.084 364634
0.041 0.078 364723
0.040 0.090 364812
0.051 0.093 364901
0.047 0.099 364990
0.044 0.099 365079
0.051 0.096 365168
0.045 0.096 365257
0.043 0.096 365346
0.050 0.096 365435
0.045 0.096 365524
0.042 0.107 365613
0.051 0.110 365702
0.044 0.107 365791
0.044 0.110 365880
0.050 0.107 365969
0.046 0.110 366058
0.043 0.113 366147
0.049 0.119 366236
0.044 0.119 366325
0.042 0.119 366414
0.049 0.119 366503
0.045 0.122 366592
0.043 0.122 366681
0.040 0.119 366770
0.049 0.122 366859
0.043 0.131 366948
0.039 0.119 367037
0.046 0.131 367126
0.042 0.131 367215
0.040 0.131 367304
0.046 0.131 367393
0.042 0.131 367482
0.039 0.131 367571
0.047 0.137 367660
0.044 0.134 367749
0.042 0.134 367838
0.045 0.142 367927
0.043 0.142 368016
0.038 0.142 368105
0.045 0.142 368194
0.041 0.142 368283
0.038 0.142 368372
0.045 0.145 368461
0.041 0.142 368550
0.041 0.157 368639
0.044 0.142 368728
0.042 0.157 368817
0.038 0.142 368906
0.034 0.154 368995
0.043 0.157 369084
0.049 0.154 369173
0.065 0.157 369262
0.054 0.154 369351
0.040 0.154 369440
0.038 0.157 369529
0.055 0.166 369618
0.053 0.160 369707
0.063 0.160 369796
0.055 0.166 369885
0.052 0.166 369974
0.061 0.180 370063
0.052 0.166 370152
0.051 0.180 370241
0.061 0.172 370330
0.055 0.180 370419
0.050 0.177 370508
0.059 0.177 370597
0.054 0.180 370686
0.049 0.177 370775
0.058 0.180 370864
0.052 0.183 370953
0.047 0.177 371042
0.046 0.186 371131
0.057 0.180 371220
0.051 0.186 371309
0.047 0.189 371398
0.055 0.189 371487
0.050 0.189 371576
0.049 0.192 371665
0.055 0.204 371754
0.049 0.189 371843
0.047 0.204 371932
0.053 0.189 372021
0.051 0.204 372110
0.047 0.204 372199
0.053 0.189 372288
0.049 0.201 372377
0.045 0.201 372466
0.052 0.209 372555
0.047 0.207 372644
0.046 0.204 372733
0.053 0.209 372822
0.049 0.215 372911
0.047 0.215 373000
0.053 0.215 373089
0.049 0.215 373178
0.044 0.212 373267
0.051 0.212 373356
0.047 0.227 373445
0.044 0.227 373534
0.041 0.224 373623
0.049 0.227 373712
0.044 0.224 373801
0.043 0.224 373890
0.051 0.227 373979
0.046 0.227 374068
0.044 0.227 374157
0.049 0.230 374246
0.045 0.230 374335
0.043 0.233 374424
0.047 0.236 374513
0.043 0.236 374602
0.041 0.236 374691
0.049 0.236 374780
0.044 0.236 374869
0.042 0.236 374958
0.047 0.236 375047
0.044 0.236 375136
0.041 0.236 375225
0.046 0.247 375314
0.043 0.247 375403
0.042 0.250 375492
0.057 0.247 375581
0.043 0.247 375670
0.042 0.250 375759
0.038 0.253 375848
0.049 0.253 375937
0.057 0.256 376026
0.066 0.259 376115
0.059 0.256 376204
0.054 0.259 376293
0.064 0.256 376382
0.055 0.259 376471
0.057 0.259 376560
0.064 0.259 376649
0.059 0.259 376738
0.054 0.271 376827
0.062 0.271 376916
0.055 0.271 377005
0.053 0.274 377094
0.061 0.274 377183
0.055 0.274 377272
0.053 0.274 377361
0.060 0.277 377450
0.055 0.274 377539
0.053 0.279 377628
0.058 0.282 377717
0.053 0.282 377806
0.050 0.282 377895
0.057 0.282 377984
0.052 0.282 378073
0.051 0.297 378162
0.047 0.297 378251
0.057 0.297 378340
0.053 0.297 378429
0.049 0.294 378518
0.057 0.297 378607
0.051 0.294 378696
0.049 0.297 378785
0.053 0.294 378874
0.050 0.300 378963
0.049 0.320 379052
0.055 0.303 379141
0.052 0.309 379230
0.047 0.306 379319
0.054 0.306 379408
0.050 0.306 379497
0.046 0.306 379586
0.053 0.306 379675
0.049 0.306 379764
0.046 0.306 379853
0.052 0.317 379942
0.049 0.320 380031
0.046 0.317 380120
0.053 0.317 380209
0.051 0.320 380298
0.045 0.317 380387
0.044 0.323 380476
0.051 0.320 380565
0.046 0.323 380654
0.043 0.323 380743
0.051 0.326 380832
0.045 0.329 380921
0.045 0.326 381010
0.051 0.329 381099
0.049 0.332 381188
0.045 0.344 381277
0.051 0.344 381366
0.045 0.329 381455
0.043 0.329 381544
0.051 0.344 381633
0.044 0.344 381722
0.041 0.341 381811
0.049 0.341 381900
0.044 0.341 381989
0.042 0.347 382078
0.049 0.349 382167
0.044 0.347 382256
0.062 0.347 382345
0.061 0.352 382434
0.057 0.352 382523
0.068 0.352 382612
0.061 0.355 382701
0.058 0.352 382790
0.055 0.358 382879
0.066 0.358 382968
0.059 0.364 383057
0.055 0.364 383146
0.063 0.352 383235
0.058 0.364 383324
0.053 0.364 383413
0.061 0.364 383502
0.057 0.367 383591
0.056 0.367 383680
0.064 0.367 383769
0.056 0.364 383858
0.053 0.376 383947
0.061 0.376 384036
0.057 0.376 384125
0.053 0.379 384214
0.061 0.379 384303
0.054 0.376 384392
0.052 0.376 384481
0.060 0.376 384570
0.055 0.376 384659
0.051 0.376 384748
0.060 0.390 384837
0.054 0.387 384926
0.051 0.387 385015
0.049 0.387 385104
0.055 0.387 385193
0.052 0.393 385282
0.049 0.393 385371
0.057 0.393 385460
0.053 0.402 385549
0.051 0.402 385638
0.056 0.399 385727
0.052 0.399 385816
0.049 0.399 385905
0.054 0.399 385994
0.053 0.414 386083
0.049 0.414 386172
0.055 0.414 386261
0.051 0.411 386350
0.049 0.411 386439
0.054 0.411 386528
0.051 0.411 386617
0.047 0.411 386706
0.055 0.419 386795
0.049 0.411 386884
0.046 0.417 386973
0.053 0.417 387062
0.051 0.419 387151
0.047 0.422 387240
0.055 0.425 387329
0.051 0.425 387418
0.047 0.422 387507
0.046 0.437 387596
0.052 0.434 387685
0.047 0.422 387774
0.044 0.422 387863
0.051 0.422 387952
0.049 0.437 388041
0.045 0.434 388130
0.051 0.434 388219
0.049 0.437 388308
0.046 0.437 388397
0.051 0.434 388486
0.047 0.446 388575
0.044 0.446 388664
0.062 0.446 388753
0.060 0.446 388842
0.070 0.446 388931
0.050 0.446 389020
0.052 0.446 389109
0.072 0.446 389198
0.065 0.460 389287
0.059 0.446 389376
0.070 0.460 389465
0.062 0.460 389554
0.057 0.460 389643
0.053 0.457 389732
0.065 0.460 389821
0.061 0.460 389910
0.058 0.460 389999
0.065 0.457 390088
0.057 0.457 390177
0.055 0.463 390266
0.063 0.469 390355
0.057 0.469 390444
0.055 0.469 390533
0.061 0.469 390622
0.057 0.472 390711
0.054 0.469 390800
0.064 0.472 390889
0.057 0.469 390978
0.055 0.484 391067
0.063 0.484 391156
0.057 0.484 391245
0.053 0.481 391334
0.059 0.481 391423
0.055 0.484 391512
0.052 0.481 391601
0.060 0.481 391690
0.057 0.495 391779
0.053 0.492 391868
0.050 0.492 391957
0.057 0.492 392046
0.055 0.495 392135
0.051 0.492 392224
0.056 0.492 392313
0.053 0.495 392402
0.049 0.492 392491
0.059 0.507 392580
0.053 0.504 392669
0.051 0.504 392758
0.057 0.504 392847
0.053 0.504 392936
0.050 0.504 393025
0.056 0.504 393114
0.052 0.513 393203
0.051 0.513 393292
0.055 0.516 393381
0.053 0.516 393470
0.049 0.516 393559
0.057 0.519 393648
0.052 0.516 393737
0.049 0.516 393826
0.054 0.516 393915
0.051 0.516 394004
0.049 0.530 394093
0.053 0.516 394182
0.050 0.527 394271
0.049 0.527 394360
0.049 0.530 394449
0.053 0.530 394538
0.050 0.536 394627
0.049 0.530 394716
0.053 0.536 394805
0.049 0.536 394894
0.045 0.539 394983
0.052 0.539 395072
0.061 0.539 395161
0.046 0.539 395250
0.053 0.542 395339
0.049 0.539 395428
0.066 0.539 395517
0.068 0.554 395606
0.063 0.554 395695
0.071 0.551 395784
0.063 0.551 395873
0.059 0.551 395962
0.070 0.554 396051
0.064 0.551 396140
0.060 0.551 396229
0.070 0.551 396318
0.062 0.562 396407
0.059 0.557 396496
0.055 0.562 396585
0.064 0.562 396674
0.059 0.562 396763
0.055 0.562 396852
0.064 0.565 396941
0.060 0.562 397030
0.057 0.562 397119
0.064 0.562 397208
0.061 0.577 397297
0.057 0.577 397386
0.065 0.577 397475
0.058 0.574 397564
0.055 0.574 397653
0.062 0.574 397742
0.057 0.574 397831
0.055 0.583 397920
0.064 0.577 398009
0.059 0.586 398098
0.055 0.586 398187
0.063 0.589 398276
0.057 0.586 398365
0.055 0.589 398454
0.060 0.586 398543
0.055 0.586 398632
0.047 0.586 398721
0.058 0.600 398810
0.053 0.597 398899
0.053 0.600 398988
0.049 0.597 399077
0.056 0.597 399166
0.053 0.597 399255
0.051 0.600 399344
0.057 0.603 399433
0.052 0.606 399522
0.049 0.609 399611
0.057 0.609 399700
0.055 0.612 399789
0.051 0.609 399878
0.059 0.612 399967
0.053 0.609 400056
0.051 0.624 400145
0.057 0.624 400234
0.053 0.624 400323
0.050 0.609 400412
0.055 0.621 400501
0.053 0.621 400590
0.050 0.621 400679
0.056 0.621 400768
0.054 0.629 400857
0.049 0.632 400946
0.054 0.621 401035
0.052 0.632 401124
0.049 0.632 401213
0.049 0.629 401302
0.053 0.638 401391
0.052 0.629 401480
0.049 0.629 401569
0.053 0.632 401658
0.053 0.647 401747
0.049 0.644 401836
0.066 0.644 401925
0.065 0.647 402014
0.074 0.644 402103
0.065 0.644 402192
0.061 0.650 402281
  
  
  
  
  
  
  
  
  
  
  
  
  
  
  
  
  
  
  
  
  
  
  
  
