  
  
0.000 0.000 57
-0.336 0.481 185
-0.319 0.306 313
-0.318 0.224 441
-0.241 0.172 569
-0.167 0.139 697
-0.083 0.107 825
-0.057 0.096 953
-0.038 0.087 1081
-0.017 0.084 1209
-0.011 0.084 1337
-0.007 0.084 1465
-0.001 0.084 1593
0.001 0.090 1721
0.002 0.084 1849
0.005 0.090 1977
0.007 0.090 2105
0.005 0.090 2233
0.007 0.096 2361
0.008 0.096 2489
0.011 0.096 2617
0.008 0.096 2745
0.008 0.096 2873
0.013 0.110 3001
0.008 0.096 3129
0.008 0.096 3257
0.008 0.107 3385
0.011 0.110 3513
0.008 0.113 3641
0.008 0.113 3769
0.009 0.113 3897
0.010 0.119 4025
0.007 0.119 4153
0.011 0.122 4281
0.009 0.131 4409
0.011 0.125 4537
0.010 0.131 4665
0.009 0.131 4793
0.014 0.134 4921
0.010 0.134 5049
0.009 0.137 5177
0.009 0.142 5305
0.011 0.142 5433
0.008 0.142 5561
0.009 0.142 5689
0.013 0.145 5817
0.011 0.142 5945
0.009 0.142 6073
0.010 0.142 6201
0.013 0.157 6329
0.008 0.154 6457
0.008 0.154 6585
0.010 0.160 6713
0.010 0.166 6841
0.008 0.166 6969
0.010 0.163 7097
0.010 0.177 7225
0.013 0.166 7353
0.010 0.169 7481
0.010 0.180 7609
0.011 0.177 7737
0.009 0.177 7865
0.009 0.180 7993
0.010 0.183 8121
0.013 0.180 8249
0.010 0.180 8377
0.010 0.189 8505
0.010 0.189 8633
0.010 0.189 8761
0.008 0.189 8889
0.011 0.192 9017
0.009 0.189 9145
0.015 0.204 9273
0.011 0.204 9401
0.010 0.204 9529
0.011 0.201 9657
0.009 0.207 9785
0.009 0.212 9913
0.011 0.212 10041
0.013 0.215 10169
0.009 0.212 10297
0.013 0.215 10425
0.010 0.224 10553
0.013 0.215 10681
0.013 0.227 10809
0.010 0.224 10937
0.011 0.227 11065
0.014 0.230 11193
0.009 0.230 11321
0.009 0.236 11449
0.011 0.236 11577
0.010 0.233 11705
0.009 0.236 11833
0.013 0.239 11961
0.013 0.250 12089
0.009 0.236 12217
0.009 0.247 12345
0.010 0.247 12473
0.010 0.250 12601
0.009 0.247 12729
0.011 0.259 12857
0.010 0.259 12985
0.008 0.259 13113
0.010 0.259 13241
0.011 0.256 13369
0.010 0.259 13497
0.010 0.265 13625
0.009 0.271 13753
0.011 0.274 13881
0.010 0.274 14009
0.009 0.277 14137
0.010 0.274 14265
0.012 0.282 14393
0.009 0.282 14521
0.009 0.282 14649
0.013 0.279 14777
0.010 0.285 14905
