  
  
-0.008 0.253 57
0.898 -0.237 221
-0.915 0.087 385
-0.673 0.052 549
-0.504 0.028 713
-0.370 0.020 877
-0.237 0.008 1041
-0.178 -0.001 1205
-0.145 -0.007 1369
-0.102 -0.007 1533
-0.067 -0.010 1697
-0.026 -0.015 1861
-0.007 -0.007 2025
-0.004 -0.012 2189
0.013 -0.018 2353
0.023 -0.007 2517
0.034 -0.004 2681
0.028 0.005 2845
0.039 0.008 3009
0.045 0.008 3173
0.035 0.005 3337
0.042 0.008 3501
0.046 0.005 3665
0.041 0.008 3829
0.047 0.017 3993
0.052 0.017 4157
0.053 0.020 4321
0.043 0.017 4485
0.048 0.017 4649
0.055 0.020 4813
0.045 0.028 4977
0.048 0.028 5141
0.052 0.028 5305
0.056 0.028 5469
0.049 0.037 5633
0.052 0.040 5797
0.053 0.040 5961
0.047 0.043 6125
0.053 0.043 6289
0.058 0.055 6453
0.048 0.055 6617
0.050 0.052 6781
0.055 0.055 6945
0.060 0.060 7109
0.051 0.060 7273
0.055 0.060 7437
0.054 0.063 7601
0.047 0.063 7765
0.051 0.075 7929
0.055 0.075 8093
0.049 0.078 8257
0.053 0.078 8421
0.058 0.084 8585
0.059 0.078 8749
0.050 0.078 8913
0.055 0.084 9077
0.055 0.087 9241
0.047 0.098 9405
0.052 0.098 9569
0.056 0.098 9733
0.050 0.101 9897
0.050 0.104 10061
0.054 0.104 10225
0.060 0.113 10389
0.049 0.110 10553
0.054 0.110 10717
0.056 0.125 10881
0.047 0.110 11045
0.053 0.113 11209
0.056 0.122 11373
0.047 0.122 11537
0.053 0.125 11701
0.058 0.136 11865
0.058 0.133 12029
0.051 0.136 12193
0.056 0.136 12357
0.055 0.145 12521
0.047 0.145 12685
0.052 0.145 12849
0.055 0.145 13013
0.049 0.157 13177
0.052 0.154 13341
0.055 0.154 13505
0.058 0.157 13669
0.049 0.157 13833
0.052 0.157 13997
0.053 0.154 14161
0.049 0.171 14325
0.053 0.171 14489
0.056 0.171 14653
0.058 0.180 14817
0.047 0.180 14981
0.052 0.180 15145
0.055 0.186 15309
0.048 0.192 15473
0.052 0.192 15637
0.054 0.192 15801
