  
  
  
-0.009 1.245 57
0.891 0.950 63
0.891 0.950 69
0.891 0.950 75
0.889 0.903 81
0.889 0.903 87
0.889 0.903 93
0.889 0.903 99
0.889 0.868 105
0.889 0.868 111
0.889 0.868 117
0.889 0.845 123
0.889 0.845 129
0.889 0.845 135
0.890 0.822 141
0.890 0.822 147
0.890 0.822 153
0.890 0.822 159
0.890 0.798 165
0.890 0.798 171
0.890 0.798 177
0.890 0.787 183
0.890 0.787 189
0.890 0.787 195
0.890 0.752 201
0.890 0.752 207
0.890 0.752 213
0.890 0.752 219
0.891 0.728 225
0.891 0.728 231
0.891 0.728 237
0.890 0.705 243
0.890 0.705 249
0.890 0.705 255
0.892 0.685 261
0.892 0.685 267
0.892 0.685 273
0.892 0.685 279
0.893 0.667 285
0.893 0.667 291
0.893 0.667 297
0.891 0.647 303
0.891 0.647 309
0.891 0.647 315
0.891 0.623 321
0.891 0.623 327
0.891 0.623 333
0.891 0.623 339
0.891 0.600 345
0.891 0.600 351
0.891 0.600 357
0.892 0.577 363
0.892 0.577 369
0.892 0.577 375
0.891 0.565 381
0.891 0.565 387
0.891 0.565 393
0.891 0.565 399
0.898 0.545 405
0.898 0.545 411
0.898 0.545 417
0.892 0.518 423
0.892 0.518 429
0.892 0.518 435
0.897 0.510 441
0.897 0.510 447
0.897 0.510 453
0.897 0.510 459
0.893 0.483 465
0.893 0.483 471
0.893 0.483 477
0.893 0.460 483
0.893 0.460 489
0.893 0.460 495
0.894 0.437 501
0.894 0.437 507
0.894 0.437 513
0.894 0.437 519
0.953 0.612 525
0.953 0.612 531
0.953 0.612 537
0.893 0.402 543
0.893 0.402 549
0.893 0.402 555
0.898 0.413 561
0.898 0.413 567
0.898 0.413 573
0.898 0.413 579
0.893 0.367 585
0.893 0.367 591
0.893 0.367 597
0.896 0.358 603
0.896 0.358 609
0.896 0.358 615
0.891 0.343 621
0.891 0.343 627
0.891 0.343 633
0.891 0.343 639
0.895 0.326 645
0.895 0.326 651
0.895 0.326 657
0.891 0.332 663
0.891 0.332 669
0.891 0.332 675
0.891 0.332 681
0.891 0.332 687
0.891 0.332 693
0.891 0.332 699
0.891 0.332 705
0.891 0.332 711
0.891 0.332 717
0.898 0.343 723
0.898 0.343 729
0.898 0.343 735
0.910 0.358 741
0.910 0.358 747
0.910 0.358 753
0.910 0.358 759
0.921 0.364 765
0.921 0.364 771
0.921 0.364 777
0.931 0.390 783
0.931 0.390 789
0.931 0.390 795
0.942 0.402 801
0.942 0.402 807
0.942 0.402 813
0.942 0.402 819
0.953 0.425 825
0.953 0.425 831
0.953 0.425 837
0.965 0.460 843
0.965 0.460 849
0.965 0.460 855
0.977 0.483 861
0.977 0.483 867
0.977 0.483 873
0.977 0.483 879
-0.870 0.545 885
-0.870 0.545 891
-0.870 0.545 897
-0.937 0.548 903
-0.937 0.548 909
-0.937 0.548 915
-0.936 0.542 921
-0.936 0.542 927
-0.936 0.542 933
-0.936 0.542 939
-0.936 0.553 945
-0.936 0.553 951
-0.936 0.553 957
-0.819 0.545 963
-0.819 0.545 969
-0.819 0.545 975
-0.714 0.527 981
-0.714 0.527 987
-0.714 0.527 993
-0.714 0.527 999
-0.618 0.530 1005
-0.618 0.530 1011
-0.618 0.530 1017
-0.523 0.530 1023
-0.523 0.530 1029
-0.523 0.530 1035
-0.442 0.530 1041
-0.442 0.530 1047
-0.442 0.530 1053
-0.442 0.530 1059
-0.355 0.530 1065
-0.355 0.530 1071
-0.355 0.530 1077
-0.249 0.530 1083
-0.249 0.530 1089
-0.249 0.530 1095
-0.160 0.530 1101
-0.160 0.530 1107
-0.160 0.530 1113
-0.160 0.530 1119
-0.091 0.530 1125
-0.091 0.530 1131
-0.091 0.530 1137
-0.011 0.530 1143
-0.011 0.530 1149
-0.011 0.530 1155
0.066 0.530 1161
0.066 0.530 1167
0.066 0.530 1173
0.066 0.530 1179
0.142 0.550 1185
0.142 0.550 1191
0.142 0.550 1197
0.225 0.553 1203
0.225 0.553 1209
0.225 0.553 1215
0.297 0.553 1221
0.297 0.553 1227
0.297 0.553 1233
0.297 0.553 1239
0.365 0.550 1245
0.365 0.550 1251
0.365 0.550 1257
0.430 0.553 1263
0.430 0.553 1269
0.430 0.553 1275
0.490 0.553 1281
0.490 0.553 1287
0.490 0.553 1293
0.490 0.553 1299
0.536 0.565 1305
0.536 0.565 1311
0.536 0.565 1317
0.616 0.577 1323
0.616 0.577 1329
0.616 0.577 1335
0.673 0.577 1341
0.673 0.577 1347
0.673 0.577 1353
0.673 0.577 1359
0.715 0.577 1365
0.715 0.577 1371
0.715 0.577 1377
0.759 0.588 1383
0.759 0.588 1389
0.759 0.588 1395
0.809 0.600 1401
0.809 0.600 1407
0.809 0.600 1413
0.809 0.600 1419
0.856 0.606 1425
0.856 0.606 1431
0.856 0.606 1437
0.914 0.623 1443
0.914 0.623 1449
0.914 0.623 1455
0.957 0.623 1461
0.957 0.623 1467
0.957 0.623 1473
0.957 0.623 1479
0.999 0.647 1485
0.999 0.647 1491
0.999 0.647 1497
1.031 0.658 1503
1.031 0.658 1509
1.031 0.658 1515
1.029 0.664 1521
1.029 0.664 1527
1.029 0.664 1533
1.029 0.664 1539
1.029 0.670 1545
1.029 0.670 1551
1.029 0.670 1557
1.029 0.682 1563
1.029 0.682 1569
1.029 0.682 1575
1.029 0.682 1581
1.029 0.682 1587
1.029 0.682 1593
1.029 0.682 1599
1.028 0.682 1605
1.028 0.682 1611
1.028 0.682 1617
1.029 0.705 1623
1.029 0.705 1629
1.029 0.705 1635
1.029 0.705 1641
1.029 0.705 1647
1.029 0.705 1653
1.029 0.705 1659
1.028 0.705 1665
1.028 0.705 1671
1.028 0.705 1677
1.029 0.731 1683
1.029 0.731 1689
1.029 0.731 1695
1.029 0.728 1701
1.029 0.728 1707
1.029 0.728 1713
1.029 0.728 1719
1.029 0.743 1725
1.029 0.743 1731
1.029 0.743 1737
1.029 0.755 1743
1.029 0.755 1749
1.029 0.755 1755
1.029 0.755 1761
1.029 0.755 1767
1.029 0.755 1773
1.029 0.755 1779
1.029 0.763 1785
1.029 0.763 1791
1.029 0.763 1797
1.029 0.763 1803
1.029 0.763 1809
1.029 0.763 1815
1.029 0.775 1821
1.029 0.775 1827
1.029 0.775 1833
1.029 0.775 1839
1.029 0.790 1845
1.029 0.790 1851
1.029 0.790 1857
1.029 0.798 1863
1.029 0.798 1869
1.029 0.798 1875
1.027 0.798 1881
1.027 0.798 1887
1.027 0.798 1893
1.027 0.798 1899
1.029 0.810 1905
1.029 0.810 1911
1.029 0.810 1917
1.029 0.822 1923
1.029 0.822 1929
1.029 0.822 1935
1.029 0.825 1941
1.029 0.825 1947
1.029 0.825 1953
1.029 0.825 1959
1.029 0.845 1965
1.029 0.845 1971
1.029 0.845 1977
1.027 0.845 1983
1.027 0.845 1989
1.027 0.845 1995
1.029 0.848 2001
1.029 0.848 2007
1.029 0.848 2013
1.029 0.848 2019
1.029 0.857 2025
1.029 0.857 2031
1.029 0.857 2037
1.029 0.880 2043
1.029 0.880 2049
1.029 0.880 2055
1.029 0.883 2061
1.029 0.883 2067
1.029 0.883 2073
1.029 0.883 2079
1.029 0.895 2085
1.029 0.895 2091
1.029 0.895 2097
1.029 0.898 2103
1.029 0.898 2109
1.029 0.898 2115
1.029 0.918 2121
1.029 0.918 2127
1.029 0.918 2133
1.029 0.918 2139
1.029 0.918 2145
1.029 0.918 2151
1.029 0.918 2157
1.027 0.927 2163
1.027 0.927 2169
1.027 0.927 2175
1.029 0.933 2181
1.029 0.933 2187
1.029 0.933 2193
1.029 0.933 2199
1.029 0.938 2205
1.029 0.938 2211
1.029 0.938 2217
1.027 0.950 2223
1.027 0.950 2229
1.027 0.950 2235
1.027 0.950 2241
1.027 0.950 2247
1.027 0.950 2253
1.027 0.950 2259
1.029 0.965 2265
1.029 0.965 2271
1.029 0.965 2277
1.029 0.988 2283
1.029 0.988 2289
1.029 0.988 2295
1.027 0.985 2301
1.027 0.985 2307
1.027 0.985 2313
1.027 0.985 2319
1.027 0.994 2325
1.027 0.994 2331
1.027 0.994 2337
1.027 0.997 2343
1.027 0.997 2349
1.027 0.997 2355
1.027 1.020 2361
1.027 1.020 2367
1.027 1.020 2373
1.027 1.020 2379
1.029 1.023 2385
1.029 1.023 2391
1.029 1.023 2397
1.027 1.032 2403
1.027 1.032 2409
1.027 1.032 2415
1.027 1.043 2421
1.027 1.043 2427
1.027 1.043 2433
1.027 1.043 2439
1.027 1.043 2445
1.027 1.043 2451
1.027 1.043 2457
1.027 1.067 2463
1.027 1.067 2469
1.027 1.067 2475
1.029 1.070 2481
1.029 1.070 2487
1.029 1.070 2493
1.029 1.070 2499
1.027 1.078 2505
1.027 1.078 2511
1.027 1.078 2517
1.029 1.087 2523
1.029 1.087 2529
1.029 1.087 2535
1.027 1.090 2541
1.027 1.090 2547
1.027 1.090 2553
1.027 1.090 2559
1.029 1.110 2565
1.029 1.110 2571
1.029 1.110 2577
1.029 1.116 2583
1.029 1.116 2589
1.029 1.116 2595
1.029 1.128 2601
1.029 1.128 2607
1.029 1.128 2613
1.029 1.128 2619
1.029 1.134 2625
1.029 1.134 2631
1.029 1.134 2637
1.027 1.148 2643
1.027 1.148 2649
1.027 1.148 2655
1.027 1.160 2661
1.027 1.160 2667
1.027 1.160 2673
1.027 1.160 2679
1.032 1.154 2685
1.032 1.154 2691
1.032 1.154 2697
1.027 1.172 2703
1.027 1.172 2709
1.027 1.172 2715
1.029 1.198 2721
1.029 1.198 2727
1.029 1.198 2733
1.029 1.198 2739
1.029 1.198 2745
1.029 1.198 2751
1.029 1.198 2757
1.027 1.207 2763
1.027 1.207 2769
1.027 1.207 2775
1.027 1.218 2781
1.027 1.218 2787
1.027 1.218 2793
1.027 1.218 2799
1.024 1.210 2805
1.024 1.210 2811
1.024 1.210 2817
1.027 1.230 2823
1.027 1.230 2829
1.027 1.230 2835
1.027 1.230 2841
1.027 1.230 2847
1.027 1.230 2853
1.027 1.230 2859
1.027 1.253 2865
1.027 1.253 2871
1.027 1.253 2877
1.029 1.265 2883
1.029 1.265 2889
1.029 1.265 2895
1.027 1.265 2901
1.027 1.265 2907
1.027 1.265 2913
1.027 1.265 2919
1.029 1.291 2925
1.029 1.291 2931
1.029 1.291 2937
1.027 1.294 2943
1.027 1.294 2949
1.027 1.294 2955
1.027 1.300 2961
1.027 1.300 2967
1.027 1.300 2973
1.027 1.300 2979
1.027 1.312 2985
1.027 1.312 2991
1.027 1.312 2997
1.027 1.323 3003
1.027 1.323 3009
1.027 1.323 3015
1.027 1.323 3021
1.027 1.323 3027
1.027 1.323 3033
1.027 1.323 3039
1.027 1.347 3045
1.027 1.347 3051
1.027 1.347 3057
1.027 1.347 3063
1.027 1.347 3069
1.027 1.347 3075
1.027 1.358 3081
1.027 1.358 3087
1.027 1.358 3093
1.027 1.358 3099
1.027 1.370 3105
1.027 1.370 3111
1.027 1.370 3117
1.027 1.382 3123
1.027 1.382 3129
1.027 1.382 3135
1.027 1.393 3141
1.027 1.393 3147
1.027 1.393 3153
1.027 1.393 3159
1.029 1.408 3165
1.029 1.408 3171
1.029 1.408 3177
1.027 1.417 3183
1.027 1.417 3189
1.027 1.417 3195
1.027 1.417 3201
1.027 1.417 3207
1.027 1.417 3213
1.027 1.417 3219
1.029 1.440 3225
1.029 1.440 3231
1.029 1.440 3237
1.029 1.452 3243
1.029 1.452 3249
1.029 1.452 3255
1.029 1.455 3261
1.029 1.455 3267
1.029 1.455 3273
1.029 1.455 3279
1.029 1.463 3285
1.029 1.463 3291
1.029 1.463 3297
1.027 1.463 3303
1.027 1.463 3309
1.027 1.463 3315
1.027 1.478 3321
1.027 1.478 3327
1.027 1.478 3333
1.027 1.478 3339
1.027 1.493 3345
1.027 1.493 3351
1.027 1.493 3357
1.027 1.498 3363
1.027 1.498 3369
1.027 1.498 3375
1.027 1.510 3381
1.027 1.510 3387
1.027 1.510 3393
1.027 1.510 3399
1.027 1.522 3405
1.027 1.522 3411
1.027 1.522 3417
1.027 1.533 3423
1.027 1.533 3429
1.027 1.533 3435
1.027 1.548 3441
1.027 1.548 3447
1.027 1.548 3453
1.027 1.548 3459
1.027 1.551 3465
1.027 1.551 3471
1.027 1.551 3477
1.027 1.557 3483
1.027 1.557 3489
1.027 1.557 3495
1.027 1.568 3501
1.027 1.568 3507
1.027 1.568 3513
1.027 1.568 3519
1.025 1.571 3525
1.025 1.571 3531
1.025 1.571 3537
1.025 1.580 3543
1.025 1.580 3549
1.025 1.580 3555
1.027 1.603 3561
1.027 1.603 3567
1.027 1.603 3573
1.027 1.603 3579
1.027 1.603 3585
1.027 1.603 3591
1.027 1.603 3597
1.025 1.603 3603
1.025 1.603 3609
1.025 1.603 3615
1.027 1.641 3621
1.027 1.641 3627
1.027 1.641 3633
1.027 1.641 3639
1.029 1.641 3645
1.029 1.641 3651
1.029 1.641 3657
1.032 1.673 3663
1.032 1.673 3669
1.032 1.673 3675
1.027 1.665 3681
1.027 1.665 3687
1.027 1.665 3693
1.027 1.665 3699
1.033 1.711 3705
1.033 1.711 3711
1.033 1.711 3717
1.029 1.708 3723
1.029 1.708 3729
1.029 1.708 3735
1.027 1.697 3741
1.027 1.697 3747
1.027 1.697 3753
1.027 1.697 3759
1.027 1.711 3765
1.027 1.711 3771
1.027 1.711 3777
1.027 1.720 3783
1.027 1.720 3789
1.027 1.720 3795
1.027 1.720 3801
1.027 1.720 3807
1.027 1.720 3813
1.027 1.720 3819
1.027 1.735 3825
1.027 1.735 3831
1.027 1.735 3837
1.027 1.743 3843
1.027 1.743 3849
1.027 1.743 3855
1.027 1.755 3861
1.027 1.755 3867
1.027 1.755 3873
1.027 1.755 3879
1.029 1.767 3885
1.029 1.767 3891
1.029 1.767 3897
1.027 1.781 3903
1.027 1.781 3909
1.027 1.781 3915
1.027 1.778 3921
1.027 1.778 3927
1.027 1.778 3933
1.027 1.778 3939
1.027 1.790 3945
1.027 1.790 3951
1.027 1.790 3957
1.027 1.802 3963
1.027 1.802 3969
1.027 1.802 3975
1.027 1.813 3981
1.027 1.813 3987
1.027 1.813 3993
1.027 1.813 3999
1.027 1.825 4005
1.027 1.825 4011
1.027 1.825 4017
1.027 1.837 4023
1.027 1.837 4029
1.027 1.837 4035
1.027 1.837 4041
1.027 1.837 4047
1.027 1.837 4053
1.027 1.837 4059
1.027 1.851 4065
1.027 1.851 4071
1.027 1.851 4077
1.027 1.860 4083
1.027 1.860 4089
1.027 1.860 4095
1.027 1.872 4101
1.027 1.872 4107
1.027 1.872 4113
1.027 1.872 4119
1.027 1.880 4125
1.027 1.880 4131
1.027 1.880 4137
1.027 1.898 4143
1.027 1.898 4149
1.027 1.898 4155
1.027 1.898 4161
1.027 1.898 4167
1.027 1.898 4173
1.027 1.898 4179
1.027 1.918 4185
1.027 1.918 4191
1.027 1.918 4197
1.027 1.924 4203
1.027 1.924 4209
1.027 1.924 4215
1.027 1.930 4221
1.027 1.930 4227
1.027 1.930 4233
1.027 1.930 4239
1.027 1.942 4245
1.027 1.942 4251
1.027 1.942 4257
1.027 1.953 4263
1.027 1.953 4269
1.027 1.953 4275
1.027 1.965 4281
1.027 1.965 4287
1.027 1.965 4293
1.027 1.965 4299
1.027 1.968 4305
1.027 1.968 4311
1.027 1.968 4317
1.027 1.991 4323
1.027 1.991 4329
1.027 1.991 4335
1.027 2.000 4341
1.027 2.000 4347
1.027 2.000 4353
1.027 2.000 4359
1.027 2.015 4365
1.027 2.015 4371
1.027 2.015 4377
1.027 2.012 4383
1.027 2.012 4389
1.027 2.012 4395
1.027 2.026 4401
1.027 2.026 4407
1.027 2.026 4413
1.027 2.026 4419
1.027 2.035 4425
1.027 2.035 4431
1.027 2.035 4437
1.027 2.047 4443
1.027 2.047 4449
1.027 2.047 4455
1.027 2.061 4461
1.027 2.061 4467
1.027 2.061 4473
1.027 2.061 4479
1.023 2.055 4485
1.023 2.055 4491
1.023 2.055 4497
1.027 2.070 4503
1.027 2.070 4509
1.027 2.070 4515
1.027 2.093 4521
1.027 2.093 4527
1.027 2.093 4533
1.027 2.093 4539
1.027 2.105 4545
1.027 2.105 4551
1.027 2.105 4557
1.027 2.117 4563
1.027 2.117 4569
1.027 2.117 4575
1.027 2.117 4581
1.027 2.117 4587
1.027 2.117 4593
1.027 2.117 4599
1.027 2.131 4605
1.027 2.131 4611
1.027 2.131 4617
1.027 2.140 4623
1.027 2.140 4629
1.027 2.140 4635
1.027 2.155 4641
1.027 2.155 4647
1.027 2.155 4653
1.027 2.155 4659
1.027 2.163 4665
1.027 2.163 4671
1.027 2.163 4677
1.027 2.163 4683
1.027 2.163 4689
1.027 2.163 4695
1.027 2.187 4701
1.027 2.187 4707
1.027 2.187 4713
1.027 2.187 4719
1.027 2.198 4725
1.027 2.198 4731
1.027 2.198 4737
1.027 2.210 4743
1.027 2.210 4749
1.027 2.210 4755
1.027 2.210 4761
1.027 2.210 4767
1.027 2.210 4773
1.027 2.210 4779
1.027 2.222 4785
1.027 2.222 4791
1.027 2.222 4797
1.027 2.233 4803
1.027 2.233 4809
1.027 2.233 4815
1.027 2.245 4821
1.027 2.245 4827
1.027 2.245 4833
1.027 2.245 4839
1.027 2.248 4845
1.027 2.248 4851
1.027 2.248 4857
1.027 2.257 4863
1.027 2.257 4869
1.027 2.257 4875
1.027 2.280 4881
1.027 2.280 4887
1.027 2.280 4893
1.027 2.280 4899
1.027 2.295 4905
1.027 2.295 4911
1.027 2.295 4917
1.027 2.292 4923
1.027 2.292 4929
1.027 2.292 4935
1.027 2.318 4941
1.027 2.318 4947
1.027 2.318 4953
1.027 2.318 4959
1.027 2.318 4965
