  
  
0.000 0.000 1
-0.005 5.701 52
-0.006 -5.093 105
-0.002 5.684 157
-0.006 -5.082 211
-0.005 5.701 263
-0.007 -5.093 317
-0.005 5.698 369
-0.007 -5.093 423
-0.004 5.701 475
-0.004 -5.096 529
-0.005 5.701 581
-0.006 -5.093 635
-0.002 5.695 687
-0.004 -5.096 741
-0.005 5.701 793
-0.004 -5.096 847
-0.003 5.687 899
-0.006 -5.084 953
-0.004 5.701 1005
-0.007 -5.093 1059
-0.005 5.698 1111
-0.006 -5.084 1165
-0.005 5.701 1217
-0.006 -5.087 1271
-0.005 5.701 1323
-0.004 -5.096 1377
-0.005 5.698 1429
-0.004 -5.096 1483
-0.005 5.698 1535
-0.004 -5.096 1589
-0.005 5.701 1641
-0.005 -5.099 1695
-0.005 5.698 1747
-0.004 -5.096 1801
-0.005 5.701 1853
-0.006 -5.084 1907
-0.005 5.698 1959
-0.004 -5.096 2013
-0.005 5.698 2065
-0.006 -5.087 2119
-0.005 5.698 2171
-0.006 -5.084 2225
-0.004 5.701 2277
-0.004 -5.096 2331
-0.005 5.698 2383
-0.006 -5.087 2437
-0.005 5.698 2489
-0.004 -5.096 2543
-0.005 5.698 2595
-0.004 -5.096 2649
-0.005 5.701 2701
-0.004 -5.096 2755
-0.004 5.701 2807
-0.004 -5.096 2861
-0.004 5.701 2913
-0.004 -5.096 2967
-0.005 5.698 3019
-0.004 -5.096 3073
-0.005 5.698 3125
-0.006 -5.087 3179
-0.003 5.687 3191
  
-0.006 0.212 4193
  
-0.006 0.230 5195
-0.006 0.230 6197
-0.006 0.215 7199
