  
  
  
  
  
  
0.893 0.133 57
0.877 -0.123 71
0.902 -0.004 85
0.902 -0.004 99
0.902 -0.015 113
0.898 -0.030 127
0.898 -0.030 141
0.898 -0.030 155
0.898 -0.042 169
0.898 -0.042 183
0.898 -0.042 197
0.898 -0.047 211
0.898 -0.053 225
0.898 -0.053 239
0.900 -0.062 253
0.900 -0.062 267
0.900 -0.062 281
0.900 -0.062 295
0.898 -0.065 309
0.898 -0.077 323
0.898 -0.077 337
0.898 -0.077 351
0.900 -0.074 365
0.900 -0.074 379
0.898 -0.077 393
0.900 -0.077 407
0.900 -0.080 421
0.900 -0.080 435
0.898 -0.077 449
0.898 -0.077 463
0.898 -0.077 477
0.898 -0.077 491
0.898 -0.077 505
0.898 -0.077 519
0.906 -0.053 533
0.898 -0.077 547
0.898 -0.077 561
0.898 -0.077 575
0.900 -0.080 589
0.902 -0.065 603
0.902 -0.065 617
0.910 -0.030 631
0.898 -0.077 645
0.898 -0.077 659
0.898 -0.077 673
0.898 -0.065 687
0.898 -0.065 701
0.898 -0.065 715
0.910 -0.030 729
0.898 -0.065 743
0.898 -0.065 757
0.900 -0.062 771
0.900 -0.062 785
0.900 -0.062 799
0.898 -0.059 813
0.898 -0.053 827
0.900 -0.053 841
0.900 -0.053 855
0.900 -0.050 869
0.898 -0.053 883
0.898 -0.053 897
0.900 -0.042 911
0.900 -0.042 925
0.900 -0.042 939
0.898 -0.042 953
0.898 -0.042 967
0.898 -0.042 981
0.898 -0.042 995
0.898 -0.030 1009
0.898 -0.042 1023
0.898 -0.042 1037
0.898 -0.030 1051
0.898 -0.030 1065
0.898 -0.030 1079
0.898 -0.030 1093
0.900 -0.015 1107
0.898 -0.018 1121
0.898 -0.018 1135
0.898 -0.018 1149
0.898 -0.012 1163
0.898 -0.012 1177
0.898 -0.007 1191
0.898 -0.007 1205
0.898 -0.007 1219
0.898 -0.001 1233
0.898 0.005 1247
0.898 0.005 1261
0.898 0.005 1275
0.898 0.011 1289
0.898 0.011 1303
0.898 0.011 1317
0.898 0.017 1331
0.898 0.017 1345
0.898 0.017 1359
0.900 0.020 1373
0.898 0.020 1387
0.898 0.028 1401
0.898 0.028 1415
0.898 0.028 1429
0.898 0.034 1443
0.898 0.034 1457
0.898 0.040 1471
0.898 0.040 1485
0.898 0.040 1499
0.898 0.040 1513
0.900 0.055 1527
0.898 0.052 1541
0.898 0.052 1555
0.898 0.058 1569
0.900 0.055 1583
0.900 0.055 1597
0.898 0.063 1611
0.898 0.063 1625
0.898 0.063 1639
0.898 0.063 1653
0.898 0.075 1667
0.898 0.081 1681
0.898 0.081 1695
0.898 0.081 1709
0.898 0.087 1723
0.898 0.087 1737
0.898 0.093 1751
0.898 0.098 1765
0.898 0.098 1779
0.900 0.101 1793
0.898 0.098 1807
0.898 0.110 1821
0.898 0.110 1835
0.898 0.110 1849
0.898 0.110 1863
0.898 0.110 1877
0.900 0.122 1891
0.898 0.133 1905
0.898 0.133 1919
0.902 0.136 1933
0.898 0.133 1947
0.900 0.125 1961
0.900 0.125 1975
0.898 0.125 1989
0.898 0.145 2003
0.898 0.145 2017
0.898 0.133 2031
0.898 0.145 2045
0.898 0.145 2059
0.908 0.171 2073
0.906 0.171 2087
0.897 0.145 2101
0.897 0.145 2115
0.900 0.160 2129
0.897 0.148 2143
0.897 0.148 2157
0.893 0.157 2171
0.896 0.157 2185
0.896 0.157 2199
0.898 0.171 2213
0.898 0.186 2227
0.900 0.195 2241
0.900 0.195 2255
0.902 0.203 2269
0.900 0.203 2283
0.900 0.203 2297
0.904 0.238 2311
0.900 0.238 2325
0.900 0.238 2339
0.900 0.238 2353
0.900 0.218 2367
0.898 0.227 2381
0.898 0.227 2395
0.897 0.215 2409
0.898 0.227 2423
0.898 0.227 2437
0.897 0.227 2451
0.898 0.227 2465
0.898 0.227 2479
0.900 0.241 2493
0.898 0.238 2507
0.898 0.241 2521
0.898 0.241 2535
0.898 0.250 2549
0.898 0.250 2563
0.898 0.250 2577
0.898 0.250 2591
0.898 0.265 2605
0.898 0.265 2619
0.900 0.265 2633
0.898 0.273 2647
0.898 0.273 2661
0.898 0.273 2675
0.897 0.279 2689
0.898 0.285 2703
0.898 0.285 2717
0.897 0.285 2731
0.898 0.291 2745
0.898 0.291 2759
0.898 0.297 2773
0.898 0.297 2787
0.900 0.300 2801
0.900 0.300 2815
0.900 0.311 2829
0.897 0.308 2843
0.897 0.308 2857
0.897 0.308 2871
0.900 0.323 2885
0.900 0.323 2899
0.908 0.358 2913
0.898 0.332 2927
0.898 0.332 2941
0.898 0.332 2955
0.898 0.338 2969
0.898 0.335 2983
0.898 0.335 2997
0.898 0.343 3011
0.898 0.343 3025
0.898 0.343 3039
0.900 0.358 3053
0.898 0.361 3067
0.898 0.367 3081
0.898 0.367 3095
0.897 0.367 3109
0.898 0.373 3123
0.898 0.373 3137
0.898 0.378 3151
0.897 0.378 3165
0.897 0.378 3179
0.901 0.381 3193
0.900 0.381 3207
0.897 0.390 3221
0.897 0.390 3235
0.898 0.390 3249
0.898 0.402 3263
0.898 0.402 3277
0.898 0.402 3291
0.898 0.413 3305
0.898 0.413 3319
0.900 0.416 3333
0.898 0.413 3347
0.898 0.425 3361
0.898 0.425 3375
0.898 0.428 3389
0.898 0.437 3403
0.898 0.437 3417
0.897 0.425 3431
0.900 0.434 3445
0.900 0.434 3459
0.900 0.440 3473
0.900 0.454 3487
0.898 0.448 3501
0.898 0.448 3515
0.902 0.457 3529
0.906 0.483 3543
0.906 0.483 3557
0.904 0.483 3571
0.900 0.475 3585
0.900 0.475 3599
0.898 0.472 3613
0.900 0.483 3627
0.900 0.483 3641
0.900 0.483 3655
0.900 0.495 3669
0.908 0.518 3683
0.908 0.518 3697
0.900 0.501 3711
0.904 0.510 3725
0.904 0.510 3739
0.901 0.489 3753
0.898 0.507 3767
0.898 0.507 3781
0.898 0.507 3795
0.898 0.518 3809
0.900 0.521 3823
0.900 0.521 3837
0.898 0.521 3851
0.898 0.524 3865
0.898 0.524 3879
0.900 0.527 3893
0.898 0.530 3907
0.907 0.568 3921
0.907 0.568 3935
0.898 0.542 3949
0.904 0.565 3963
0.904 0.565 3977
0.898 0.553 3991
0.898 0.553 4005
0.898 0.553 4019
0.898 0.565 4033
0.898 0.565 4047
0.898 0.577 4061
0.898 0.577 4075
0.898 0.571 4089
0.898 0.577 4103
0.898 0.577 4117
0.898 0.588 4131
0.900 0.591 4145
0.900 0.591 4159
0.900 0.591 4173
0.902 0.600 4187
0.902 0.612 4201
0.902 0.612 4215
0.900 0.612 4229
0.898 0.612 4243
0.898 0.612 4257
0.898 0.612 4271
0.898 0.612 4285
0.898 0.612 4299
0.902 0.615 4313
0.898 0.623 4327
0.898 0.623 4341
0.898 0.623 4355
0.900 0.641 4369
0.898 0.635 4383
0.898 0.635 4397
0.898 0.647 4411
0.900 0.658 4425
0.900 0.658 4439
0.902 0.661 4453
0.900 0.661 4467
0.898 0.658 4481
0.898 0.658 4495
0.898 0.658 4509
0.898 0.670 4523
0.898 0.670 4537
0.906 0.690 4551
0.902 0.685 4565
0.902 0.685 4579
0.904 0.682 4593
0.898 0.682 4607
0.898 0.693 4621
0.898 0.693 4635
0.900 0.696 4649
0.900 0.696 4663
0.900 0.696 4677
0.900 0.708 4691
0.900 0.708 4705
0.900 0.708 4719
0.898 0.705 4733
0.898 0.711 4747
0.898 0.717 4761
0.898 0.717 4775
0.898 0.717 4789
0.898 0.717 4803
0.898 0.717 4817
0.897 0.717 4831
0.898 0.740 4845
0.898 0.740 4859
0.898 0.740 4873
0.900 0.755 4887
0.900 0.755 4901
0.900 0.755 4915
0.898 0.752 4929
0.898 0.758 4943
0.898 0.758 4957
0.898 0.763 4971
0.898 0.763 4985
0.898 0.763 4999
0.898 0.763 5013
0.900 0.787 5027
0.899 0.787 5041
0.899 0.787 5055
0.898 0.787 5069
0.899 0.787 5083
0.899 0.787 5097
0.898 0.798 5111
0.900 0.801 5125
0.900 0.801 5139
0.898 0.798 5153
0.900 0.807 5167
0.900 0.807 5181
0.900 0.807 5195
0.898 0.810 5209
0.900 0.825 5223
0.900 0.825 5237
0.898 0.810 5251
0.898 0.828 5265
0.898 0.828 5279
0.902 0.825 5293
0.898 0.833 5307
0.905 0.854 5321
0.905 0.854 5335
0.900 0.845 5349
0.904 0.857 5363
0.904 0.857 5377
0.898 0.845 5391
0.900 0.854 5405
0.900 0.854 5419
0.898 0.857 5433
0.898 0.857 5447
0.898 0.868 5461
0.898 0.868 5475
0.898 0.871 5489
0.897 0.868 5503
0.897 0.868 5517
0.898 0.880 5531
0.897 0.880 5545
0.897 0.880 5559
0.898 0.880 5573
0.898 0.892 5587
0.900 0.895 5601
0.900 0.895 5615
0.900 0.895 5629
0.900 0.903 5643
0.900 0.903 5657
0.898 0.903 5671
0.898 0.915 5685
0.898 0.915 5699
0.900 0.918 5713
0.898 0.927 5727
0.900 0.924 5741
0.900 0.924 5755
0.898 0.933 5769
0.898 0.933 5783
0.898 0.933 5797
0.898 0.938 5811
0.898 0.941 5825
0.898 0.941 5839
0.900 0.941 5853
0.898 0.950 5867
0.900 0.947 5881
0.900 0.947 5895
0.898 0.962 5909
0.900 0.965 5923
0.900 0.965 5937
0.897 0.962 5951
0.898 0.973 5965
0.898 0.973 5979
0.900 0.988 5993
0.898 0.985 6007
0.900 0.988 6021
0.900 0.988 6035
0.898 0.991 6049
0.897 0.997 6063
0.897 0.997 6077
0.898 0.997 6091
0.898 0.997 6105
0.898 0.997 6119
0.902 1.011 6133
0.902 1.035 6147
0.900 1.032 6161
0.900 1.032 6175
0.902 1.043 6189
0.898 1.026 6203
0.898 1.026 6217
0.900 1.043 6231
0.898 1.043 6245
0.898 1.043 6259
0.898 1.043 6273
0.893 1.032 6287
0.893 1.032 6301
0.893 1.032 6315
0.898 1.043 6329
0.893 1.020 6343
0.893 1.020 6357
0.897 1.032 6371
0.898 1.046 6385
0.898 1.046 6399
0.897 1.043 6413
0.898 1.061 6427
0.898 1.067 6441
0.898 1.067 6455
0.898 1.078 6469
0.898 1.090 6483
0.898 1.090 6497
0.898 1.093 6511
0.900 1.090 6525
0.900 1.090 6539
0.898 1.102 6553
0.898 1.113 6567
0.898 1.113 6581
0.898 1.113 6595
0.898 1.113 6609
0.905 1.134 6623
0.905 1.134 6637
0.906 1.148 6651
0.898 1.125 6665
0.898 1.125 6679
0.902 1.134 6693
0.900 1.134 6707
0.898 1.137 6721
0.898 1.137 6735
0.898 1.137 6749
0.900 1.151 6763
0.900 1.151 6777
0.898 1.148 6791
0.900 1.151 6805
0.900 1.151 6819
0.900 1.163 6833
0.898 1.160 6847
0.900 1.175 6861
0.900 1.175 6875
0.898 1.172 6889
0.898 1.172 6903
0.898 1.172 6917
0.898 1.183 6931
0.898 1.183 6945
0.898 1.183 6959
0.898 1.183 6973
0.900 1.198 6987
0.898 1.195 7001
0.898 1.195 7015
0.898 1.207 7029
0.898 1.207 7043
0.898 1.207 7057
0.898 1.207 7071
0.898 1.218 7085
0.898 1.218 7099
0.898 1.218 7113
0.898 1.218 7127
0.898 1.230 7141
0.898 1.230 7155
0.898 1.230 7169
0.898 1.230 7183
0.898 1.230 7197
0.898 1.230 7211
0.898 1.242 7225
0.898 1.242 7239
0.898 1.253 7253
0.898 1.253 7267
0.898 1.253 7281
0.898 1.253 7295
0.898 1.265 7309
0.900 1.268 7323
0.900 1.268 7337
0.898 1.265 7351
0.900 1.268 7365
0.900 1.268 7379
0.900 1.274 7393
0.898 1.277 7407
0.898 1.277 7421
0.898 1.277 7435
0.898 1.288 7449
0.898 1.300 7463
0.898 1.300 7477
0.898 1.300 7491
0.898 1.300 7505
0.898 1.300 7519
0.900 1.297 7533
0.898 1.312 7547
0.898 1.318 7561
0.898 1.318 7575
0.898 1.323 7589
0.898 1.323 7603
0.898 1.323 7617
0.900 1.326 7631
0.898 1.335 7645
0.898 1.335 7659
0.898 1.335 7673
0.898 1.347 7687
0.900 1.350 7701
0.900 1.350 7715
0.898 1.347 7729
0.898 1.358 7743
0.898 1.358 7757
0.898 1.358 7771
0.898 1.370 7785
0.898 1.370 7799
0.900 1.367 7813
0.898 1.370 7827
0.898 1.370 7841
0.898 1.370 7855
0.900 1.385 7869
0.898 1.382 7883
0.898 1.382 7897
0.898 1.388 7911
0.898 1.393 7925
0.898 1.393 7939
0.898 1.405 7953
0.898 1.399 7967
0.898 1.405 7981
0.898 1.405 7995
0.898 1.405 8009
0.898 1.417 8023
0.898 1.417 8037
0.900 1.414 8051
0.900 1.420 8065
0.900 1.420 8079
0.902 1.420 8093
0.900 1.431 8107
0.900 1.431 8121
0.900 1.431 8135
0.898 1.440 8149
0.898 1.440 8163
0.898 1.440 8177
0.900 1.455 8191
0.898 1.452 8205
0.898 1.452 8219
0.898 1.452 8233
0.898 1.452 8247
0.898 1.463 8261
0.898 1.463 8275
0.898 1.463 8289
0.898 1.463 8303
0.898 1.463 8317
0.898 1.475 8331
0.898 1.487 8345
0.898 1.487 8359
0.900 1.490 8373
0.898 1.493 8387
0.900 1.501 8401
0.900 1.501 8415
0.900 1.501 8429
0.898 1.498 8443
0.898 1.498 8457
0.898 1.510 8471
0.898 1.510 8485
0.898 1.510 8499
0.898 1.510 8513
0.898 1.522 8527
0.900 1.525 8541
0.900 1.525 8555
0.898 1.533 8569
0.900 1.530 8583
0.900 1.530 8597
0.898 1.533 8611
0.898 1.545 8625
0.898 1.545 8639
0.898 1.545 8653
0.898 1.551 8667
0.898 1.557 8681
0.898 1.557 8695
0.898 1.557 8709
0.898 1.557 8723
0.898 1.557 8737
0.900 1.571 8751
0.900 1.571 8765
0.900 1.571 8779
0.900 1.571 8793
0.898 1.580 8807
0.900 1.577 8821
0.900 1.577 8835
0.898 1.592 8849
0.898 1.592 8863
0.898 1.592 8877
0.898 1.592 8891
0.898 1.603 8905
0.898 1.603 8919
0.900 1.600 8933
0.898 1.603 8947
0.900 1.618 8961
0.900 1.618 8975
0.898 1.603 8989
0.898 1.627 9003
0.898 1.627 9017
0.898 1.627 9031
0.900 1.630 9045
0.900 1.630 9059
0.900 1.630 9073
