  
  
0.000 0.000 1
0.903 0.770 52
0.908 0.767 104
0.914 0.805 156
0.906 0.781 208
0.906 0.767 260
0.908 0.781 312
0.911 0.790 364
0.915 0.787 416
0.908 0.787 468
0.912 0.805 520
0.907 0.781 572
0.908 0.778 624
0.910 0.793 676
0.910 0.793 728
0.912 0.805 780
0.912 0.805 832
0.908 0.781 884
0.912 0.775 936
0.910 0.793 988
0.910 0.787 1040
0.912 0.805 1092
0.908 0.781 1144
0.908 0.770 1196
0.908 0.781 1248
0.908 0.781 1300
0.908 0.781 1352
0.908 0.781 1404
0.910 0.793 1456
0.910 0.793 1508
0.912 0.805 1560
0.914 0.778 1612
0.912 0.805 1664
0.912 0.805 1716
0.910 0.793 1768
0.908 0.781 1820
0.912 0.805 1872
0.908 0.781 1924
0.910 0.793 1976
0.912 0.805 2028
0.912 0.793 2080
0.908 0.793 2132
0.908 0.781 2184
0.908 0.781 2236
0.910 0.793 2288
0.912 0.793 2340
0.912 0.793 2392
0.910 0.793 2444
0.912 0.805 2496
0.912 0.805 2548
0.912 0.805 2600
0.908 0.764 2652
0.907 0.781 2704
0.920 0.828 2756
0.916 0.810 2808
0.908 0.787 2860
0.908 0.781 2912
0.908 0.778 2964
0.908 0.787 3016
0.910 0.770 3068
0.908 0.781 3120
0.910 0.793 3172
0.908 0.781 3224
0.908 0.781 3276
0.910 0.793 3328
0.908 0.781 3380
0.912 0.805 3432
0.908 0.781 3484
0.910 0.781 3536
0.908 0.764 3588
0.908 0.767 3640
0.910 0.793 3692
0.910 0.793 3744
0.912 0.793 3796
0.910 0.764 3848
0.910 0.787 3900
0.910 0.793 3952
0.907 0.781 4004
0.904 0.781 4056
0.904 0.781 4108
0.907 0.767 4160
0.903 0.770 4212
0.904 0.781 4264
0.904 0.781 4316
0.904 0.781 4368
0.908 0.778 4420
0.907 0.781 4472
0.910 0.778 4524
0.914 0.805 4576
0.912 0.805 4628
0.903 0.781 4680
0.910 0.781 4732
0.903 0.770 4784
0.906 0.755 4836
0.908 0.770 4888
0.907 0.767 4940
0.908 0.805 4992
0.916 0.828 5044
0.912 0.790 5096
0.916 0.802 5148
0.908 0.781 5200
0.903 0.781 5252
0.907 0.767 5304
0.903 0.781 5356
0.903 0.781 5408
0.907 0.767 5460
0.906 0.781 5512
0.906 0.781 5564
0.907 0.781 5616
0.907 0.781 5668
0.908 0.781 5720
0.908 0.781 5772
0.908 0.778 5824
0.908 0.793 5876
0.908 0.770 5928
0.912 0.778 5980
0.908 0.781 6032
0.908 0.767 6084
0.910 0.793 6136
0.903 0.781 6188
0.907 0.767 6240
  
  
  
  
  
  
  
  
  
  
  
  
  
  
  
  
  
  
  
  
  
  
  
  
  
  
  
  
  
  
  
