  
  
  
  
-0.004 0.562 57
0.906 -0.044 140
0.906 -0.044 223
0.904 -0.044 306
0.903 -0.044 389
0.903 -0.044 472
0.903 -0.044 555
0.903 -0.044 638
0.907 -0.047 721
0.903 -0.044 804
0.903 -0.044 887
0.903 -0.044 970
0.903 -0.044 1053
0.903 -0.044 1136
0.902 -0.044 1219
0.902 -0.044 1302
0.901 -0.044 1385
0.906 -0.033 1468
0.910 -0.021 1551
0.914 -0.009 1634
0.920 0.002 1717
0.925 0.014 1800
0.931 0.026 1883
0.935 0.037 1966
0.941 0.049 2049
0.948 0.072 2132
0.953 0.084 2215
0.957 0.096 2298
0.963 0.113 2381
0.969 0.131 2464
0.972 0.142 2547
0.976 0.160 2630
0.980 0.177 2713
0.984 0.189 2796
0.988 0.207 2879
0.982 0.212 2962
-0.935 0.215 3045
-0.936 0.212 3128
-0.930 0.227 3211
-0.930 0.227 3294
-0.930 0.227 3377
-0.932 0.224 3460
-0.930 0.227 3543
-0.929 0.227 3626
-0.932 0.224 3709
-0.930 0.227 3792
-0.923 0.227 3875
-0.887 0.224 3958
-0.853 0.227 4041
-0.826 0.218 4124
-0.799 0.218 4207
-0.773 0.224 4290
-0.723 0.224 4373
-0.699 0.224 4456
-0.682 0.212 4539
-0.647 0.224 4622
-0.626 0.224 4705
-0.605 0.224 4788
-0.583 0.224 4871
-0.561 0.227 4954
-0.531 0.227 5037
-0.515 0.224 5120
-0.496 0.224 5203
-0.479 0.224 5286
-0.452 0.224 5369
-0.435 0.224 5452
-0.420 0.224 5535
-0.404 0.224 5618
-0.389 0.218 5701
-0.363 0.224 5784
-0.349 0.224 5867
-0.335 0.224 5950
-0.321 0.224 6033
-0.298 0.224 6116
-0.284 0.224 6199
-0.271 0.224 6282
-0.260 0.224 6365
-0.245 0.227 6448
-0.222 0.227 6531
-0.214 0.224 6614
-0.203 0.224 6697
-0.192 0.224 6780
-0.169 0.227 6863
-0.160 0.227 6946
-0.151 0.230 7029
-0.143 0.224 7112
-0.133 0.224 7195
-0.110 0.227 7278
-0.105 0.224 7361
-0.093 0.236 7444
-0.087 0.236 7527
-0.068 0.230 7610
-0.061 0.236 7693
-0.053 0.236 7776
-0.044 0.233 7859
-0.038 0.236 7942
-0.019 0.233 8025
-0.014 0.236 8108
0.010 0.239 8191
0.024 0.236 8274
0.019 0.239 8357
0.022 0.236 8440
0.040 0.236 8523
0.046 0.236 8606
0.065 0.236 8689
0.067 0.236 8772
0.072 0.236 8855
0.077 0.236 8938
0.094 0.247 9021
0.097 0.247 9104
0.101 0.247 9187
0.106 0.247 9270
0.111 0.247 9353
0.127 0.247 9436
0.133 0.253 9519
0.136 0.253 9602
0.142 0.274 9685
0.156 0.271 9768
0.161 0.274 9851
0.163 0.274 9934
0.166 0.277 10017
0.170 0.274 10100
0.182 0.271 10183
0.187 0.271 10266
0.190 0.274 10349
0.191 0.279 10432
0.207 0.279 10515
0.208 0.282 10598
0.210 0.274 10681
0.213 0.282 10764
0.226 0.282 10847
0.228 0.282 10930
0.229 0.282 11013
0.233 0.285 11096
0.233 0.282 11179
0.246 0.297 11262
0.246 0.282 11345
0.250 0.297 11428
0.250 0.294 11511
0.263 0.294 11594
0.263 0.282 11677
0.266 0.294 11760
0.266 0.297 11843
0.267 0.294 11926
0.280 0.294 12009
0.281 0.297 12092
0.281 0.300 12175
0.283 0.300 12258
0.307 0.306 12341
0.309 0.306 12424
0.311 0.306 12507
0.315 0.306 12590
0.323 0.306 12673
0.324 0.309 12756
0.324 0.309 12839
0.323 0.306 12922
0.334 0.306 13005
0.335 0.306 13088
0.336 0.320 13171
0.334 0.317 13254
0.336 0.317 13337
0.349 0.320 13420
0.346 0.317 13503
0.347 0.317 13586
0.347 0.317 13669
0.359 0.329 13752
0.360 0.326 13835
0.357 0.317 13918
0.356 0.317 14001
0.357 0.320 14084
0.369 0.323 14167
0.368 0.323 14250
0.368 0.323 14333
0.368 0.329 14416
0.382 0.326 14499
0.377 0.329 14582
0.379 0.332 14665
0.377 0.329 14748
0.377 0.329 14831
0.389 0.332 14914
0.387 0.329 14997
0.388 0.344 15080
0.387 0.344 15163
0.397 0.329 15246
0.396 0.329 15329
0.391 0.341 15412
0.391 0.341 15495
0.392 0.344 15578
0.401 0.341 15661
0.400 0.341 15744
0.400 0.341 15827
0.400 0.344 15910
0.411 0.349 15993
0.410 0.349 16076
0.410 0.344 16159
0.421 0.352 16242
0.440 0.352 16325
0.432 0.352 16408
0.429 0.349 16491
0.427 0.358 16574
0.440 0.358 16657
0.440 0.367 16740
0.436 0.367 16823
0.436 0.367 16906
0.436 0.367 16989
0.444 0.364 17072
0.444 0.367 17155
0.442 0.367 17238
0.439 0.364 17321
0.453 0.367 17404
0.448 0.370 17487
0.448 0.370 17570
0.445 0.376 17653
0.446 0.373 17736
0.455 0.376 17819
0.453 0.376 17902
0.453 0.376 17985
0.451 0.376 18068
0.461 0.379 18151
0.461 0.379 18234
0.459 0.390 18317
0.458 0.376 18400
0.457 0.390 18483
0.466 0.376 18566
0.465 0.387 18649
0.463 0.387 18732
0.462 0.387 18815
0.472 0.387 18898
0.470 0.387 18981
0.468 0.387 19064
0.468 0.387 19147
0.468 0.390 19230
0.477 0.402 19313
0.474 0.399 19396
0.473 0.399 19479
0.470 0.399 19562
0.479 0.399 19645
0.480 0.402 19728
0.476 0.399 19811
0.476 0.402 19894
0.474 0.399 19977
0.484 0.399 20060
0.495 0.399 20143
0.482 0.414 20226
0.481 0.414 20309
0.501 0.411 20392
0.501 0.411 20475
0.501 0.419 20558
0.497 0.422 20641
0.508 0.422 20724
0.506 0.419 20807
0.505 0.419 20890
0.500 0.422 20973
0.511 0.422 21056
0.510 0.422 21139
0.506 0.422 21222
0.506 0.422 21305
0.504 0.422 21388
0.514 0.422 21471
0.512 0.422 21554
0.510 0.422 21637
0.510 0.422 21720
0.518 0.422 21803
0.516 0.434 21886
0.515 0.434 21969
0.512 0.434 22052
0.510 0.434 22135
0.521 0.434 22218
0.518 0.434 22301
0.517 0.440 22384
0.516 0.440 22467
0.527 0.446 22550
0.523 0.440 22633
0.521 0.446 22716
0.519 0.440 22799
0.518 0.446 22882
0.527 0.446 22965
0.527 0.452 23048
0.523 0.446 23131
0.521 0.452 23214
0.531 0.452 23297
0.529 0.457 23380
0.526 0.457 23463
0.526 0.457 23546
0.526 0.457 23629
0.534 0.457 23712
0.532 0.457 23795
0.531 0.457 23878
0.529 0.457 23961
0.537 0.457 24044
0.535 0.463 24127
0.534 0.463 24210
0.544 0.469 24293
0.560 0.469 24376
0.557 0.469 24459
0.549 0.469 24542
0.548 0.469 24625
0.561 0.484 24708
0.554 0.469 24791
0.552 0.469 24874
0.551 0.469 24957
0.549 0.469 25040
0.557 0.469 25123
0.556 0.481 25206
0.554 0.469 25289
0.551 0.481 25372
0.561 0.481 25455
0.560 0.481 25538
0.556 0.487 25621
0.554 0.487 25704
0.565 0.492 25787
0.563 0.492 25870
0.560 0.492 25953
0.557 0.492 26036
0.556 0.492 26119
0.565 0.492 26202
0.563 0.492 26285
0.562 0.492 26368
0.560 0.492 26451
0.568 0.492 26534
0.567 0.504 26617
0.566 0.504 26700
0.563 0.504 26783
0.561 0.504 26866
0.572 0.504 26949
0.569 0.504 27032
0.568 0.504 27115
0.565 0.504 27198
0.574 0.504 27281
0.571 0.504 27364
0.569 0.504 27447
0.568 0.510 27530
0.565 0.504 27613
0.575 0.510 27696
0.574 0.516 27779
0.571 0.516 27862
0.569 0.516 27945
0.580 0.516 28028
0.589 0.516 28111
0.590 0.516 28194
0.587 0.527 28277
0.571 0.516 28360
0.592 0.527 28443
0.590 0.527 28526
0.588 0.527 28609
0.597 0.527 28692
0.595 0.527 28775
0.593 0.533 28858
0.589 0.533 28941
0.588 0.533 29024
0.599 0.539 29107
0.597 0.539 29190
0.593 0.539 29273
0.591 0.539 29356
0.603 0.539 29439
0.599 0.539 29522
0.597 0.545 29605
0.594 0.545 29688
0.593 0.545 29771
0.603 0.545 29854
0.602 0.551 29937
0.599 0.551 30020
0.597 0.551 30103
0.606 0.551 30186
0.603 0.551 30269
0.602 0.557 30352
0.599 0.551 30435
0.599 0.557 30518
0.606 0.557 30601
0.603 0.562 30684
0.603 0.557 30767
0.602 0.562 30850
0.610 0.562 30933
0.608 0.562 31016
0.606 0.562 31099
0.603 0.562 31182
0.602 0.562 31265
0.611 0.562 31348
0.608 0.562 31431
0.607 0.562 31514
0.605 0.562 31597
0.616 0.574 31680
0.611 0.574 31763
0.610 0.574 31846
0.607 0.574 31929
0.637 0.574 32012
0.616 0.580 32095
0.612 0.574 32178
0.624 0.583 32261
0.628 0.580 32344
0.626 0.586 32427
0.626 0.586 32510
0.620 0.586 32593
0.620 0.589 32676
0.631 0.586 32759
0.627 0.586 32842
0.624 0.586 32925
0.623 0.586 33008
0.633 0.597 33091
0.630 0.597 33174
0.628 0.597 33257
0.627 0.597 33340
0.624 0.597 33423
0.635 0.597 33506
0.633 0.597 33589
0.629 0.597 33672
0.628 0.603 33755
0.639 0.603 33838
0.636 0.603 33921
0.633 0.603 34004
0.633 0.609 34087
0.631 0.609 34170
0.639 0.609 34253
0.637 0.609 34336
0.637 0.609 34419
0.633 0.609 34502
0.643 0.609 34585
0.641 0.609 34668
0.639 0.609 34751
0.637 0.609 34834
0.636 0.609 34917
0.646 0.621 35000
0.642 0.621 35083
0.641 0.621 35166
0.639 0.621 35249
0.648 0.627 35332
0.646 0.627 35415
0.645 0.632 35498
0.642 0.632 35581
0.641 0.632 35664
0.652 0.632 35747
0.650 0.632 35830
0.647 0.632 35913
0.645 0.632 35996
0.656 0.632 36079
0.666 0.638 36162
0.666 0.644 36245
0.667 0.644 36328
0.673 0.644 36411
0.671 0.644 36494
0.670 0.644 36577
0.666 0.647 36660
0.675 0.644 36743
0.673 0.644 36826
0.671 0.644 36909
0.669 0.650 36992
0.666 0.650 37075
0.678 0.656 37158
0.675 0.656 37241
0.673 0.656 37324
0.671 0.656 37407
0.682 0.656 37490
0.679 0.656 37573
0.677 0.656 37656
0.675 0.656 37739
0.673 0.656 37822
0.683 0.656 37905
0.681 0.667 37988
0.678 0.656 38071
0.677 0.656 38154
0.688 0.667 38237
0.687 0.667 38320
0.682 0.673 38403
0.681 0.667 38486
0.680 0.667 38569
0.690 0.679 38652
0.688 0.679 38735
0.687 0.679 38818
0.683 0.679 38901
0.693 0.679 38984
0.692 0.679 39067
0.690 0.679 39150
0.688 0.679 39233
0.688 0.679 39316
0.698 0.685 39399
0.694 0.679 39482
0.692 0.691 39565
0.690 0.685 39648
0.700 0.691 39731
0.699 0.691 39814
0.697 0.691 39897
0.696 0.691 39980
0.721 0.691 40063
0.719 0.691 40146
0.702 0.702 40229
0.711 0.697 40312
0.724 0.702 40395
0.721 0.702 40478
0.717 0.702 40561
0.716 0.702 40644
0.729 0.702 40727
0.726 0.702 40810
0.721 0.702 40893
0.720 0.702 40976
0.719 0.702 41059
0.729 0.702 41142
0.726 0.714 41225
0.724 0.714 41308
0.721 0.714 41391
0.732 0.714 41474
0.730 0.714 41557
0.729 0.714 41640
0.726 0.714 41723
0.724 0.702 41806
0.736 0.720 41889
0.730 0.714 41972
0.732 0.726 42055
0.730 0.737 42138
0.738 0.726 42221
0.737 0.726 42304
0.735 0.732 42387
0.734 0.732 42470
0.730 0.732 42553
0.741 0.732 42636
0.741 0.737 42719
0.737 0.732 42802
0.736 0.737 42885
0.747 0.737 42968
0.743 0.737 43051
0.741 0.737 43134
0.741 0.737 43217
0.739 0.737 43300
0.747 0.737 43383
0.746 0.737 43466
0.745 0.749 43549
0.743 0.749 43632
0.753 0.749 43715
0.751 0.749 43798
0.764 0.749 43881
0.751 0.749 43964
0.745 0.749 44047
0.756 0.749 44130
0.766 0.749 44213
0.766 0.749 44296
0.783 0.749 44379
0.772 0.761 44462
0.771 0.761 44545
0.772 0.769 44628
0.766 0.761 44711
0.778 0.761 44794
0.775 0.767 44877
0.774 0.772 44960
0.771 0.772 45043
0.781 0.772 45126
0.779 0.772 45209
0.774 0.749 45292
0.774 0.772 45375
0.772 0.772 45458
0.783 0.772 45541
0.781 0.784 45624
0.779 0.784 45707
0.779 0.784 45790
0.789 0.784 45873
0.785 0.784 45956
0.783 0.784 46039
0.783 0.784 46122
0.781 0.784 46205
0.792 0.784 46288
0.788 0.784 46371
0.788 0.790 46454
0.786 0.796 46537
0.798 0.796 46620
0.793 0.796 46703
0.791 0.796 46786
0.791 0.796 46869
0.788 0.796 46952
0.798 0.796 47035
0.797 0.796 47118
0.793 0.796 47201
0.793 0.796 47284
0.802 0.796 47367
0.802 0.807 47450
0.798 0.807 47533
0.797 0.807 47616
0.797 0.807 47699
0.805 0.813 47782
0.802 0.813 47865
0.802 0.807 47948
0.827 0.819 48031
0.825 0.819 48114
0.825 0.819 48197
0.822 0.819 48280
0.815 0.819 48363
0.827 0.831 48446
0.825 0.825 48529
0.821 0.819 48612
0.819 0.831 48695
0.832 0.831 48778
0.827 0.831 48861
0.825 0.831 48944
0.824 0.831 49027
0.823 0.831 49110
0.832 0.831 49193
0.830 0.837 49276
0.829 0.831 49359
0.817 0.831 49442
0.828 0.842 49525
0.827 0.842 49608
0.823 0.842 49691
0.822 0.842 49774
0.822 0.842 49857
0.834 0.842 49940
0.829 0.842 50023
0.827 0.842 50106
0.827 0.842 50189
0.836 0.842 50272
0.834 0.842 50355
0.834 0.842 50438
0.830 0.842 50521
0.829 0.842 50604
0.840 0.854 50687
0.839 0.854 50770
0.834 0.854 50853
0.834 0.854 50936
0.844 0.860 51019
0.841 0.860 51102
0.840 0.863 51185
0.839 0.860 51268
0.836 0.866 51351
0.846 0.866 51434
0.845 0.866 51517
0.842 0.866 51600
0.840 0.866 51683
0.851 0.866 51766
0.850 0.866 51849
0.864 0.877 51932
0.863 0.877 52015
0.853 0.866 52098
0.867 0.880 52181
0.865 0.877 52264
0.864 0.877 52347
0.878 0.877 52430
0.872 0.877 52513
0.868 0.877 52596
0.867 0.877 52679
0.864 0.889 52762
0.876 0.889 52845
0.874 0.889 52928
0.870 0.889 53011
0.870 0.889 53094
0.880 0.889 53177
0.878 0.889 53260
0.875 0.889 53343
0.874 0.889 53426
0.873 0.889 53509
0.882 0.889 53592
0.878 0.889 53675
0.876 0.889 53758
0.873 0.901 53841
0.884 0.901 53924
0.882 0.901 54007
0.881 0.907 54090
0.878 0.901 54173
0.876 0.907 54256
0.889 0.912 54339
0.884 0.907 54422
0.882 0.912 54505
0.881 0.912 54588
0.891 0.912 54671
0.890 0.912 54754
0.887 0.912 54837
0.885 0.918 54920
0.895 0.918 55003
0.893 0.918 55086
0.891 0.924 55169
0.890 0.924 55252
0.887 0.924 55335
0.899 0.924 55418
0.895 0.924 55501
0.893 0.924 55584
0.893 0.924 55667
0.903 0.930 55750
0.907 0.930 55833
0.898 0.930 55916
0.895 0.936 55999
0.920 0.936 56082
0.918 0.936 56165
0.918 0.936 56248
0.910 0.936 56331
0.925 0.950 56414
0.921 0.936 56497
0.919 0.936 56580
0.916 0.936 56663
0.914 0.936 56746
0.927 0.947 56829
0.923 0.947 56912
0.920 0.947 56995
0.918 0.947 57078
0.929 0.947 57161
0.927 0.947 57244
0.925 0.947 57327
0.925 0.953 57410
0.919 0.959 57493
0.932 0.959 57576
0.928 0.959 57659
0.926 0.959 57742
0.924 0.959 57825
0.935 0.959 57908
0.932 0.959 57991
0.929 0.959 58074
0.927 0.959 58157
0.925 0.971 58240
0.935 0.971 58323
0.933 0.971 58406
0.932 0.971 58489
0.927 0.971 58572
0.939 0.971 58655
0.937 0.971 58738
0.933 0.971 58821
0.932 0.971 58904
0.929 0.971 58987
0.941 0.982 59070
0.937 0.982 59153
0.935 0.982 59236
0.934 0.982 59319
0.943 0.982 59402
0.942 0.982 59485
0.941 0.982 59568
0.936 0.982 59651
0.935 0.982 59734
0.946 0.982 59817
0.944 0.982 59900
0.958 0.982 59983
0.975 0.994 60066
0.967 0.994 60149
0.961 0.997 60232
0.958 0.994 60315
0.957 0.994 60398
0.967 1.000 60481
0.965 1.006 60564
0.963 1.006 60647
0.961 1.006 60730
0.970 1.012 60813
0.967 1.006 60896
0.966 1.006 60979
0.963 1.006 61062
0.961 1.006 61145
0.971 1.006 61228
0.967 1.006 61311
0.966 1.012 61394
0.966 1.017 61477
0.975 1.017 61560
0.971 1.017 61643
0.969 1.017 61726
0.967 1.017 61809
0.966 1.017 61892
0.975 1.017 61975
0.974 1.023 62058
0.970 1.029 62141
0.967 1.023 62224
0.978 1.029 62307
0.975 1.029 62390
0.970 1.023 62473
0.969 1.029 62556
0.968 1.029 62639
0.978 1.029 62722
0.975 1.029 62805
0.974 1.029 62888
0.971 1.029 62971
0.982 1.029 63054
0.980 1.029 63137
0.978 1.041 63220
0.975 1.041 63303
0.973 1.041 63386
0.984 1.041 63469
0.980 1.041 63552
0.978 1.041 63635
0.978 1.052 63718
1.002 1.052 63801
1.001 1.052 63884
0.990 1.052 63967
0.980 1.052 64050
1.007 1.067 64133
1.003 1.052 64216
1.000 1.052 64299
0.997 1.052 64382
1.008 1.067 64465
1.003 1.064 64548
1.001 1.067 64631
1.000 1.064 64714
0.997 1.064 64797
1.009 1.064 64880
1.003 1.064 64963
1.003 1.067 65046
1.001 1.067 65129
1.010 1.076 65212
1.008 1.076 65295
1.006 1.076 65378
1.003 1.073 65461
1.001 1.076 65544
1.011 1.076 65627
1.009 1.076 65710
1.005 1.076 65793
1.003 1.076 65876
1.014 1.076 65959
1.011 1.090 66042
1.009 1.090 66125
1.008 1.076 66208
1.005 1.090 66291
1.016 1.076 66374
1.006 1.090 66457
1.005 1.090 66540
1.001 1.087 66623
1.011 1.087 66706
1.009 1.087 66789
1.006 1.087 66872
1.005 1.096 66955
1.003 1.099 67038
1.011 1.099 67121
1.010 1.099 67204
1.009 1.099 67287
1.007 1.099 67370
1.018 1.102 67453
1.014 1.099 67536
1.012 1.105 67619
1.020 1.105 67702
1.009 1.105 67785
1.018 1.114 67868
1.029 1.111 67951
1.028 1.114 68034
1.043 1.111 68117
1.040 1.117 68200
1.031 1.111 68283
1.030 1.111 68366
1.028 1.117 68449
1.037 1.122 68532
1.035 1.119 68615
1.034 1.122 68698
1.030 1.119 68781
1.040 1.122 68864
1.037 1.122 68947
1.037 1.125 69030
1.034 1.122 69113
1.044 1.137 69196
1.043 1.137 69279
1.037 1.122 69362
1.035 1.137 69445
1.035 1.122 69528
1.043 1.134 69611
1.041 1.137 69694
1.039 1.134 69777
1.037 1.134 69860
1.045 1.146 69943
1.043 1.140 70026
1.043 1.143 70109
1.039 1.149 70192
1.037 1.149 70275
1.046 1.146 70358
1.043 1.146 70441
1.042 1.146 70524
1.039 1.146 70607
1.046 1.146 70690
1.045 1.160 70773
1.043 1.146 70856
1.042 1.146 70939
1.039 1.160 71022
1.045 1.157 71105
1.046 1.160 71188
1.043 1.157 71271
1.042 1.157 71354
1.046 1.157 71437
1.045 1.163 71520
1.045 1.157 71603
1.044 1.169 71686
1.043 1.163 71769
1.046 1.169 71852
1.046 1.169 71935
1.046 1.169 72018
1.046 1.169 72101
1.046 1.169 72184
1.046 1.169 72267
1.046 1.169 72350
1.047 1.184 72433
1.046 1.169 72516
1.046 1.169 72599
1.047 1.184 72682
1.046 1.169 72765
1.046 1.181 72848
1.046 1.181 72931
1.045 1.181 73014
1.046 1.181 73097
1.046 1.181 73180
1.046 1.187 73263
1.046 1.189 73346
1.047 1.195 73429
1.046 1.192 73512
1.046 1.192 73595
1.046 1.195 73678
1.046 1.192 73761
1.046 1.192 73844
1.046 1.192 73927
1.046 1.192 74010
1.047 1.207 74093
1.047 1.207 74176
1.047 1.207 74259
1.045 1.204 74342
1.046 1.204 74425
1.047 1.204 74508
1.046 1.207 74591
1.046 1.207 74674
1.047 1.207 74757
1.047 1.207 74840
1.047 1.207 74923
1.047 1.213 75006
1.047 1.213 75089
1.045 1.216 75172
1.046 1.216 75255
1.046 1.216 75338
1.046 1.216 75421
1.045 1.216 75504
1.045 1.216 75587
1.046 1.216 75670
1.045 1.216 75753
1.046 1.216 75836
1.047 1.230 75919
1.046 1.216 76002
1.046 1.216 76085
1.046 1.227 76168
1.047 1.230 76251
1.047 1.233 76334
1.045 1.216 76417
1.046 1.227 76500
1.046 1.233 76583
1.045 1.227 76666
1.048 1.239 76749
1.047 1.242 76832
1.046 1.239 76915
1.047 1.242 76998
1.047 1.242 77081
1.046 1.239 77164
1.047 1.254 77247
1.046 1.239 77330
1.047 1.254 77413
1.046 1.251 77496
1.047 1.254 77579
1.047 1.254 77662
1.046 1.251 77745
1.047 1.254 77828
1.046 1.251 77911
1.047 1.254 77994
1.046 1.251 78077
1.046 1.251 78160
1.046 1.257 78243
1.047 1.259 78326
1.047 1.259 78409
1.046 1.262 78492
1.047 1.259 78575
1.046 1.262 78658
1.046 1.262 78741
1.046 1.262 78824
1.046 1.262 78907
1.046 1.262 78990
1.046 1.277 79073
1.045 1.262 79156
1.046 1.274 79239
1.046 1.274 79322
1.046 1.262 79405
1.045 1.262 79488
1.046 1.274 79571
1.045 1.274 79654
1.046 1.274 79737
1.047 1.280 79820
  
  
  
  
  
  
  
  
  
  
  
  
  
  
  
  
  
  
  
  
  
  
  
  
  
  
  
  
  
  
  
  
  
  
  
  
  
  
  
  
  
  
  
  
  
  
  
  
  
  
  
  
  
  
  
  
  
  
  
  
  
  
  
  
  
  
  
  
  
  
  
  
  
  
  
  
  
  
  
  
  
  
  
  
  
  
  
  
  
  
  
  
  
  
  
  
  
  
  
  
  
  
  
  
  
  
  
  
  
  
  
  
  
  
  
  
  
  
  
  
  
  
  
  
  
  
