  
  
  
  
  
0.000 0.000 57
0.000 0.000 185
0.000 0.000 313
0.032 0.052 441
0.032 0.052 569
0.015 0.064 697
0.015 0.064 825
0.015 0.064 953
0.010 0.069 1081
0.010 0.069 1209
0.010 0.069 1337
0.010 0.087 1465
0.010 0.087 1593
0.010 0.087 1721
0.010 0.087 1849
0.010 0.087 1977
0.008 0.093 2105
0.008 0.093 2233
0.008 0.093 2361
0.010 0.093 2489
0.010 0.093 2617
0.010 0.093 2745
0.010 0.099 2873
0.010 0.099 3001
0.009 0.110 3129
0.009 0.110 3257
0.009 0.110 3385
0.010 0.110 3513
0.010 0.110 3641
0.010 0.110 3769
0.010 0.122 3897
0.010 0.122 4025
0.013 0.134 4153
0.013 0.134 4281
0.013 0.134 4409
0.009 0.134 4537
0.009 0.134 4665
0.009 0.134 4793
0.008 0.134 4921
0.008 0.134 5049
0.011 0.145 5177
0.011 0.145 5305
0.011 0.145 5433
0.009 0.145 5561
0.009 0.145 5689
0.009 0.145 5817
0.010 0.157 5945
0.010 0.157 6073
0.010 0.157 6201
0.011 0.157 6329
0.011 0.157 6457
0.013 0.163 6585
0.013 0.163 6713
0.013 0.163 6841
0.013 0.163 6969
0.013 0.163 7097
0.013 0.163 7225
0.013 0.180 7353
0.013 0.180 7481
0.013 0.180 7609
0.013 0.180 7737
0.013 0.180 7865
0.011 0.180 7993
0.011 0.180 8121
0.011 0.180 8249
0.010 0.186 8377
0.010 0.186 8505
0.011 0.192 8633
0.011 0.192 8761
0.011 0.192 8889
0.013 0.204 9017
0.013 0.204 9145
0.013 0.204 9273
0.010 0.204 9401
0.010 0.204 9529
0.011 0.209 9657
0.011 0.209 9785
0.011 0.209 9913
0.010 0.215 10041
0.010 0.215 10169
0.010 0.215 10297
0.013 0.215 10425
0.013 0.215 10553
0.013 0.215 10681
0.008 0.227 10809
0.008 0.227 10937
0.009 0.227 11065
0.009 0.227 11193
0.009 0.227 11321
0.011 0.230 11449
0.011 0.230 11577
0.011 0.230 11705
0.008 0.239 11833
0.008 0.239 11961
0.010 0.250 12089
0.010 0.250 12217
0.010 0.250 12345
0.010 0.250 12473
0.010 0.250 12601
0.010 0.250 12729
0.015 0.256 12857
0.015 0.256 12985
0.010 0.256 13113
0.010 0.256 13241
0.010 0.256 13369
0.011 0.274 13497
0.011 0.274 13625
0.011 0.274 13753
0.010 0.274 13881
0.010 0.274 14009
0.008 0.274 14137
0.008 0.274 14265
0.008 0.274 14393
0.009 0.285 14521
0.009 0.285 14649
0.009 0.285 14777
0.010 0.285 14905
0.010 0.285 15033
0.010 0.285 15161
0.010 0.297 15289
0.010 0.297 15417
0.009 0.297 15545
0.009 0.297 15673
0.009 0.297 15801
0.010 0.297 15929
0.010 0.297 16057
0.010 0.297 16185
0.014 0.320 16313
0.014 0.320 16441
0.008 0.306 16569
0.008 0.306 16697
0.008 0.306 16825
0.009 0.320 16953
0.009 0.320 17081
0.009 0.320 17209
0.009 0.320 17337
0.009 0.320 17465
0.010 0.332 17593
0.010 0.332 17721
0.010 0.332 17849
0.008 0.332 17977
0.008 0.332 18105
0.008 0.332 18233
0.010 0.349 18361
0.010 0.349 18489
0.010 0.344 18617
0.010 0.344 18745
0.010 0.344 18873
0.009 0.349 19001
0.009 0.349 19129
0.009 0.349 19257
0.008 0.355 19385
0.008 0.355 19513
0.008 0.355 19641
0.009 0.367 19769
0.009 0.367 19897
0.010 0.367 20025
0.010 0.367 20153
0.010 0.367 20281
0.009 0.370 20409
0.009 0.370 20537
0.009 0.370 20665
0.010 0.373 20793
0.010 0.373 20921
0.010 0.390 21049
0.010 0.390 21177
0.010 0.390 21305
0.009 0.390 21433
0.009 0.390 21561
0.009 0.390 21689
0.010 0.402 21817
0.010 0.402 21945
0.010 0.402 22073
0.010 0.402 22201
0.010 0.402 22329
0.013 0.414 22457
0.013 0.414 22585
0.013 0.414 22713
0.008 0.414 22841
0.008 0.414 22969
0.009 0.414 23097
0.009 0.414 23225
0.009 0.414 23353
0.009 0.414 23481
0.009 0.414 23609
0.009 0.414 23737
0.009 0.437 23865
0.009 0.437 23993
0.009 0.437 24121
0.009 0.437 24249
0.009 0.437 24377
0.010 0.437 24505
0.010 0.437 24633
0.010 0.437 24761
0.010 0.449 24889
0.010 0.449 25017
0.010 0.449 25145
0.009 0.449 25273
0.009 0.449 25401
0.010 0.460 25529
0.010 0.460 25657
0.010 0.460 25785
0.011 0.454 25913
0.011 0.454 26041
0.011 0.454 26169
0.008 0.466 26297
0.008 0.466 26425
0.009 0.472 26553
0.009 0.472 26681
0.009 0.472 26809
0.009 0.484 26937
0.009 0.484 27065
0.009 0.484 27193
0.011 0.484 27321
0.011 0.484 27449
0.009 0.489 27577
0.009 0.489 27705
0.009 0.489 27833
0.010 0.495 27961
0.010 0.495 28089
0.010 0.495 28217
0.011 0.507 28345
0.011 0.507 28473
0.011 0.507 28601
0.008 0.507 28729
0.008 0.507 28857
0.009 0.507 28985
0.009 0.507 29113
0.009 0.507 29241
0.009 0.519 29369
0.009 0.519 29497
0.009 0.519 29625
0.010 0.530 29753
0.010 0.530 29881
0.009 0.530 30009
0.009 0.530 30137
0.009 0.530 30265
0.010 0.530 30393
0.010 0.530 30521
0.010 0.530 30649
0.010 0.536 30777
0.010 0.536 30905
0.009 0.542 31033
0.009 0.542 31161
0.009 0.542 31289
0.010 0.554 31417
0.010 0.554 31545
0.010 0.554 31673
0.013 0.554 31801
0.013 0.554 31929
0.012 0.554 32057
0.012 0.554 32185
0.012 0.554 32313
0.008 0.565 32441
0.008 0.565 32569
0.008 0.565 32697
0.009 0.577 32825
0.009 0.577 32953
0.009 0.577 33081
0.009 0.577 33209
0.009 0.577 33337
0.008 0.577 33465
0.008 0.577 33593
0.008 0.577 33721
0.009 0.580 33849
0.009 0.580 33977
0.009 0.580 34105
0.010 0.600 34233
0.010 0.600 34361
0.013 0.600 34489
0.013 0.600 34617
0.013 0.600 34745
0.008 0.600 34873
0.008 0.600 35001
0.008 0.600 35129
0.009 0.606 35257
0.009 0.606 35385
0.009 0.624 35513
0.009 0.624 35641
0.009 0.624 35769
0.008 0.612 35897
0.008 0.612 36025
0.008 0.612 36153
0.009 0.624 36281
0.009 0.624 36409
0.011 0.629 36537
0.011 0.629 36665
0.011 0.629 36793
0.010 0.635 36921
0.010 0.635 37049
0.010 0.635 37177
0.010 0.647 37305
0.010 0.647 37433
0.010 0.647 37561
0.010 0.647 37689
0.010 0.647 37817
0.011 0.647 37945
0.011 0.647 38073
0.011 0.647 38201
0.009 0.659 38329
0.009 0.659 38457
0.009 0.659 38585
0.008 0.670 38713
0.008 0.670 38841
0.009 0.670 38969
0.009 0.670 39097
0.009 0.670 39225
0.010 0.670 39353
0.010 0.670 39481
0.010 0.670 39609
0.008 0.673 39737
0.008 0.673 39865
0.010 0.679 39993
0.010 0.679 40121
0.010 0.679 40249
0.011 0.694 40377
0.011 0.694 40505
0.011 0.694 40633
0.012 0.685 40761
0.012 0.685 40889
0.009 0.699 41017
0.009 0.699 41145
0.009 0.699 41273
0.009 0.705 41401
0.009 0.705 41529
0.009 0.705 41657
0.010 0.717 41785
0.010 0.717 41913
0.010 0.717 42041
0.008 0.717 42169
0.008 0.717 42297
0.009 0.723 42425
0.009 0.723 42553
0.009 0.723 42681
0.010 0.729 42809
0.010 0.729 42937
0.010 0.729 43065
0.011 0.740 43193
0.011 0.740 43321
0.010 0.740 43449
0.010 0.740 43577
0.010 0.740 43705
0.010 0.740 43833
0.010 0.740 43961
0.010 0.740 44089
0.011 0.746 44217
0.011 0.746 44345
0.009 0.764 44473
0.009 0.764 44601
0.009 0.764 44729
0.008 0.764 44857
0.008 0.764 44985
0.008 0.764 45113
0.010 0.764 45241
0.010 0.764 45369
0.010 0.767 45497
0.010 0.767 45625
0.010 0.767 45753
0.009 0.775 45881
0.009 0.775 46009
0.009 0.775 46137
0.010 0.787 46265
0.010 0.787 46393
0.010 0.787 46521
0.010 0.787 46649
0.010 0.787 46777
0.008 0.787 46905
0.008 0.787 47033
0.008 0.787 47161
0.008 0.793 47289
0.008 0.793 47417
0.008 0.793 47545
0.010 0.810 47673
0.010 0.810 47801
0.010 0.810 47929
0.010 0.810 48057
0.010 0.810 48185
0.008 0.810 48313
0.008 0.810 48441
0.008 0.810 48569
0.009 0.822 48697
0.009 0.822 48825
0.010 0.834 48953
0.010 0.834 49081
0.010 0.834 49209
0.010 0.834 49337
0.010 0.834 49465
0.010 0.834 49593
0.010 0.834 49721
0.010 0.834 49849
0.011 0.839 49977
0.011 0.839 50105
0.011 0.839 50233
0.013 0.845 50361
0.013 0.845 50489
0.013 0.845 50617
0.008 0.857 50745
0.008 0.857 50873
0.008 0.857 51001
0.009 0.857 51129
0.009 0.857 51257
0.009 0.857 51385
0.009 0.857 51513
0.009 0.857 51641
0.009 0.869 51769
0.009 0.869 51897
0.009 0.869 52025
0.009 0.880 52153
0.009 0.880 52281
0.010 0.880 52409
0.010 0.880 52537
0.010 0.880 52665
0.011 0.880 52793
0.011 0.880 52921
0.011 0.880 53049
0.010 0.886 53177
0.010 0.886 53305
0.010 0.904 53433
0.010 0.904 53561
0.010 0.904 53689
0.009 0.904 53817
0.009 0.904 53945
0.009 0.904 54073
0.008 0.904 54201
0.008 0.904 54329
0.009 0.909 54457
0.009 0.909 54585
0.009 0.909 54713
0.009 0.909 54841
0.009 0.909 54969
0.009 0.909 55097
0.011 0.927 55225
0.011 0.927 55353
0.011 0.927 55481
0.010 0.927 55609
0.010 0.927 55737
0.010 0.933 55865
0.010 0.933 55993
0.010 0.933 56121
0.011 0.939 56249
0.011 0.939 56377
0.011 0.939 56505
0.008 0.950 56633
0.008 0.950 56761
0.008 0.950 56889
0.008 0.950 57017
0.008 0.950 57145
0.009 0.950 57273
0.009 0.950 57401
0.009 0.950 57529
0.010 0.962 57657
0.010 0.962 57785
0.009 0.974 57913
0.009 0.974 58041
0.009 0.974 58169
0.009 0.962 58297
0.009 0.962 58425
0.009 0.962 58553
0.010 0.974 58681
0.010 0.974 58809
0.009 0.979 58937
0.009 0.979 59065
0.009 0.979 59193
0.010 0.997 59321
0.010 0.997 59449
0.010 0.997 59577
0.011 0.997 59705
0.011 0.997 59833
0.011 0.997 59961
0.013 0.997 60089
0.013 0.997 60217
0.008 1.003 60345
0.008 1.003 60473
0.008 1.003 60601
0.008 1.003 60729
0.008 1.003 60857
0.008 1.003 60985
0.010 1.020 61113
0.010 1.020 61241
0.009 1.020 61369
0.009 1.020 61497
0.009 1.020 61625
0.010 1.020 61753
0.010 1.020 61881
0.010 1.020 62009
0.013 1.044 62137
0.013 1.044 62265
0.013 1.044 62393
0.013 1.044 62521
0.013 1.044 62649
0.008 1.044 62777
0.008 1.044 62905
0.008 1.044 63033
0.009 1.044 63161
0.009 1.044 63289
0.009 1.044 63417
0.009 1.044 63545
0.009 1.044 63673
0.009 1.052 63801
0.009 1.052 63929
0.009 1.052 64057
0.009 1.067 64185
0.009 1.067 64313
0.009 1.067 64441
0.010 1.067 64569
0.010 1.067 64697
0.010 1.067 64825
0.010 1.067 64953
0.010 1.067 65081
0.009 1.079 65209
0.009 1.079 65337
0.009 1.079 65465
0.010 1.090 65593
0.010 1.090 65721
0.010 1.090 65849
0.010 1.090 65977
0.010 1.090 66105
0.008 1.096 66233
0.008 1.096 66361
0.008 1.096 66489
0.008 1.096 66617
0.008 1.096 66745
0.009 1.114 66873
0.009 1.114 67001
0.009 1.114 67129
0.010 1.114 67257
0.010 1.114 67385
0.010 1.114 67513
0.007 1.114 67641
0.007 1.114 67769
0.009 1.119 67897
0.009 1.119 68025
0.009 1.119 68153
0.011 1.125 68281
0.011 1.125 68409
0.011 1.125 68537
0.008 1.137 68665
0.008 1.137 68793
0.008 1.137 68921
0.009 1.137 69049
0.009 1.137 69177
0.009 1.143 69305
0.009 1.143 69433
0.009 1.143 69561
0.009 1.149 69689
0.009 1.149 69817
0.009 1.149 69945
0.009 1.160 70073
0.009 1.160 70201
0.009 1.160 70329
0.009 1.160 70457
0.009 1.160 70585
0.010 1.160 70713
0.010 1.160 70841
0.010 1.160 70969
0.011 1.172 71097
0.011 1.172 71225
0.009 1.172 71353
0.009 1.172 71481
0.009 1.172 71609
0.010 1.184 71737
0.010 1.184 71865
0.010 1.184 71993
0.010 1.184 72121
0.010 1.184 72249
0.008 1.195 72377
0.008 1.195 72505
0.008 1.195 72633
0.008 1.207 72761
0.008 1.207 72889
0.008 1.207 73017
0.010 1.207 73145
0.010 1.207 73273
0.010 1.207 73401
0.010 1.207 73529
0.010 1.207 73657
0.009 1.213 73785
0.009 1.213 73913
