  
  
0.000 0.000 1
0.013 5.804 12
0.002 -4.953 25
0.003 5.804 36
0.001 -4.854 49
0.001 5.804 60
0.001 -4.877 73
0.001 5.804 84
0.001 -4.889 97
0.002 5.804 108
0.001 -4.889 121
0.001 5.804 133
0.002 -4.883 146
0.003 5.804 158
0.001 -4.889 171
0.001 5.804 183
0.002 -4.883 196
0.004 5.804 208
-0.002 -4.889 221
0.001 5.804 233
0.002 -4.883 246
0.002 5.804 258
0.001 -4.889 271
0.002 5.804 283
0.001 -4.889 296
0.002 5.804 308
-0.002 -4.889 321
0.001 5.804 333
0.002 -4.889 346
0.002 5.804 358
-0.002 -4.889 371
0.002 5.804 383
0.002 -4.883 396
0.003 5.804 408
0.001 -4.886 421
0.001 5.804 433
0.002 -4.883 446
0.003 5.804 458
0.001 -4.889 471
0.001 5.804 483
0.002 -4.889 496
0.003 5.804 508
  
  
  
  
  
  
  
  
  
  
  
  
  
0.000 0.000 1
0.005 5.804 12
0.004 -4.883 25
0.004 5.804 36
0.004 -4.871 49
0.004 5.804 60
0.001 -4.830 73
0.004 5.804 84
0.001 -4.848 97
0.002 5.804 108
0.001 -4.976 121
0.001 5.804 133
0.003 -4.970 146
0.004 5.804 158
0.001 -4.979 171
0.002 5.804 183
0.001 -4.979 196
0.002 5.804 208
0.001 -4.979 221
0.004 5.804 233
0.001 -4.979 246
0.002 5.804 258
0.001 -4.979 271
0.004 5.804 283
0.001 -4.979 296
-0.002 -4.988 471
0.001 5.804 483
-0.000 -4.982 496
0.001 5.804 508
  
  
  
  
  
