  
-0.008 0.685 57
-0.422 0.498 107
-0.421 0.457 157
-0.421 0.405 207
-0.421 0.358 257
-0.392 0.300 307
-0.359 0.288 357
-0.317 0.241 407
-0.294 0.221 457
-0.258 0.206 507
-0.233 0.241 557
-0.207 0.200 607
-0.194 0.174 657
-0.169 0.171 707
-0.158 0.171 757
-0.137 0.154 807
-0.122 0.160 857
-0.114 0.113 907
-0.105 0.101 957
-0.086 0.136 1007
-0.079 0.136 1057
-0.070 0.125 1107
-0.063 0.125 1157
-0.058 0.087 1207
-0.052 0.101 1257
-0.047 0.081 1307
-0.040 0.087 1357
-0.035 0.087 1407
-0.032 0.084 1457
-0.028 0.078 1507
-0.025 0.084 1557
-0.021 0.084 1607
-0.012 0.125 1657
-0.011 0.101 1707
-0.010 0.101 1757
-0.010 0.087 1807
-0.008 0.081 1857
-0.008 0.081 1907
-0.005 0.084 1957
-0.005 0.078 2007
-0.004 0.078 2057
-0.003 0.069 2107
-0.001 0.084 2157
0.000 0.084 2207
0.000 0.084 2257
0.003 0.084 2307
0.005 0.090 2357
0.005 0.081 2407
0.007 0.107 2457
0.008 0.101 2507
0.005 0.087 2557
0.009 0.101 2607
0.007 0.101 2657
0.008 0.101 2707
0.007 0.101 2757
0.009 0.087 2807
0.009 0.101 2857
0.008 0.087 2907
0.010 0.101 2957
0.009 0.107 3007
0.010 0.107 3057
0.011 0.113 3107
0.011 0.113 3157
0.011 0.125 3207
0.013 0.125 3257
0.011 0.125 3307
0.009 0.125 3357
0.010 0.113 3407
0.012 0.125 3457
0.010 0.125 3507
0.009 0.125 3557
0.011 0.125 3607
0.014 0.133 3657
0.013 0.160 3707
0.013 0.160 3757
0.012 0.148 3807
0.012 0.139 3857
0.013 0.148 3907
0.013 0.154 3957
0.012 0.148 4007
0.012 0.160 4057
0.012 0.160 4107
0.013 0.171 4157
0.012 0.163 4207
0.013 0.171 4257
0.013 0.171 4307
0.013 0.177 4357
0.015 0.195 4407
0.015 0.180 4457
0.016 0.195 4507
0.013 0.195 4557
0.016 0.195 4607
0.014 0.195 4657
0.015 0.195 4707
0.013 0.195 4757
0.015 0.200 4807
0.015 0.195 4857
0.015 0.200 4907
0.015 0.195 4957
0.013 0.198 5007
0.014 0.206 5057
0.014 0.206 5107
0.014 0.218 5157
0.014 0.206 5207
0.014 0.209 5257
0.013 0.218 5307
0.014 0.218 5357
0.014 0.218 5407
0.014 0.218 5457
0.013 0.230 5507
0.014 0.230 5557
0.014 0.227 5607
0.013 0.241 5657
0.013 0.241 5707
0.014 0.241 5757
0.013 0.241 5807
0.014 0.247 5857
0.014 0.241 5907
0.015 0.253 5957
0.013 0.253 6007
0.013 0.253 6057
0.013 0.253 6107
0.012 0.265 6157
0.013 0.265 6207
0.014 0.270 6257
0.012 0.270 6307
0.013 0.265 6357
0.012 0.265 6407
0.013 0.270 6457
0.014 0.270 6507
0.013 0.288 6557
0.013 0.273 6607
0.012 0.273 6657
0.017 0.300 6707
0.015 0.311 6757
0.015 0.291 6807
0.009 0.273 6857
0.014 0.288 6907
0.014 0.288 6957
0.015 0.300 7007
0.016 0.300 7057
0.015 0.311 7107
0.015 0.311 7157
0.015 0.323 7207
0.015 0.323 7257
0.015 0.323 7307
0.016 0.323 7357
0.016 0.335 7407
0.015 0.335 7457
0.016 0.335 7507
0.015 0.326 7557
0.014 0.335 7607
0.014 0.326 7657
0.015 0.340 7707
0.016 0.346 7757
0.015 0.358 7807
0.015 0.358 7857
0.014 0.346 7907
0.015 0.358 7957
0.014 0.358 8007
0.015 0.358 8057
0.014 0.364 8107
0.015 0.370 8157
0.015 0.370 8207
0.015 0.381 8257
0.014 0.370 8307
0.015 0.381 8357
0.015 0.381 8407
0.014 0.381 8457
0.016 0.381 8507
0.015 0.381 8557
0.016 0.393 8607
0.015 0.387 8657
0.017 0.405 8707
0.015 0.405 8757
0.016 0.405 8807
0.014 0.405 8857
0.015 0.396 8907
0.017 0.405 8957
0.016 0.405 9007
0.016 0.408 9057
0.015 0.408 9107
0.017 0.428 9157
0.017 0.413 9207
0.016 0.428 9257
0.015 0.413 9307
0.016 0.428 9357
0.015 0.428 9407
0.016 0.434 9457
0.016 0.434 9507
0.015 0.434 9557
0.016 0.440 9607
0.017 0.451 9657
0.016 0.451 9707
0.016 0.451 9757
0.015 0.451 9807
0.015 0.451 9857
0.013 0.451 9907
0.015 0.457 9957
0.017 0.475 10007
0.015 0.475 10057
0.014 0.475 10107
0.015 0.460 10157
0.014 0.454 10207
0.015 0.475 10257
0.014 0.475 10307
0.014 0.475 10357
0.013 0.475 10407
0.015 0.480 10457
0.014 0.486 10507
0.016 0.486 10557
0.017 0.498 10607
0.015 0.498 10657
0.016 0.498 10707
0.014 0.498 10757
0.018 0.510 10807
0.015 0.510 10857
0.017 0.521 10907
0.017 0.510 10957
0.017 0.510 11007
0.016 0.510 11057
0.015 0.507 11107
0.016 0.521 11157
0.014 0.513 11207
0.016 0.521 11257
0.015 0.513 11307
0.015 0.521 11357
0.015 0.527 11407
0.015 0.524 11457
0.016 0.533 11507
0.015 0.533 11557
0.015 0.545 11607
0.015 0.533 11657
0.014 0.536 11707
0.015 0.550 11757
0.015 0.550 11807
0.015 0.550 11857
0.015 0.568 11907
0.015 0.553 11957
0.016 0.568 12007
0.016 0.568 12057
0.015 0.568 12107
0.016 0.568 12157
0.014 0.574 12207
0.015 0.574 12257
0.015 0.591 12307
0.014 0.591 12357
0.014 0.580 12407
0.015 0.591 12457
0.015 0.591 12507
0.015 0.591 12557
0.016 0.591 12607
0.015 0.597 12657
0.016 0.597 12707
0.014 0.594 12757
0.015 0.615 12807
0.013 0.603 12857
0.016 0.606 12907
0.014 0.615 12957
0.016 0.615 13007
0.017 0.615 13057
0.016 0.615 13107
0.016 0.615 13157
0.016 0.626 13207
0.016 0.626 13257
0.016 0.638 13307
0.016 0.638 13357
0.015 0.626 13407
0.016 0.638 13457
0.014 0.629 13507
0.015 0.638 13557
0.016 0.641 13607
0.014 0.641 13657
0.015 0.650 13707
0.016 0.647 13757
0.016 0.647 13807
0.015 0.661 13857
0.015 0.647 13907
0.016 0.667 13957
0.014 0.661 14007
0.015 0.667 14057
0.015 0.661 14107
0.014 0.673 14157
0.015 0.685 14207
0.015 0.685 14257
0.015 0.673 14307
0.015 0.685 14357
0.015 0.685 14407
0.016 0.690 14457
0.014 0.696 14507
0.015 0.696 14557
0.016 0.690 14607
0.015 0.708 14657
0.017 0.693 14707
0.015 0.708 14757
0.017 0.708 14807
0.015 0.708 14857
