  
  
  
  
0.000 0.000 1
0.014 -0.021 12
0.014 0.002 24
0.015 -0.009 36
0.012 -0.009 48
0.016 0.026 60
0.009 -0.007 72
0.013 0.017 84
0.011 0.005 96
0.008 -0.007 108
0.009 -0.007 120
0.012 -0.009 132
0.009 0.002 144
0.012 0.008 156
0.012 0.026 168
0.012 0.002 180
0.012 0.014 192
0.009 0.014 204
0.009 0.005 216
0.012 0.005 228
0.009 0.014 240
0.012 0.005 252
0.012 0.017 264
0.014 0.026 276
0.014 0.026 288
0.013 0.005 300
0.012 0.026 312
0.011 0.026 324
0.012 0.014 336
0.015 0.026 348
0.013 0.026 360
0.014 0.014 372
0.012 0.037 384
0.012 0.014 396
0.015 0.037 408
0.014 0.028 420
0.012 0.020 432
0.014 0.028 444
0.014 0.037 456
0.014 0.020 468
0.011 0.020 480
0.014 0.017 492
0.013 0.005 504
0.012 0.014 516
0.016 0.008 528
0.014 0.028 540
0.011 0.014 552
0.012 -0.001 564
0.013 0.002 576
0.012 0.002 588
0.011 0.014 600
0.014 0.014 612
0.012 0.026 624
0.009 0.011 636
0.009 0.005 648
0.009 0.005 660
0.012 0.020 672
0.009 0.005 684
0.012 0.020 696
0.012 0.017 708
0.014 0.037 720
0.010 0.026 732
0.009 0.026 744
0.012 0.026 756
0.012 0.026 768
0.011 0.028 780
0.014 0.026 792
0.015 0.037 804
0.010 0.026 816
0.012 0.017 828
0.014 0.037 840
0.012 0.026 852
0.010 0.037 864
0.016 0.026 876
0.010 0.028 888
0.010 0.028 900
0.011 0.028 912
0.012 0.037 924
0.012 0.028 936
0.012 0.037 948
0.011 0.028 960
0.016 0.061 972
0.012 0.061 984
0.013 0.043 996
0.009 0.040 1008
0.012 0.040 1020
0.011 0.043 1032
0.012 0.040 1044
0.012 0.049 1056
0.012 0.040 1068
0.012 0.037 1080
0.014 0.037 1092
0.015 0.061 1104
0.014 0.043 1116
0.010 0.037 1128
0.012 0.037 1140
0.013 0.028 1152
0.011 0.037 1164
0.009 0.046 1176
0.010 0.028 1188
0.012 0.055 1200
0.012 0.037 1212
0.012 0.040 1224
0.012 0.040 1236
0.011 0.046 1248
0.014 0.055 1260
0.014 0.055 1272
0.012 0.049 1284
0.010 0.052 1296
0.013 0.049 1308
0.012 0.052 1320
0.012 0.049 1332
0.011 0.049 1344
0.012 0.049 1356
0.012 0.037 1368
0.009 0.061 1380
0.009 0.052 1392
0.012 0.052 1404
0.012 0.061 1416
0.011 0.052 1428
0.013 0.066 1440
0.012 0.052 1452
0.012 0.049 1464
0.012 0.040 1476
0.012 0.037 1488
0.012 0.040 1500
0.011 0.049 1512
0.011 0.052 1524
0.013 0.055 1536
0.012 0.052 1548
0.014 0.061 1560
0.012 0.052 1572
0.014 0.072 1584
0.012 0.052 1596
0.009 0.049 1608
0.011 0.061 1620
0.014 0.061 1632
0.014 0.061 1644
0.012 0.061 1656
0.012 0.052 1668
0.014 0.055 1680
0.012 0.052 1692
0.012 0.075 1704
0.011 0.061 1716
0.012 0.061 1728
0.012 0.061 1740
0.010 0.052 1752
0.012 0.052 1764
0.014 0.066 1776
0.014 0.072 1788
0.012 0.072 1800
0.009 0.063 1812
0.012 0.066 1824
0.009 0.072 1836
0.012 0.072 1848
0.011 0.063 1860
0.012 0.072 1872
0.014 0.084 1884
0.009 0.075 1896
0.009 0.075 1908
0.009 0.072 1920
0.009 0.072 1932
0.010 0.072 1944
0.012 0.084 1956
0.009 0.072 1968
0.011 0.075 1980
0.012 0.084 1992
0.009 0.075 2004
0.012 0.072 2016
0.012 0.063 2028
0.012 0.061 2040
0.009 0.072 2052
0.012 0.063 2064
0.012 0.075 2076
0.011 0.063 2088
0.012 0.066 2100
0.012 0.072 2112
0.011 0.084 2124
0.012 0.066 2136
0.012 0.075 2148
0.011 0.072 2160
0.012 0.066 2172
0.014 0.078 2184
0.011 0.075 2196
0.012 0.066 2208
0.011 0.084 2220
0.011 0.084 2232
0.011 0.075 2244
0.011 0.084 2256
0.009 0.084 2268
0.012 0.075 2280
0.009 0.084 2292
0.010 0.087 2304
0.010 0.087 2316
0.012 0.096 2328
0.011 0.096 2340
0.012 0.096 2352
0.009 0.096 2364
0.012 0.101 2376
0.011 0.090 2388
0.009 0.096 2400
0.010 0.087 2412
0.012 0.096 2424
0.012 0.096 2436
0.013 0.101 2448
0.009 0.096 2460
0.015 0.101 2472
0.014 0.101 2484
0.014 0.101 2496
0.012 0.072 2508
0.010 0.084 2520
0.012 0.087 2532
0.009 0.087 2544
0.012 0.084 2556
0.012 0.096 2568
0.012 0.096 2580
0.012 0.101 2592
0.014 0.090 2604
0.014 0.096 2616
0.012 0.084 2628
0.009 0.096 2640
0.009 0.087 2652
0.009 0.087 2664
0.011 0.087 2676
0.010 0.090 2688
0.012 0.096 2700
0.012 0.096 2712
0.012 0.087 2724
0.009 0.107 2736
0.008 0.107 2748
0.011 0.096 2760
0.012 0.113 2772
0.012 0.107 2784
0.009 0.098 2796
0.009 0.107 2808
0.011 0.113 2820
0.009 0.098 2832
0.009 0.107 2844
0.012 0.104 2856
0.011 0.113 2868
0.009 0.110 2880
0.012 0.110 2892
0.010 0.096 2904
0.009 0.107 2916
0.010 0.110 2928
0.009 0.110 2940
0.013 0.119 2952
0.014 0.119 2964
0.012 0.107 2976
0.012 0.113 2988
0.012 0.107 3000
0.012 0.110 3012
0.011 0.098 3024
0.013 0.098 3036
0.014 0.119 3048
0.011 0.096 3060
0.013 0.098 3072
0.012 0.096 3084
0.013 0.107 3096
0.014 0.107 3108
0.011 0.098 3120
0.009 0.104 3132
0.014 0.113 3144
0.012 0.096 3156
0.011 0.098 3168
0.012 0.098 3180
0.008 0.110 3192
0.008 0.113 3204
0.009 0.113 3216
0.013 0.119 3228
0.009 0.110 3240
0.009 0.110 3252
0.012 0.119 3264
0.009 0.119 3276
0.011 0.136 3288
0.009 0.110 3300
0.009 0.122 3312
0.012 0.119 3324
0.009 0.119 3336
0.012 0.119 3348
0.010 0.119 3360
0.009 0.131 3372
0.013 0.119 3384
0.011 0.122 3396
0.012 0.136 3408
0.012 0.131 3420
0.013 0.136 3432
0.011 0.119 3444
0.010 0.122 3456
0.009 0.122 3468
0.012 0.119 3480
0.013 0.119 3492
0.014 0.148 3504
0.014 0.119 3516
0.013 0.119 3528
0.012 0.131 3540
0.015 0.119 3552
0.012 0.119 3564
0.012 0.119 3576
0.011 0.107 3588
0.015 0.113 3600
0.014 0.113 3612
0.012 0.113 3624
0.010 0.119 3636
0.012 0.113 3648
0.011 0.113 3660
0.008 0.122 3672
0.011 0.119 3684
0.009 0.119 3696
0.011 0.119 3708
0.008 0.125 3720
0.008 0.122 3732
0.009 0.122 3744
0.010 0.119 3756
0.009 0.122 3768
0.012 0.142 3780
0.008 0.122 3792
0.008 0.131 3804
0.008 0.131 3816
0.009 0.131 3828
0.009 0.133 3840
0.012 0.148 3852
0.012 0.148 3864
0.013 0.148 3876
0.010 0.145 3888
0.010 0.145 3900
0.014 0.154 3912
0.014 0.154 3924
0.010 0.142 3936
0.012 0.145 3948
0.013 0.154 3960
0.010 0.154 3972
0.012 0.154 3984
0.012 0.160 3996
0.014 0.166 4008
0.012 0.160 4020
0.012 0.154 4032
0.013 0.157 4044
0.014 0.160 4056
0.014 0.166 4068
0.012 0.166 4080
0.013 0.168 4092
0.012 0.157 4104
0.013 0.133 4116
0.015 0.148 4128
0.012 0.145 4140
0.012 0.133 4152
0.009 0.142 4164
0.008 0.136 4176
0.007 0.142 4188
0.008 0.133 4200
0.009 0.131 4212
0.009 0.122 4224
0.012 0.136 4236
0.009 0.131 4248
0.009 0.133 4260
0.012 0.148 4272
0.012 0.142 4284
0.009 0.142 4296
0.012 0.154 4308
0.009 0.142 4320
0.013 0.154 4332
0.009 0.145 4344
0.012 0.154 4356
0.011 0.154 4368
0.012 0.160 4380
0.011 0.154 4392
0.010 0.154 4404
0.012 0.154 4416
0.011 0.154 4428
0.010 0.171 4440
0.011 0.160 4452
0.009 0.157 4464
0.012 0.166 4476
0.014 0.166 4488
0.010 0.157 4500
0.012 0.157 4512
0.011 0.157 4524
0.010 0.157 4536
0.011 0.166 4548
0.011 0.157 4560
0.011 0.154 4572
0.010 0.168 4584
0.011 0.154 4596
0.013 0.166 4608
0.010 0.166 4620
0.012 0.157 4632
0.012 0.157 4644
0.012 0.166 4656
0.014 0.166 4668
0.011 0.160 4680
0.012 0.160 4692
0.012 0.157 4704
0.010 0.160 4716
0.011 0.160 4728
0.011 0.166 4740
0.011 0.166 4752
0.010 0.166 4764
0.011 0.168 4776
0.010 0.168 4788
0.012 0.166 4800
0.010 0.168 4812
0.012 0.174 4824
0.011 0.168 4836
0.012 0.177 4848
0.009 0.168 4860
0.012 0.168 4872
0.010 0.177 4884
0.011 0.177 4896
0.009 0.177 4908
0.013 0.171 4920
0.012 0.183 4932
0.011 0.168 4944
0.009 0.166 4956
0.010 0.168 4968
0.011 0.177 4980
0.013 0.177 4992
0.010 0.174 5004
0.009 0.168 5016
0.009 0.168 5028
0.009 0.168 5040
0.012 0.180 5052
0.012 0.177 5064
0.009 0.168 5076
0.012 0.183 5088
0.010 0.180 5100
0.011 0.180 5112
0.009 0.180 5124
0.012 0.183 5136
0.012 0.183 5148
0.012 0.168 5160
0.012 0.177 5172
0.012 0.180 5184
0.012 0.177 5196
0.014 0.177 5208
0.012 0.177 5220
0.014 0.189 5232
0.011 0.180 5244
0.012 0.180 5256
0.014 0.189 5268
0.012 0.195 5280
0.014 0.189 5292
0.011 0.192 5304
0.010 0.177 5316
0.012 0.195 5328
0.012 0.189 5340
0.011 0.186 5352
0.013 0.195 5364
0.010 0.189 5376
0.011 0.192 5388
0.012 0.195 5400
0.010 0.192 5412
0.010 0.192 5424
0.011 0.189 5436
0.010 0.192 5448
0.011 0.192 5460
0.010 0.192 5472
0.011 0.192 5484
0.012 0.192 5496
0.011 0.201 5508
0.009 0.180 5520
0.013 0.212 5532
0.009 0.189 5544
0.009 0.186 5556
0.010 0.192 5568
0.012 0.192 5580
0.011 0.201 5592
0.012 0.189 5604
0.010 0.189 5616
0.012 0.189 5628
0.012 0.192 5640
0.014 0.195 5652
0.012 0.189 5664
0.008 0.192 5676
0.014 0.201 5688
0.011 0.203 5700
0.011 0.192 5712
0.009 0.192 5724
0.012 0.192 5736
0.012 0.201 5748
0.010 0.192 5760
0.012 0.192 5772
0.012 0.201 5784
0.010 0.201 5796
0.012 0.212 5808
0.011 0.201 5820
0.009 0.212 5832
0.010 0.201 5844
0.010 0.212 5856
0.010 0.203 5868
0.010 0.212 5880
0.009 0.215 5892
0.010 0.212 5904
0.010 0.215 5916
0.010 0.201 5928
0.011 0.203 5940
0.009 0.212 5952
0.010 0.212 5964
0.011 0.215 5976
0.011 0.212 5988
0.012 0.212 6000
0.011 0.201 6012
0.012 0.192 6024
0.013 0.212 6036
0.012 0.192 6048
0.010 0.212 6060
0.009 0.212 6072
0.012 0.201 6084
0.012 0.203 6096
0.012 0.201 6108
0.011 0.212 6120
0.011 0.203 6132
0.010 0.212 6144
0.012 0.203 6156
0.011 0.203 6168
0.009 0.203 6180
0.012 0.201 6192
0.008 0.212 6204
0.012 0.212 6216
0.010 0.203 6228
0.012 0.203 6240
0.009 0.212 6252
0.012 0.212 6264
0.009 0.215 6276
0.009 0.212 6288
0.009 0.212 6300
0.009 0.215 6312
0.009 0.215 6324
0.009 0.224 6336
0.012 0.236 6348
0.012 0.212 6360
0.010 0.224 6372
0.012 0.230 6384
0.014 0.236 6396
0.010 0.224 6408
0.013 0.241 6420
0.014 0.241 6432
0.011 0.227 6444
0.009 0.230 6456
0.011 0.233 6468
0.012 0.227 6480
0.011 0.230 6492
0.013 0.241 6504
0.012 0.212 6516
0.012 0.206 6528
0.011 0.227 6540
0.012 0.224 6552
0.012 0.212 6564
0.012 0.215 6576
0.012 0.215 6588
0.012 0.215 6600
0.012 0.215 6612
0.012 0.221 6624
0.009 0.215 6636
0.012 0.230 6648
0.011 0.215 6660
0.010 0.224 6672
0.009 0.224 6684
0.008 0.230 6696
0.009 0.215 6708
0.009 0.224 6720
0.009 0.227 6732
0.012 0.241 6744
0.009 0.224 6756
0.012 0.241 6768
0.012 0.247 6780
0.009 0.230 6792
0.009 0.236 6804
0.009 0.236 6816
0.009 0.236 6828
0.010 0.236 6840
0.011 0.238 6852
0.009 0.236 6864
0.012 0.238 6876
0.010 0.250 6888
0.010 0.238 6900
0.012 0.247 6912
0.011 0.247 6924
0.012 0.259 6936
0.011 0.247 6948
0.014 0.253 6960
0.012 0.247 6972
0.013 0.259 6984
0.011 0.238 6996
0.011 0.247 7008
0.014 0.247 7020
0.012 0.250 7032
0.012 0.247 7044
0.012 0.247 7056
0.014 0.241 7068
0.012 0.238 7080
0.010 0.227 7092
0.009 0.236 7104
0.011 0.236 7116
0.008 0.224 7128
0.008 0.227 7140
0.009 0.236 7152
0.009 0.227 7164
0.009 0.230 7176
0.009 0.236 7188
0.008 0.233 7200
0.008 0.238 7212
0.008 0.238 7224
0.009 0.238 7236
0.009 0.238 7248
0.011 0.241 7260
0.009 0.238 7272
0.009 0.247 7284
0.009 0.238 7296
0.008 0.247 7308
0.012 0.259 7320
0.009 0.250 7332
0.009 0.250 7344
0.010 0.250 7356
0.013 0.247 7368
0.011 0.250 7380
0.011 0.250 7392
0.013 0.247 7404
0.012 0.259 7416
0.009 0.247 7428
0.009 0.238 7440
0.009 0.253 7452
0.014 0.271 7464
0.012 0.262 7476
0.012 0.276 7488
0.012 0.262 7500
0.013 0.265 7512
0.012 0.271 7524
0.014 0.271 7536
0.012 0.259 7548
0.011 0.262 7560
0.009 0.253 7572
0.009 0.250 7584
0.009 0.259 7596
0.012 0.259 7608
0.009 0.256 7620
0.011 0.250 7632
0.012 0.259 7644
0.012 0.259 7656
0.009 0.259 7668
0.011 0.259 7680
0.009 0.259 7692
0.011 0.259 7704
0.012 0.259 7716
0.009 0.256 7728
0.012 0.259 7740
0.009 0.259 7752
0.012 0.265 7764
0.011 0.259 7776
0.009 0.256 7788
0.008 0.259 7800
0.010 0.259 7812
0.009 0.259 7824
0.011 0.262 7836
0.010 0.262 7848
0.009 0.268 7860
0.009 0.271 7872
0.009 0.262 7884
0.012 0.265 7896
0.009 0.262 7908
0.009 0.259 7920
0.011 0.271 7933
0.011 0.259 7946
0.009 0.262 7959
  
  
  
  
  
0.013 0.271 79.
0.000 0.000 1
0.004 2.093 12
0.003 2.093 24
0.002 2.093 36
0.003 2.093 48
0.005 2.102 60
0.003 2.099 72
0.002 2.102 84
0.006 2.108 96
0.002 2.091 108
0.005 2.108 120
0.003 2.093 132
0.003 2.093 144
0.005 2.114 156
0.003 2.093 168
0.004 2.108 180
0.001 2.093 192
0.003 2.096 204
0.003 2.093 216
0.001 2.099 228
0.003 2.091 240
0.002 2.102 252
0.006 2.102 264
0.004 2.091 276
0.004 2.093 288
0.005 2.108 300
0.003 2.093 312
0.003 2.091 324
0.005 2.102 336
0.003 2.091 348
0.003 2.091 360
0.003 2.093 372
0.003 2.091 384
0.005 2.102 396
0.003 2.096 408
0.001 2.093 420
0.005 2.108 432
0.003 2.093 444
0.003 2.093 456
0.003 2.091 468
0.006 2.079 480
0.003 2.082 492
0.006 2.091 504
0.006 2.096 516
0.002 2.091 528
0.003 2.108 540
0.004 2.091 552
0.003 2.082 564
0.002 2.091 576
0.002 2.082 588
0.001 2.091 600
0.005 2.096 612
0.004 2.082 624
0.003 2.082 636
0.003 2.091 648
0.003 2.091 660
0.002 2.091 672
0.003 2.082 684
0.004 2.091 696
0.004 2.082 708
0.002 2.091 720
0.005 2.091 732
0.003 2.091 744
0.003 2.079 756
0.005 2.091 768
0.005 2.079 780
0.006 2.091 792
0.002 2.091 804
0.004 2.096 816
0.002 2.082 828
0.003 2.091 840
0.004 2.091 852
0.003 2.082 864
0.003 2.091 876
0.003 2.082 888
0.003 2.082 900
0.004 2.082 912
0.005 2.096 924
0.003 2.082 936
0.003 2.082 948
0.003 2.079 960
0.003 2.082 972
0.003 2.091 984
0.004 2.091 996
0.003 2.082 1008
0.003 2.082 1020
0.003 2.093 1032
0.003 2.082 1044
0.003 2.082 1056
0.004 2.082 1068
0.003 2.079 1080
0.003 2.091 1092
0.004 2.082 1104
0.006 2.096 1116
0.003 2.082 1128
0.003 2.091 1140
0.005 2.096 1152
0.002 2.082 1164
0.003 2.070 1176
0.005 2.091 1188
0.004 2.091 1200
0.004 2.082 1212
0.003 2.082 1224
0.003 2.082 1236
0.005 2.079 1248
0.003 2.079 1260
0.004 2.079 1272
0.004 2.079 1284
0.003 2.082 1296
0.004 2.079 1308
0.003 2.079 1320
0.006 2.079 1332
0.004 2.091 1344
0.003 2.082 1356
0.004 2.091 1368
0.003 2.082 1380
0.003 2.082 1392
0.005 2.079 1404
0.004 2.079 1416
0.003 2.079 1428
0.002 2.079 1440
0.005 2.091 1452
0.003 2.082 1464
0.004 2.082 1476
0.004 2.073 1488
0.004 2.073 1500
0.004 2.082 1512
0.004 2.082 1524
0.003 2.079 1536
0.003 2.082 1548
0.002 2.082 1560
0.006 2.091 1572
0.002 2.079 1584
0.005 2.096 1596
0.003 2.082 1608
0.002 2.079 1620
0.005 2.091 1632
0.003 2.082 1644
0.003 2.082 1656
0.005 2.096 1668
0.003 2.082 1680
0.003 2.079 1692
0.004 2.082 1704
0.005 2.096 1716
0.002 2.082 1728
0.003 2.085 1740
0.003 2.082 1752
0.005 2.079 1764
0.003 2.067 1776
0.005 2.091 1788
0.003 2.079 1800
0.002 2.079 1812
0.003 2.079 1824
0.005 2.079 1836
0.003 2.079 1848
0.004 2.082 1860
0.005 2.079 1872
0.003 2.079 1884
0.003 2.079 1896
0.003 2.079 1908
0.003 2.082 1920
0.003 2.082 1932
0.004 2.079 1944
0.003 2.082 1956
0.005 2.091 1968
0.003 2.082 1980
0.004 2.082 1992
0.006 2.079 2004
0.005 2.079 2016
0.003 2.070 2028
0.004 2.073 2040
0.003 2.082 2052
0.006 2.079 2064
0.004 2.067 2076
0.005 2.079 2088
0.004 2.079 2100
0.004 2.102 2112
0.003 2.070 2124
0.006 2.079 2136
0.004 2.070 2148
0.004 2.070 2160
0.006 2.079 2172
0.003 2.079 2184
0.007 2.079 2196
0.006 2.079 2208
0.005 2.079 2220
0.003 2.079 2232
0.003 2.070 2244
0.006 2.079 2256
0.003 2.082 2268
0.003 2.082 2280
0.003 2.079 2292
0.003 2.070 2304
0.003 2.079 2316
0.002 2.082 2328
0.001 2.070 2340
0.003 2.079 2352
0.001 2.079 2364
0.002 2.079 2376
0.003 2.082 2388
0.004 2.082 2400
0.004 2.079 2412
0.003 2.070 2424
0.003 2.082 2436
0.001 2.079 2448
0.003 2.085 2460
0.006 2.079 2472
0.003 2.082 2484
0.003 2.082 2496
0.005 2.079 2508
0.002 2.082 2520
0.003 2.073 2532
0.006 2.079 2544
0.004 2.070 2556
0.004 2.082 2568
0.006 2.091 2580
0.003 2.070 2592
0.007 2.079 2604
0.004 2.070 2616
0.003 2.079 2628
0.003 2.067 2640
0.003 2.079 2652
0.004 2.070 2664
0.004 2.079 2676
0.003 2.070 2688
0.003 2.076 2700
0.003 2.079 2712
0.004 2.079 2724
0.003 2.070 2736
0.003 2.070 2748
0.003 2.070 2760
0.003 2.070 2772
0.003 2.079 2784
0.001 2.082 2796
0.003 2.079 2808
0.003 2.070 2820
0.004 2.079 2832
0.002 2.070 2844
0.005 2.079 2856
0.002 2.082 2868
0.003 2.079 2880
0.003 2.079 2892
0.006 2.079 2904
0.003 2.079 2916
0.002 2.079 2928
0.002 2.073 2940
0.004 2.082 2952
0.006 2.067 2964
0.002 2.082 2976
0.006 2.079 2988
0.006 2.079 3000
0.006 2.079 3012
0.005 2.079 3024
0.003 2.079 3036
0.003 2.076 3048
0.004 2.076 3060
0.003 2.079 3072
0.005 2.067 3084
0.003 2.079 3096
0.004 2.070 3108
0.003 2.079 3120
0.003 2.079 3132
0.003 2.079 3144
0.006 2.079 3156
0.002 2.079 3168
0.003 2.070 3180
0.003 2.082 3192
0.005 2.079 3204
0.001 2.079 3216
0.003 2.082 3228
0.001 2.079 3240
0.006 2.079 3252
0.003 2.079 3264
0.005 2.079 3276
0.003 2.079 3288
0.002 2.079 3300
0.005 2.079 3312
0.003 2.079 3324
0.005 2.079 3336
0.003 2.082 3348
0.003 2.082 3360
0.004 2.073 3372
0.003 2.070 3384
0.003 2.079 3396
0.002 2.067 3408
0.005 2.079 3420
0.005 2.079 3432
0.004 2.079 3444
0.003 2.079 3456
0.003 2.079 3468
0.001 2.082 3480
0.003 2.079 3492
0.004 2.070 3504
0.003 2.079 3516
0.003 2.079 3528
0.004 2.070 3540
0.005 2.079 3552
0.001 2.076 3564
0.003 2.079 3576
0.003 2.079 3588
0.003 2.070 3600
0.005 2.079 3612
0.003 2.070 3624
0.004 2.082 3636
0.003 2.082 3648
0.003 2.070 3660
0.004 2.082 3672
0.003 2.079 3684
0.001 2.058 3696
0.003 2.070 3708
0.003 2.079 3720
0.003 2.079 3732
0.002 2.079 3744
0.004 2.070 3756
0.003 2.070 3768
0.002 2.070 3780
0.003 2.070 3792
0.005 2.079 3804
0.001 2.079 3816
0.003 2.079 3828
0.002 2.079 3840
0.005 2.079 3852
0.002 2.070 3864
0.005 2.079 3876
0.003 2.079 3888
0.003 2.067 3900
0.003 2.076 3912
0.004 2.070 3924
0.003 2.070 3936
0.003 2.070 3948
0.002 2.079 3960
0.005 2.079 3972
0.005 2.093 3984
0.004 2.079 3996
0.002 2.070 4008
0.001 2.076 4020
0.006 2.079 4032
0.003 2.070 4044
0.005 2.079 4056
0.001 2.070 4068
0.004 2.079 4080
0.003 2.070 4092
0.002 2.070 4104
0.005 2.079 4116
0.003 2.058 4128
0.002 2.070 4140
0.004 2.070 4152
0.003 2.076 4164
0.003 2.058 4176
0.004 2.070 4188
0.003 2.067 4200
0.005 2.091 4212
0.003 2.070 4224
0.003 2.076 4236
0.003 2.082 4248
0.003 2.079 4260
0.005 2.079 4272
0.003 2.082 4284
0.003 2.079 4296
0.003 2.079 4308
0.003 2.082 4320
0.003 2.082 4332
0.004 2.070 4344
0.003 2.079 4356
0.003 2.079 4368
0.002 2.079 4380
0.005 2.079 4392
0.003 2.079 4404
0.004 2.082 4416
0.003 2.079 4428
0.003 2.082 4440
0.004 2.070 4452
0.003 2.070 4464
0.003 2.082 4476
0.005 2.079 4488
0.004 2.079 4500
0.003 2.082 4512
0.005 2.079 4524
0.004 2.082 4536
0.003 2.079 4548
0.002 2.079 4560
0.005 2.079 4572
0.004 2.091 4584
0.003 2.073 4596
0.003 2.070 4608
0.004 2.070 4620
0.003 2.079 4632
0.003 2.079 4644
0.004 2.082 4656
0.004 2.079 4668
0.005 2.079 4680
0.003 2.079 4692
0.003 2.082 4704
0.003 2.070 4716
0.003 2.079 4728
0.003 2.070 4740
0.006 2.079 4752
0.003 2.082 4764
0.002 2.079 4776
0.002 2.079 4788
0.003 2.085 4800
0.006 2.079 4812
0.002 2.079 4824
0.003 2.082 4836
0.005 2.079 4848
0.003 2.079 4860
0.006 2.079 4872
0.003 2.079 4884
0.004 2.079 4896
0.003 2.079 4908
0.002 2.079 4920
0.005 2.079 4932
0.004 2.076 4944
0.002 2.070 4956
0.003 2.070 4968
0.003 2.079 4980
0.002 2.082 4992
0.005 2.079 5004
0.002 2.070 5016
0.006 2.073 5028
0.002 2.079 5040
0.005 2.079 5052
0.003 2.070 5064
0.006 2.079 5076
0.003 2.070 5088
0.003 2.079 5100
0.004 2.070 5112
0.004 2.079 5124
0.004 2.076 5136
0.004 2.079 5148
0.005 2.079 5160
0.004 2.079 5172
0.003 2.070 5184
0.003 2.082 5196
0.004 2.082 5208
0.003 2.058 5220
0.003 2.079 5232
0.003 2.079 5244
0.005 2.079 5256
0.003 2.079 5268
0.004 2.070 5280
0.005 2.079 5292
0.003 2.070 5304
0.003 2.079 5316
0.003 2.079 5328
0.002 2.079 5340
0.006 2.073 5352
0.004 2.079 5364
0.001 2.079 5376
0.003 2.070 5388
0.002 2.079 5400
0.005 2.091 5412
0.003 2.082 5424
0.003 2.079 5436
0.003 2.079 5448
0.002 2.079 5460
0.004 2.079 5472
0.003 2.079 5484
0.003 2.079 5496
0.003 2.073 5508
0.005 2.079 5520
0.003 2.070 5532
0.004 2.070 5544
0.004 2.070 5556
0.003 2.058 5568
0.004 2.067 5580
0.003 2.076 5592
0.004 2.082 5604
0.004 2.070 5616
0.004 2.067 5628
0.003 2.070 5640
0.003 2.073 5652
0.003 2.091 5664
0.003 2.079 5676
0.003 2.079 5688
0.003 2.082 5700
0.004 2.082 5712
0.007 2.073 5724
0.004 2.096 5736
0.003 2.079 5748
0.003 2.079 5760
0.003 2.082 5772
0.005 2.079 5784
0.003 2.079 5796
0.002 2.070 5808
0.003 2.079 5820
0.003 2.082 5832
0.003 2.079 5844
0.004 2.096 5856
0.002 2.076 5868
0.003 2.079 5880
0.005 2.091 5892
0.002 2.070 5904
0.004 2.079 5916
0.002 2.082 5928
0.002 2.082 5940
0.002 2.070 5952
0.005 2.091 5964
0.002 2.079 5976
0.003 2.076 5988
0.003 2.070 6000
0.004 2.079 6012
0.003 2.079 6024
0.003 2.079 6036
0.003 2.073 6048
0.005 2.079 6060
0.003 2.079 6072
0.003 2.079 6084
0.004 2.079 6096
0.004 2.070 6108
0.002 2.082 6120
0.003 2.079 6132
0.004 2.079 6144
0.002 2.093 6156
0.004 2.079 6168
0.006 2.079 6180
0.004 2.070 6192
0.004 2.079 6204
0.001 2.070 6216
0.003 2.082 6228
0.002 2.079 6240
0.005 2.079 6252
0.151 2.120 6264
0.152 2.114 6276
0.153 2.149 6288
0.154 2.161 6300
0.001 2.114 6312
0.002 2.102 6324
0.004 2.102 6336
0.001 2.105 6348
0.003 2.102 6360
0.005 2.096 6372
0.001 2.093 6384
0.003 2.108 6396
0.005 2.091 6408
0.003 2.082 6420
0.003 2.091 6432
0.003 2.082 6444
0.004 2.096 6456
0.002 2.082 6468
0.004 2.093 6480
0.004 2.079 6492
0.005 2.102 6504
0.003 2.091 6516
0.003 2.082 6528
0.003 2.091 6540
0.005 2.108 6552
0.003 2.091 6564
0.005 2.096 6576
0.004 2.082 6588
0.006 2.102 6600
0.006 2.102 6612
0.003 2.093 6624
0.004 2.108 6636
0.006 2.091 6648
0.002 2.093 6660
0.004 2.102 6672
0.003 2.102 6684
0.001 2.079 6696
0.003 2.091 6708
0.003 2.091 6720
0.004 2.102 6732
0.003 2.082 6744
0.003 2.091 6756
0.001 2.082 6768
0.002 2.093 6780
0.003 2.088 6792
0.001 2.102 6804
0.003 2.082 6816
0.002 2.093 6828
0.003 2.093 6840
0.002 2.082 6852
0.004 2.079 6864
0.004 2.093 6876
0.002 2.073 6888
0.004 2.091 6900
0.003 2.079 6912
0.004 2.091 6924
0.003 2.091 6936
0.003 2.082 6948
0.003 2.082 6960
0.151 2.114 6972
0.152 2.140 6984
0.150 2.149 6996
0.152 2.149 7008
0.151 2.169 7020
0.152 2.166 7032
0.152 2.175 7044
0.151 2.190 7056
0.152 2.175 7068
0.152 2.187 7080
0.157 2.207 7092
0.152 2.198 7104
0.150 2.210 7116
0.150 2.219 7128
0.153 2.219 7140
0.149 2.233 7152
0.151 2.231 7164
0.154 2.231 7176
0.149 2.231 7188
0.151 2.245 7200
0.150 2.245 7212
0.150 2.257 7224
0.150 2.231 7236
0.150 2.254 7248
0.151 2.257 7260
0.151 2.266 7272
0.152 2.257 7284
0.151 2.289 7296
0.154 2.295 7308
0.151 2.277 7320
0.151 2.268 7332
0.152 2.268 7344
0.150 2.283 7356
0.153 2.292 7368
0.152 2.301 7380
0.154 2.301 7392
0.152 2.289 7404
0.151 2.292 7416
0.151 2.301 7428
0.153 2.315 7440
0.153 2.301 7452
0.154 2.336 7464
0.152 2.312 7476
0.153 2.303 7488
0.151 2.324 7500
0.153 2.315 7512
0.153 2.324 7524
0.152 2.327 7536
0.151 2.338 7548
0.152 2.336 7560
0.153 2.350 7572
0.154 2.353 7584
0.151 2.362 7596
0.152 2.359 7608
0.150 2.362 7620
0.150 2.373 7632
0.150 2.382 7644
0.155 2.382 7656
0.150 2.371 7668
0.150 2.373 7680
0.149 2.394 7692
0.150 2.394 7704
0.150 2.397 7716
0.150 2.394 7728
0.150 2.397 7740
0.150 2.408 7752
0.150 2.406 7764
0.153 2.429 7776
0.150 2.420 7788
0.001 2.385 7800
0.002 2.362 7812
0.004 2.359 7824
0.004 2.382 7836
0.005 2.359 7848
0.002 2.338 7860
0.002 2.338 7872
0.005 2.353 7884
0.005 2.347 7896
0.005 2.359 7908
0.003 2.347 7920
0.002 2.336 7932
0.003 2.347 7944
0.003 2.327 7956
0.004 2.341 7968
0.006 2.324 7980
0.003 2.315 7992
0.005 2.312 8004
0.006 2.324 8016
0.004 2.306 8028
0.005 2.303 8040
0.004 2.312 8052
0.006 2.341 8064
0.004 2.303 8076
0.004 2.312 8088
0.001 2.303 8100
0.005 2.312 8112
0.005 2.341 8124
0.001 2.324 8136
-0.001 2.315 8148
-0.001 2.315 8160
-0.001 2.312 8172
0.001 2.315 8184
0.005 2.341 8196
-0.000 2.312 8208
-0.001 2.312 8220
-0.001 2.324 8232
0.000 2.315 8244
-0.000 2.327 8256
-0.001 2.324 8268
0.001 2.327 8280
0.001 2.327 8292
0.004 2.341 8304
0.002 2.327 8316
0.003 2.303 8328
0.002 2.327 8340
0.002 2.333 8352
0.003 2.336 8364
0.003 2.301 8376
0.003 2.327 8388
0.003 2.327 8400
0.004 2.338 8412
0.006 2.347 8424
0.004 2.338 8436
0.006 2.341 8448
0.003 2.338 8460
0.004 2.336 8472
0.005 2.312 8484
0.002 2.312 8496
0.001 2.312 8508
0.005 2.338 8520
0.005 2.336 8532
0.005 2.336 8544
0.001 2.312 8556
0.002 2.315 8568
0.001 2.315 8580
0.001 2.315 8592
0.004 2.301 8604
0.004 2.324 8616
0.004 2.301 8628
0.003 2.301 8640
0.001 2.303 8652
-0.000 2.292 8664
0.003 2.315 8676
-0.001 2.301 8688
0.001 2.327 8700
0.001 2.301 8712
0.001 2.303 8724
-0.001 2.301 8736
0.001 2.303 8748
0.003 2.336 8760
0.003 2.336 8772
0.004 2.336 8784
0.001 2.315 8796
0.002 2.336 8808
0.002 2.315 8820
0.005 2.324 8832
0.002 2.315 8844
0.001 2.315 8856
0.005 2.324 8868
0.003 2.315 8880
0.003 2.324 8892
0.006 2.301 8904
0.005 2.324 8916
0.003 2.315 8928
0.003 2.327 8940
0.006 2.336 8952
0.003 2.336 8964
0.003 2.336 8976
0.003 2.324 8988
0.007 2.330 9000
0.004 2.336 9012
0.004 2.336 9024
0.003 2.315 9036
0.006 2.341 9048
0.004 2.327 9060
0.004 2.327 9072
0.004 2.315 9084
0.004 2.324 9096
0.002 2.327 9108
-0.001 2.312 9120
-0.000 2.306 9132
0.002 2.312 9144
0.005 2.312 9156
0.001 2.315 9168
0.002 2.324 9180
0.003 2.315 9192
0.003 2.312 9204
0.002 2.315 9216
0.002 2.315 9228
0.002 2.315 9240
0.003 2.312 9252
0.001 2.312 9264
0.005 2.318 9276
0.003 2.315 9288
0.002 2.315 9300
0.002 2.315 9312
0.004 2.318 9324
0.004 2.315 9336
0.001 2.312 9348
0.003 2.312 9360
0.002 2.315 9372
0.002 2.315 9384
0.002 2.312 9396
0.005 2.312 9408
0.005 2.324 9420
0.003 2.315 9432
0.001 2.306 9444
0.004 2.312 9456
0.001 2.312 9468
0.005 2.318 9480
0.001 2.312 9492
0.003 2.315 9504
0.001 2.315 9516
0.005 2.312 9528
0.005 2.324 9540
0.003 2.303 9552
0.001 2.315 9564
0.004 2.312 9576
0.005 2.318 9588
0.001 2.303 9600
0.002 2.312 9612
0.005 2.324 9624
0.003 2.312 9636
0.003 2.301 9648
0.001 2.312 9660
0.003 2.315 9672
0.003 2.315 9684
0.004 2.324 9696
0.005 2.312 9708
0.003 2.312 9720
0.001 2.312 9732
0.004 2.324 9744
0.003 2.315 9756
0.002 2.312 9768
0.003 2.315 9780
0.001 2.312 9792
0.002 2.303 9804
0.003 2.312 9816
0.003 2.315 9828
0.002 2.324 9840
0.001 2.303 9852
0.003 2.315 9864
0.004 2.324 9876
0.001 2.312 9888
0.004 2.324 9900
0.004 2.312 9912
0.005 2.306 9924
0.001 2.301 9936
0.005 2.327 9948
0.002 2.318 9960
0.003 2.303 9972
0.004 2.324 9984
0.006 2.341 9996
0.003 2.303 10008
0.002 2.312 10020
0.004 2.303 10032
0.005 2.324 10044
0.003 2.303 10056
0.003 2.312 10068
0.002 2.315 10080
0.003 2.303 10092
0.002 2.303 10104
0.003 2.312 10116
0.002 2.303 10128
0.003 2.303 10140
0.002 2.315 10152
0.005 2.318 10164
0.001 2.303 10176
0.002 2.312 10188
0.001 2.312 10200
0.003 2.303 10212
0.004 2.318 10224
0.003 2.306 10236
0.002 2.306 10248
0.003 2.312 10260
0.001 2.315 10272
0.001 2.315 10284
0.003 2.306 10296
0.003 2.312 10308
0.003 2.312 10320
0.002 2.312 10332
0.004 2.324 10344
0.001 2.312 10356
0.001 2.303 10368
0.003 2.303 10380
0.001 2.315 10392
0.003 2.312 10404
0.004 2.324 10416
0.001 2.324 10428
0.001 2.315 10440
0.003 2.303 10452
0.001 2.303 10464
0.004 2.324 10476
0.002 2.315 10488
0.002 2.303 10500
0.003 2.292 10512
0.002 2.312 10524
0.004 2.312 10536
0.001 2.303 10548
0.002 2.303 10560
0.003 2.303 10572
0.002 2.312 10584
0.003 2.303 10596
0.003 2.303 10608
0.002 2.312 10620
0.003 2.315 10632
0.003 2.309 10644
0.003 2.312 10656
0.005 2.312 10668
0.002 2.303 10680
0.001 2.312 10692
0.002 2.315 10704
0.002 2.303 10716
0.004 2.324 10728
0.001 2.312 10740
0.001 2.312 10752
0.001 2.312 10764
0.003 2.324 10776
0.001 2.315 10788
0.003 2.309 10800
0.004 2.324 10812
0.002 2.312 10824
0.003 2.312 10836
0.002 2.312 10848
0.004 2.312 10860
0.002 2.303 10872
0.005 2.312 10884
0.004 2.324 10896
0.002 2.303 10908
0.001 2.303 10920
0.005 2.312 10932
0.002 2.292 10944
0.003 2.301 10956
0.005 2.312 10968
0.003 2.303 10980
0.003 2.303 10992
0.006 2.312 11004
0.002 2.303 11016
0.005 2.324 11028
0.003 2.301 11040
0.003 2.303 11052
0.004 2.312 11064
0.002 2.303 11076
0.006 2.306 11088
0.002 2.301 11100
0.001 2.312 11112
0.003 2.315 11124
0.001 2.303 11136
0.003 2.303 11148
0.003 2.303 11160
0.001 2.312 11172
0.003 2.312 11184
0.001 2.315 11196
0.004 2.312 11208
0.005 2.312 11220
0.001 2.315 11232
0.001 2.324 11244
0.001 2.309 11256
0.002 2.312 11268
0.001 2.303 11280
0.001 2.315 11292
0.003 2.312 11304
0.002 2.312 11316
0.004 2.312 11328
0.003 2.303 11340
0.004 2.315 11352
0.003 2.315 11364
0.003 2.315 11376
0.003 2.289 11388
0.002 2.312 11400
0.004 2.315 11412
0.002 2.301 11424
0.001 2.292 11436
0.001 2.292 11448
0.003 2.292 11460
0.003 2.303 11472
0.004 2.301 11484
0.003 2.292 11496
0.003 2.289 11508
0.001 2.301 11520
0.004 2.303 11532
0.005 2.324 11544
0.003 2.292 11556
0.004 2.292 11568
0.003 2.315 11580
0.001 2.301 11592
0.003 2.306 11604
0.004 2.312 11616
0.003 2.303 11628
0.001 2.301 11640
0.001 2.312 11652
0.001 2.327 11664
-0.000 2.312 11676
0.001 2.303 11688
0.001 2.312 11700
0.001 2.312 11712
0.001 2.312 11724
0.001 2.315 11736
-0.000 2.315 11748
-0.000 2.303 11760
0.003 2.312 11772
0.003 2.315 11784
0.001 2.327 11796
0.003 2.312 11808
0.001 2.292 11820
0.006 2.330 11832
0.003 2.303 11844
0.002 2.315 11856
0.005 2.312 11868
0.002 2.315 11880
0.004 2.303 11892
0.006 2.312 11904
0.003 2.303 11916
0.003 2.312 11928
0.002 2.306 11940
0.007 2.324 11952
0.003 2.289 11964
0.004 2.312 11976
0.003 2.303 11988
0.004 2.292 12000
0.004 2.292 12012
0.003 2.292 12024
0.003 2.292 12036
0.003 2.292 12048
0.005 2.301 12060
0.001 2.301 12072
0.004 2.292 12084
0.004 2.292 12096
0.003 2.303 12108
0.003 2.292 12120
0.003 2.306 12132
0.001 2.312 12144
0.001 2.301 12156
0.002 2.312 12168
0.003 2.312 12180
0.001 2.303 12192
0.001 2.303 12204
0.001 2.309 12216
0.001 2.301 12228
0.001 2.301 12240
0.001 2.312 12252
0.001 2.315 12264
0.001 2.309 12276
0.001 2.315 12288
0.002 2.312 12300
0.001 2.315 12312
0.001 2.315 12324
0.002 2.324 12336
0.002 2.324 12348
0.005 2.330 12360
0.004 2.324 12372
0.001 2.315 12384
0.001 2.312 12396
0.003 2.324 12408
0.004 2.312 12420
0.003 2.289 12432
0.003 2.315 12444
0.005 2.324 12456
0.003 2.292 12468
0.003 2.303 12480
0.006 2.289 12492
0.004 2.289 12504
0.006 2.295 12516
0.004 2.289 12528
0.003 2.292 12540
0.005 2.292 12552
0.007 2.301 12564
0.004 2.295 12576
0.003 2.301 12588
0.002 2.289 12600
-0.001 2.289 12612
0.001 2.301 12624
0.003 2.306 12636
0.001 2.289 12648
-0.000 2.301 12660
-0.001 2.292 12672
0.004 2.312 12684
0.002 2.312 12696
0.003 2.312 12708
0.001 2.301 12720
-0.000 2.301 12732
0.001 2.303 12744
0.004 2.306 12756
0.001 2.303 12768
0.001 2.303 12780
0.004 2.312 12792
0.001 2.312 12804
0.001 2.312 12816
0.002 2.312 12828
0.001 2.312 12840
0.003 2.312 12852
0.003 2.315 12864
0.002 2.312 12876
0.005 2.324 12888
0.003 2.324 12900
0.006 2.330 12912
0.003 2.324 12924
0.005 2.330 12936
0.006 2.330 12948
0.004 2.324 12960
0.004 2.327 12972
0.004 2.327 12984
0.007 2.324 12996
0.004 2.341 13008
0.007 2.324 13020
0.005 2.324 13032
0.004 2.303 13044
0.007 2.341 13056
0.003 2.315 13068
0.005 2.312 13080
0.003 2.324 13092
0.002 2.315 13104
0.001 2.292 13116
0.004 2.301 13128
0.001 2.312 13140
0.001 2.301 13152
0.004 2.312 13164
0.003 2.306 13176
0.001 2.292 13188
0.003 2.303 13200
0.001 2.292 13212
0.004 2.312 13224
0.002 2.292 13236
0.002 2.303 13248
0.004 2.312 13260
0.002 2.312 13272
0.004 2.303 13284
0.003 2.303 13296
0.006 2.312 13308
0.004 2.312 13320
0.003 2.301 13332
0.004 2.312 13344
0.003 2.312 13356
0.005 2.324 13368
0.002 2.303 13380
0.003 2.303 13392
0.003 2.315 13404
0.014 2.306 13416
0.003 2.312 13428
0.005 2.312 13440
0.003 2.303 13452
0.003 2.315 13464
0.005 2.312 13476
0.005 2.324 13488
0.004 2.303 13500
0.005 2.312 13512
0.003 2.303 13524
0.006 2.312 13536
0.002 2.312 13548
0.004 2.315 13560
0.001 2.303 13572
0.001 2.312 13584
0.005 2.312 13596
0.003 2.301 13608
0.003 2.312 13620
0.003 2.303 13632
0.003 2.303 13644
0.004 2.303 13656
0.005 2.312 13668
0.005 2.312 13680
0.004 2.312 13692
0.003 2.303 13704
0.003 2.303 13716
0.003 2.312 13728
0.003 2.303 13740
0.004 2.312 13752
0.003 2.312 13764
0.003 2.312 13776
0.003 2.309 13788
0.005 2.324 13800
0.002 2.312 13812
0.005 2.312 13824
0.004 2.312 13836
0.002 2.315 13848
0.005 2.324 13860
0.003 2.303 13872
0.003 2.315 13884
0.004 2.312 13896
0.001 2.312 13908
0.005 2.312 13920
0.001 2.301 13932
0.003 2.315 13944
0.005 2.312 13956
0.004 2.324 13968
0.002 2.315 13980
0.003 2.303 13992
0.005 2.324 14004
0.004 2.312 14016
0.002 2.303 14028
0.003 2.303 14040
0.152 2.359 14052
0.152 2.362 14064
0.152 2.373 14076
0.152 2.382 14088
0.151 2.394 14100
0.152 2.397 14112
0.154 2.406 14124
0.152 2.397 14136
0.155 2.417 14148
0.153 2.408 14160
0.156 2.435 14172
0.152 2.420 14184
0.152 2.429 14196
0.151 2.432 14208
0.152 2.432 14220
0.152 2.452 14232
0.152 2.455 14244
0.151 2.455 14256
0.152 2.455 14268
0.151 2.449 14280
0.154 2.452 14292
0.151 2.470 14304
0.151 2.476 14316
0.152 2.478 14328
0.152 2.478 14340
0.152 2.490 14352
0.152 2.490 14364
0.151 2.490 14376
0.151 2.499 14388
0.152 2.499 14400
0.152 2.513 14412
0.152 2.502 14424
0.152 2.502 14436
0.152 2.511 14448
0.154 2.528 14460
0.151 2.522 14472
0.152 2.534 14484
0.151 2.525 14496
0.152 2.525 14508
0.154 2.546 14520
0.005 2.499 14532
0.003 2.478 14544
0.004 2.478 14556
0.002 2.476 14568
0.001 2.467 14580
0.004 2.455 14592
0.002 2.455 14604
0.003 2.455 14616
0.003 2.455 14628
0.153 2.499 14640
0.152 2.513 14652
0.152 2.522 14664
0.155 2.534 14676
0.152 2.537 14688
0.151 2.537 14700
0.154 2.546 14712
0.152 2.548 14724
0.151 2.569 14736
0.156 2.546 14748
0.154 2.575 14760
0.152 2.581 14772
0.152 2.572 14784
0.152 2.583 14796
0.152 2.581 14808
0.152 2.583 14820
0.151 2.595 14832
0.152 2.595 14844
0.152 2.595 14856
0.152 2.583 14868
0.154 2.604 14880
0.006 2.569 14892
0.002 2.557 14904
0.003 2.548 14916
0.005 2.546 14928
0.002 2.551 14940
0.002 2.534 14952
0.003 2.534 14964
0.003 2.522 14976
0.005 2.534 14988
0.003 2.525 15000
0.003 2.525 15012
0.002 2.522 15024
0.003 2.511 15036
0.003 2.513 15048
0.003 2.522 15060
0.004 2.511 15072
0.003 2.511 15084
0.003 2.513 15096
0.002 2.511 15108
0.006 2.522 15120
0.003 2.511 15132
0.001 2.513 15144
0.002 2.511 15156
0.001 2.511 15168
0.004 2.522 15180
0.002 2.511 15192
0.002 2.513 15204
0.001 2.525 15216
0.002 2.519 15228
0.001 2.522 15240
0.001 2.522 15252
0.001 2.522 15264
0.004 2.528 15276
0.002 2.513 15288
0.004 2.522 15300
0.003 2.522 15312
0.002 2.513 15324
0.001 2.513 15336
0.002 2.513 15348
0.006 2.499 15360
0.002 2.519 15372
0.005 2.528 15384
0.005 2.534 15396
0.004 2.513 15408
0.004 2.528 15420
0.003 2.511 15432
0.003 2.502 15444
0.003 2.513 15456
0.002 2.511 15468
0.003 2.499 15480
0.004 2.513 15492
0.004 2.499 15504
0.004 2.502 15516
0.002 2.499 15528
0.003 2.493 15540
0.003 2.499 15552
0.004 2.511 15564
0.003 2.511 15576
0.003 2.499 15588
0.001 2.502 15600
0.002 2.499 15612
0.003 2.499 15624
0.001 2.502 15636
0.001 2.511 15648
0.001 2.490 15660
0.001 2.499 15672
0.002 2.499 15684
0.001 2.502 15696
0.001 2.502 15708
0.001 2.502 15720
0.003 2.511 15732
0.004 2.511 15744
0.004 2.516 15756
0.001 2.511 15768
0.004 2.511 15780
0.002 2.502 15792
0.001 2.502 15804
0.004 2.511 15816
0.003 2.502 15828
0.001 2.499 15840
0.003 2.502 15852
0.003 2.513 15864
0.003 2.513 15876
0.001 2.502 15888
0.003 2.511 15900
0.004 2.513 15912
0.004 2.499 15924
0.004 2.511 15936
0.004 2.511 15948
0.004 2.493 15960
0.003 2.502 15972
0.004 2.502 15984
0.003 2.487 15996
0.003 2.487 16008
0.003 2.511 16020
0.002 2.490 16032
0.002 2.490 16044
0.004 2.511 16056
0.001 2.490 16068
0.006 2.499 16080
0.003 2.499 16092
0.002 2.490 16104
0.001 2.490 16116
0.001 2.490 16128
0.001 2.496 16140
-0.000 2.499 16152
0.001 2.493 16164
0.001 2.502 16176
0.001 2.496 16188
0.001 2.493 16200
0.003 2.499 16212
0.001 2.499 16224
0.003 2.499 16236
0.001 2.499 16248
0.002 2.505 16260
0.002 2.502 16272
0.001 2.502 16284
0.003 2.499 16296
0.002 2.511 16308
0.004 2.528 16320
0.002 2.511 16332
0.004 2.511 16344
0.002 2.522 16356
0.004 2.516 16368
0.004 2.516 16380
0.004 2.528 16392
0.004 2.502 16404
0.003 2.511 16416
0.002 2.511 16428
0.003 2.513 16440
0.004 2.502 16452
0.003 2.511 16464
0.003 2.513 16476
0.003 2.516 16488
0.002 2.522 16500
0.003 2.513 16512
0.003 2.513 16524
0.003 2.513 16536
0.003 2.511 16548
0.001 2.513 16560
0.001 2.513 16572
0.001 2.502 16584
0.003 2.499 16596
0.001 2.502 16608
-0.001 2.499 16620
0.001 2.499 16632
0.002 2.499 16644
0.002 2.502 16656
0.001 2.502 16668
0.003 2.511 16680
0.001 2.502 16692
0.002 2.499 16704
0.001 2.502 16716
0.003 2.499 16728
0.002 2.499 16740
0.003 2.505 16752
0.004 2.511 16764
0.004 2.511 16776
0.001 2.499 16788
0.001 2.502 16800
0.004 2.511 16812
0.001 2.499 16824
0.003 2.499 16836
0.001 2.490 16848
0.001 2.499 16860
0.003 2.511 16872
0.002 2.490 16884
0.001 2.502 16896
0.001 2.499 16908
0.000 2.505 16920
0.003 2.499 16932
0.004 2.499 16944
0.001 2.499 16956
0.001 2.499 16968
0.000 2.505 16980
-0.000 2.499 16992
0.150 2.548 17004
0.153 2.546 17016
0.154 2.563 17028
0.152 2.581 17040
0.151 2.581 17052
0.152 2.583 17064
0.153 2.604 17076
0.150 2.595 17088
0.150 2.595 17100
0.151 2.618 17112
0.151 2.616 17124
0.151 2.618 17136
0.149 2.630 17148
0.001 2.592 17160
0.001 2.581 17172
0.001 2.575 17184
0.002 2.560 17196
0.003 2.575 17208
0.001 2.548 17220
0.001 2.548 17232
0.001 2.548 17244
0.004 2.546 17256
0.001 2.546 17268
0.003 2.546 17280
0.003 2.546 17292
0.001 2.546 17304
0.001 2.548 17316
0.001 2.546 17328
0.001 2.537 17340
0.002 2.537 17352
0.004 2.546 17364
0.001 2.537 17376
0.001 2.537 17388
0.002 2.537 17400
0.002 2.537 17412
0.004 2.546 17424
0.003 2.537 17436
0.001 2.537 17448
0.002 2.534 17460
0.004 2.546 17472
0.004 2.546 17484
0.003 2.534 17496
0.003 2.534 17508
0.001 2.537 17520
0.005 2.546 17532
0.005 2.540 17544
0.001 2.537 17556
0.001 2.525 17568
0.001 2.546 17580
0.001 2.537 17592
0.001 2.525 17604
0.003 2.525 17616
0.002 2.537 17628
0.003 2.525 17640
0.003 2.525 17652
0.002 2.534 17664
0.002 2.537 17676
0.003 2.546 17688
0.003 2.534 17700
0.001 2.534 17712
0.002 2.534 17724
0.001 2.525 17736
0.003 2.534 17748
0.002 2.525 17760
0.003 2.525 17772
0.001 2.534 17784
0.004 2.546 17796
0.005 2.540 17808
0.001 2.525 17820
0.003 2.546 17832
0.002 2.525 17844
0.004 2.534 17856
0.002 2.537 17868
0.003 2.525 17880
0.001 2.534 17892
0.001 2.525 17904
0.003 2.534 17916
0.001 2.537 17928
0.002 2.525 17940
0.001 2.525 17952
0.001 2.534 17964
0.004 2.540 17976
0.002 2.525 17988
0.002 2.525 18000
0.004 2.540 18012
0.003 2.534 18024
0.001 2.537 18036
0.002 2.534 18048
0.003 2.528 18060
0.001 2.525 18072
0.003 2.534 18084
0.001 2.525 18096
0.001 2.534 18108
0.001 2.525 18120
0.004 2.540 18132
0.001 2.522 18144
0.004 2.540 18156
0.003 2.525 18168
0.001 2.525 18180
0.001 2.525 18192
0.001 2.525 18204
0.001 2.525 18216
0.001 2.534 18228
0.002 2.522 18240
0.002 2.525 18252
0.002 2.534 18264
0.001 2.534 18276
0.002 2.522 18288
0.002 2.534 18300
0.002 2.534 18312
0.002 2.522 18324
0.004 2.534 18336
0.001 2.525 18348
0.001 2.534 18360
0.002 2.525 18372
0.004 2.546 18384
0.003 2.540 18396
0.003 2.525 18408
0.001 2.525 18420
0.003 2.525 18432
0.001 2.525 18444
0.004 2.534 18456
0.003 2.525 18468
0.002 2.525 18480
0.001 2.525 18492
0.001 2.525 18504
0.004 2.534 18516
0.001 2.525 18528
0.002 2.525 18540
0.001 2.525 18552
0.002 2.525 18564
0.003 2.540 18576
0.001 2.525 18588
0.002 2.522 18600
0.003 2.525 18612
0.004 2.534 18624
0.002 2.534 18636
0.002 2.525 18648
0.004 2.540 18660
0.001 2.525 18672
0.002 2.534 18684
0.001 2.534 18696
0.001 2.525 18708
0.001 2.534 18720
0.001 2.534 18732
0.002 2.525 18744
0.003 2.525 18756
0.002 2.525 18768
0.004 2.540 18780
0.001 2.534 18792
0.002 2.522 18804
0.001 2.534 18816
0.003 2.513 18828
0.001 2.534 18840
0.001 2.525 18852
0.003 2.525 18864
0.005 2.534 18876
0.003 2.525 18888
0.003 2.525 18900
0.003 2.525 18912
0.005 2.528 18924
0.003 2.534 18936
0.003 2.525 18948
0.002 2.525 18960
0.003 2.534 18972
0.001 2.534 18984
0.003 2.534 18996
0.001 2.534 19008
0.001 2.534 19020
0.002 2.522 19032
0.003 2.525 19044
0.005 2.534 19056
0.002 2.525 19068
0.003 2.540 19080
0.005 2.534 19092
0.001 2.525 19104
0.003 2.525 19116
0.001 2.525 19128
0.004 2.534 19140
0.002 2.522 19152
0.002 2.534 19164
0.001 2.534 19176
0.001 2.522 19188
0.002 2.525 19200
0.001 2.525 19212
0.002 2.525 19224
0.004 2.540 19236
0.002 2.525 19248
0.002 2.525 19260
0.003 2.534 19272
0.002 2.525 19284
0.002 2.525 19296
0.002 2.525 19308
0.004 2.528 19320
0.001 2.534 19332
0.004 2.540 19344
0.001 2.534 19356
0.001 2.522 19368
0.002 2.522 19380
0.002 2.525 19392
0.004 2.534 19404
0.001 2.522 19416
0.002 2.522 19428
0.002 2.525 19440
0.003 2.525 19452
0.001 2.525 19464
0.005 2.528 19476
0.002 2.525 19488
0.003 2.522 19500
0.001 2.525 19512
0.002 2.522 19524
0.003 2.522 19536
0.003 2.534 19548
0.001 2.522 19560
0.002 2.525 19572
0.004 2.528 19584
0.004 2.534 19596
0.001 2.525 19608
0.003 2.522 19620
0.003 2.525 19632
0.002 2.525 19644
0.003 2.525 19656
0.001 2.522 19668
0.002 2.513 19680
0.002 2.522 19692
0.002 2.516 19704
0.004 2.534 19716
0.001 2.525 19728
0.001 2.525 19740
0.001 2.525 19752
0.003 2.534 19764
0.002 2.525 19776
0.003 2.534 19788
0.002 2.534 19800
0.004 2.528 19812
0.001 2.525 19824
0.004 2.528 19836
0.001 2.522 19848
0.001 2.525 19860
0.001 2.522 19872
0.002 2.525 19884
0.004 2.540 19896
0.001 2.525 19908
0.002 2.525 19920
0.002 2.525 19932
0.002 2.511 19944
0.002 2.525 19956
0.003 2.534 19968
0.001 2.513 19980
0.001 2.525 19992
0.003 2.522 20004
0.001 2.513 20016
0.008 2.513 20028
0.003 2.525 20040
0.002 2.525 20052
0.003 2.522 20064
0.002 2.525 20076
0.004 2.534 20088
0.001 2.522 20100
0.003 2.522 20112
0.004 2.534 20124
0.001 2.522 20136
0.003 2.522 20148
0.002 2.522 20160
0.002 2.525 20172
0.004 2.534 20184
0.001 2.525 20196
0.003 2.513 20208
0.003 2.513 20220
0.002 2.522 20232
0.004 2.534 20244
0.001 2.522 20256
0.001 2.522 20268
0.004 2.528 20280
0.001 2.525 20292
0.002 2.525 20304
0.002 2.525 20316
0.003 2.522 20328
0.002 2.528 20340
0.002 2.522 20352
0.001 2.525 20364
0.002 2.513 20376
0.003 2.522 20388
0.002 2.528 20400
0.003 2.525 20412
0.001 2.525 20424
0.003 2.534 20436
0.002 2.522 20448
0.001 2.522 20460
0.002 2.525 20472
0.002 2.522 20484
0.004 2.528 20496
0.003 2.534 20508
0.001 2.525 20520
0.001 2.522 20532
0.001 2.522 20544
0.004 2.528 20556
0.002 2.522 20568
0.001 2.522 20580
0.002 2.522 20592
0.002 2.522 20604
0.004 2.534 20616
0.002 2.525 20628
0.003 2.511 20640
0.002 2.522 20652
0.152 2.560 20664
0.152 2.581 20676
0.152 2.581 20688
0.151 2.592 20700
0.154 2.621 20712
0.154 2.621 20724
0.153 2.639 20736
0.154 2.627 20748
0.153 2.639 20760
0.151 2.639 20772
0.151 2.639 20784
0.151 2.642 20796
0.151 2.642 20808
0.151 2.653 20820
0.152 2.662 20832
0.152 2.662 20844
0.152 2.662 20856
0.150 2.674 20868
0.152 2.668 20880
0.151 2.686 20892
0.152 2.686 20904
0.151 2.686 20916
0.151 2.686 20928
0.150 2.688 20940
0.152 2.697 20952
0.152 2.697 20964
0.152 2.688 20976
0.152 2.700 20988
-0.151 2.604 21001
-0.057 2.618 21013
-0.057 2.607 21025
-0.058 2.583 21037
-0.059 2.595 21049
-0.058 2.589 21061
-0.057 2.583 21073
-0.059 2.595 21085
-0.055 2.592 21097
-0.057 2.560 21109
-0.057 2.589 21121
-0.057 2.572 21133
-0.058 2.557 21145
-0.057 2.569 21157
-0.058 2.560 21169
-0.057 2.563 21181
-0.057 2.546 21193
-0.150 2.528 21205
-0.152 2.502 21217
-0.152 2.502 21229
-0.152 2.499 21241
-0.150 2.499 21253
-0.148 2.499 21265
-0.153 2.478 21277
-0.153 2.478 21289
-0.152 2.476 21301
-0.151 2.481 21313
-0.153 2.452 21325
-0.152 2.452 21337
-0.152 2.452 21349
-0.150 2.452 21361
-0.152 2.443 21373
-0.152 2.443 21385
-0.151 2.452 21397
-0.153 2.429 21409
-0.151 2.441 21421
-0.148 2.423 21433
-0.152 2.420 21445
-0.153 2.441 21457
-0.149 2.429 21469
-0.151 2.408 21481
-0.152 2.403 21493
-0.149 2.417 21505
-0.151 2.429 21517
-0.152 2.394 21529
-0.152 2.394 21541
-0.151 2.385 21553
-0.152 2.382 21565
-0.153 2.397 21577
-0.150 2.388 21589
-0.152 2.373 21601
-0.153 2.373 21613
-0.153 2.362 21625
-0.153 2.373 21637
-0.150 2.359 21649
-0.152 2.353 21661
-0.152 2.347 21673
-0.153 2.347 21685
-0.150 2.359 21697
-0.151 2.353 21709
-0.149 2.347 21721
-0.151 2.347 21733
-0.153 2.327 21745
-0.148 2.318 21757
-0.152 2.324 21769
-0.149 2.330 21781
-0.152 2.315 21793
-0.151 2.312 21805
-0.149 2.292 21817
-0.152 2.312 21829
-0.152 2.301 21841
-0.151 2.277 21853
-0.152 2.292 21865
-0.148 2.280 21877
-0.150 2.301 21889
-0.152 2.289 21901
-0.149 2.301 21913
-0.153 2.280 21925
-0.148 2.266 21937
-0.153 2.268 21949
-0.152 2.268 21961
-0.152 2.266 21973
-0.153 2.266 21985
-0.152 2.283 21997
-0.152 2.254 22009
-0.151 2.245 22021
-0.148 2.248 22033
-0.152 2.245 22045
-0.152 2.236 22057
-0.149 2.248 22069
-0.153 2.242 22081
-0.153 2.233 22093
-0.152 2.222 22105
-0.150 2.242 22117
-0.152 2.222 22129
-0.152 2.222 22141
-0.152 2.210 22153
-0.152 2.207 22165
-0.152 2.222 22177
-0.153 2.198 22189
-0.153 2.198 22201
-0.152 2.193 22213
-0.153 2.184 22225
-0.151 2.187 22237
-0.153 2.175 22249
-0.152 2.175 22261
-0.152 2.175 22273
-0.152 2.172 22285
-0.152 2.187 22297
-0.152 2.172 22309
-0.151 2.163 22321
-0.151 2.152 22333
-0.152 2.152 22345
-0.149 2.163 22357
-0.152 2.152 22369
-0.152 2.149 22381
-0.153 2.140 22393
-0.151 2.128 22405
-0.149 2.114 22417
-0.152 2.137 22429
-0.153 2.128 22441
-0.151 2.102 22453
-0.149 2.126 22465
-0.156 2.102 22477
-0.152 2.114 22489
-0.154 2.102 22501
-0.152 2.102 22513
-0.153 2.105 22525
-0.153 2.102 22537
-0.152 2.093 22549
-0.152 2.091 22561
-0.151 2.102 22573
-0.149 2.079 22585
-0.152 2.079 22597
-0.152 2.082 22609
-0.152 2.070 22621
-0.153 2.070 22633
-0.156 2.056 22645
-0.153 2.067 22657
-0.151 2.058 22669
-0.152 2.058 22681
-0.151 2.061 22693
-0.153 2.044 22705
-0.152 2.047 22717
-0.152 2.035 22729
-0.151 2.035 22741
-0.149 2.044 22753
-0.153 2.032 22765
-0.151 2.044 22777
-0.057 2.056 22789
-0.057 2.064 22801
-0.056 2.047 22813
-0.057 2.058 22825
-0.056 2.070 22837
-0.057 2.058 22849
-0.057 2.067 22861
-0.057 2.079 22873
-0.057 2.058 22885
-0.052 2.082 22897
-0.057 2.067 22909
-0.057 2.070 22921
-0.054 2.073 22933
-0.057 2.058 22945
-0.055 2.091 22957
-0.058 2.058 22969
-0.055 2.073 22981
-0.057 2.058 22993
-0.057 2.058 23005
-0.057 2.056 23017
-0.056 2.058 23029
-0.057 2.056 23041
-0.058 2.058 23053
-0.057 2.044 23065
-0.058 2.056 23077
-0.058 2.056 23089
-0.057 2.047 23101
-0.057 2.035 23113
-0.058 2.047 23125
-0.059 2.044 23137
-0.058 2.035 23149
-0.055 2.044 23161
-0.059 2.032 23173
-0.057 2.035 23185
-0.058 2.032 23197
-0.057 2.032 23209
-0.058 2.035 23221
-0.058 2.032 23233
-0.058 2.032 23245
-0.057 2.032 23257
-0.058 2.032 23269
-0.058 2.032 23281
-0.055 2.032 23293
-0.058 2.023 23305
-0.059 2.023 23317
-0.057 2.021 23329
-0.058 2.023 23341
-0.054 2.015 23353
-0.058 2.021 23365
-0.058 2.012 23377
-0.059 2.012 23389
-0.058 2.021 23401
-0.057 2.026 23413
-0.057 2.009 23425
-0.057 2.009 23437
-0.055 2.021 23449
-0.057 2.009 23461
-0.057 2.012 23473
-0.057 2.009 23485
-0.055 2.015 23497
-0.058 2.009 23509
-0.057 2.009 23521
-0.055 2.009 23533
-0.056 2.015 23545
-0.057 2.000 23557
-0.055 2.003 23569
-0.057 1.988 23581
-0.059 1.997 23593
-0.058 1.988 23605
-0.059 1.988 23617
-0.057 1.988 23629
-0.056 2.009 23641
-0.056 1.986 23653
-0.058 1.988 23665
-0.058 1.986 23677
-0.057 1.974 23689
-0.057 1.977 23701
-0.055 1.988 23713
-0.057 1.965 23725
-0.056 1.986 23737
-0.058 1.977 23749
-0.055 1.986 23761
-0.055 1.986 23773
-0.057 1.974 23785
-0.059 1.965 23797
-0.058 1.974 23809
-0.057 1.965 23821
-0.057 1.965 23833
-0.055 1.980 23845
-0.055 1.974 23857
-0.058 1.953 23869
-0.058 1.959 23881
-0.057 1.974 23893
-0.058 1.962 23905
-0.058 1.962 23917
-0.053 1.968 23929
-0.057 1.962 23941
-0.058 1.942 23953
-0.058 1.962 23965
-0.056 1.956 23977
-0.058 1.953 23989
-0.056 1.956 24001
-0.058 1.939 24013
-0.058 1.951 24025
-0.057 1.939 24037
-0.058 1.942 24049
-0.057 1.939 24061
-0.055 1.951 24073
-0.057 1.933 24085
-0.059 1.939 24097
-0.058 1.939 24109
-0.056 1.939 24121
-0.057 1.930 24133
-0.055 1.939 24145
-0.057 1.939 24157
-0.057 1.939 24169
-0.058 1.927 24181
-0.057 1.927 24193
-0.057 1.930 24205
-0.058 1.916 24217
-0.058 1.927 24229
-0.058 1.930 24241
-0.057 1.939 24253
-0.058 1.918 24265
-0.056 1.927 24277
-0.059 1.918 24289
-0.059 1.918 24301
-0.059 1.916 24313
-0.058 1.916 24325
-0.059 1.910 24337
-0.059 1.918 24349
-0.058 1.904 24361
-0.056 1.916 24373
-0.055 1.910 24385
-0.058 1.904 24397
-0.058 1.895 24409
-0.055 1.916 24421
-0.057 1.895 24433
-0.057 1.892 24445
-0.058 1.895 24457
-0.056 1.892 24469
-0.056 1.904 24481
-0.056 1.883 24493
-0.055 1.892 24505
-0.058 1.895 24517
-0.057 1.895 24529
-0.057 1.883 24541
-0.058 1.872 24553
-0.057 1.892 24565
-0.057 1.881 24577
-0.056 1.881 24589
-0.055 1.895 24601
-0.053 1.904 24613
-0.057 1.872 24625
-0.058 1.881 24637
-0.057 1.881 24649
-0.055 1.892 24661
-0.058 1.872 24673
-0.057 1.872 24685
-0.058 1.869 24697
-0.057 1.881 24709
-0.057 1.869 24721
-0.057 1.860 24733
-0.057 1.875 24745
-0.057 1.863 24757
-0.056 1.881 24769
-0.057 1.860 24781
-0.056 1.875 24793
-0.059 1.848 24805
-0.056 1.875 24817
-0.057 1.872 24829
-0.059 1.857 24841
-0.056 1.857 24853
-0.057 1.837 24865
-0.056 1.846 24877
-0.056 1.857 24889
-0.058 1.860 24901
-0.055 1.875 24913
-0.057 1.848 24925
-0.056 1.848 24937
-0.056 1.846 24949
-0.055 1.846 24961
-0.153 1.819 24973
-0.151 1.790 24985
-0.153 1.799 24997
-0.152 1.802 25009
-0.150 1.787 25021
-0.152 1.767 25033
-0.149 1.793 25045
-0.152 1.781 25057
-0.152 1.764 25069
-0.152 1.764 25081
-0.153 1.764 25093
-0.153 1.749 25105
-0.153 1.743 25117
-0.153 1.741 25129
-0.152 1.743 25141
-0.149 1.746 25153
-0.153 1.732 25165
-0.151 1.741 25177
-0.152 1.720 25189
-0.154 1.717 25201
-0.152 1.717 25213
-0.154 1.717 25225
-0.155 1.706 25237
-0.153 1.706 25249
-0.153 1.706 25261
-0.151 1.697 25273
-0.150 1.688 25285
-0.150 1.694 25297
-0.153 1.682 25309
-0.152 1.671 25321
-0.151 1.682 25333
-0.151 1.682 25345
-0.150 1.671 25357
-0.152 1.659 25369
-0.153 1.671 25381
-0.151 1.659 25393
-0.153 1.653 25405
-0.149 1.659 25417
-0.153 1.659 25429
-0.151 1.641 25441
-0.152 1.647 25453
-0.151 1.647 25465
-0.151 1.641 25477
-0.151 1.615 25489
-0.153 1.636 25501
-0.151 1.612 25513
-0.152 1.627 25525
-0.153 1.612 25537
-0.153 1.612 25549
-0.152 1.612 25561
-0.148 1.612 25573
-0.152 1.592 25585
-0.153 1.583 25597
-0.151 1.577 25609
-0.151 1.577 25621
-0.150 1.577 25633
-0.151 1.568 25645
-0.153 1.568 25657
-0.152 1.557 25669
-0.151 1.566 25681
-0.149 1.577 25693
-0.152 1.557 25705
-0.151 1.566 25717
-0.153 1.557 25729
-0.152 1.542 25741
-0.153 1.542 25753
-0.153 1.533 25765
-0.153 1.542 25777
-0.153 1.542 25789
-0.153 1.522 25801
-0.154 1.531 25813
-0.153 1.522 25825
-0.153 1.519 25837
-0.151 1.522 25849
-0.148 1.519 25861
-0.148 1.496 25873
-0.148 1.519 25885
-0.153 1.496 25897
-0.153 1.475 25909
-0.150 1.507 25921
-0.148 1.490 25933
-0.150 1.472 25945
-0.152 1.475 25957
-0.152 1.487 25969
-0.150 1.463 25981
-0.148 1.466 25993
-0.151 1.463 26005
-0.153 1.452 26017
-0.149 1.461 26029
-0.151 1.440 26041
-0.148 1.455 26053
-0.147 1.455 26065
-0.151 1.449 26077
-0.152 1.443 26089
-0.148 1.426 26101
-0.150 1.417 26113
-0.148 1.426 26125
-0.153 1.420 26137
-0.150 1.426 26149
-0.154 1.426 26161
-0.150 1.405 26173
-0.149 1.405 26185
-0.154 1.402 26197
-0.154 1.391 26209
-0.149 1.408 26221
-0.153 1.402 26233
-0.152 1.379 26245
-0.153 1.382 26257
-0.154 1.379 26269
-0.154 1.367 26281
-0.155 1.367 26293
-0.155 1.391 26305
-0.153 1.370 26317
-0.154 1.391 26329
-0.154 1.358 26341
-0.155 1.370 26353
-0.150 1.361 26365
-0.153 1.344 26377
-0.153 1.335 26389
-0.154 1.344 26401
-0.150 1.332 26413
-0.152 1.332 26425
-0.152 1.323 26437
-0.152 1.323 26449
-0.149 1.332 26461
-0.150 1.332 26473
-0.152 1.312 26485
-0.150 1.315 26497
-0.154 1.312 26509
-0.151 1.262 26521
-0.149 1.300 26533
-0.153 1.300 26545
-0.153 1.274 26557
-0.151 1.253 26569
-0.151 1.297 26581
-0.149 1.262 26593
-0.151 1.280 26605
-0.152 1.274 26617
-0.149 1.280 26629
-0.151 1.230 26641
-0.151 1.227 26653
-0.152 1.227 26665
-0.153 1.242 26677
-0.155 1.218 26689
-0.156 1.216 26701
-0.151 1.216 26713
-0.151 1.218 26725
-0.153 1.227 26737
-0.150 1.210 26749
-0.155 1.204 26761
-0.154 1.204 26773
-0.154 1.204 26785
-0.153 1.216 26797
-0.155 1.195 26809
-0.155 1.186 26821
-0.154 1.192 26833
-0.154 1.181 26845
-0.152 1.192 26857
-0.155 1.172 26869
-0.155 1.169 26881
-0.155 1.172 26893
-0.155 1.169 26905
-0.151 1.175 26917
-0.152 1.160 26929
-0.153 1.163 26941
-0.152 1.160 26953
-0.152 1.146 26965
-0.153 1.148 26977
-0.151 1.163 26989
-0.152 1.134 27001
-0.154 1.137 27013
-0.152 1.134 27025
-0.152 1.122 27037
-0.151 1.134 27049
-0.153 1.122 27061
-0.152 1.111 27073
-0.153 1.113 27085
-0.152 1.111 27097
-0.149 1.125 27109
-0.147 1.111 27121
-0.149 1.122 27133
-0.148 1.122 27145
-0.150 1.093 27157
-0.148 1.102 27169
-0.146 1.099 27181
-0.148 1.099 27193
-0.146 1.093 27205
-0.154 1.064 27217
-0.148 1.087 27229
-0.149 1.064 27241
-0.147 1.081 27253
-0.149 1.055 27265
-0.153 1.043 27277
-0.149 1.064 27289
-0.152 1.055 27301
-0.151 1.052 27313
-0.152 1.043 27325
-0.151 1.023 27337
-0.153 1.017 27349
-0.152 1.017 27361
-0.152 1.008 27373
-0.152 1.006 27385
-0.153 1.006 27397
-0.153 1.006 27409
-0.153 0.994 27421
-0.152 0.994 27433
-0.153 0.985 27445
-0.150 0.988 27457
-0.153 0.971 27469
-0.153 0.971 27481
-0.153 0.971 27493
-0.153 0.962 27505
-0.153 0.959 27517
-0.150 0.959 27529
-0.154 0.947 27541
-0.153 0.947 27553
-0.153 0.947 27565
-0.153 0.938 27577
-0.153 0.930 27589
-0.151 0.936 27601
-0.153 0.924 27613
-0.155 0.924 27625
-0.152 0.912 27637
-0.153 0.912 27649
-0.152 0.909 27661
-0.154 0.906 27673
-0.153 0.901 27685
-0.152 0.903 27697
-0.150 0.901 27709
-0.150 0.901 27721
-0.150 0.901 27733
-0.152 0.880 27745
-0.150 0.883 27757
-0.153 0.880 27769
-0.154 0.868 27781
-0.153 0.845 27793
-0.151 0.866 27805
-0.154 0.857 27817
-0.153 0.845 27829
-0.150 0.848 27841
-0.153 0.833 27853
-0.152 0.842 27865
-0.153 0.831 27877
-0.153 0.831 27889
-0.152 0.822 27901
-0.153 0.822 27913
-0.153 0.813 27925
-0.153 0.813 27937
-0.152 0.819 27949
-0.152 0.796 27961
-0.152 0.784 27973
-0.152 0.787 27985
-0.152 0.784 27997
-0.154 0.796 28009
-0.153 0.775 28021
-0.153 0.772 28033
-0.153 0.772 28045
-0.150 0.761 28057
-0.151 0.755 28069
-0.153 0.752 28081
-0.151 0.755 28093
-0.152 0.749 28105
-0.152 0.749 28117
-0.153 0.737 28129
-0.153 0.728 28141
-0.153 0.720 28153
-0.151 0.720 28165
-0.153 0.714 28177
-0.153 0.717 28189
-0.152 0.720 28201
-0.153 0.708 28213
-0.154 0.702 28225
-0.152 0.702 28237
-0.152 0.708 28249
-0.153 0.693 28261
-0.150 0.679 28273
-0.153 0.691 28285
-0.153 0.670 28297
-0.152 0.667 28309
-0.152 0.679 28321
-0.152 0.670 28333
-0.153 0.667 28345
-0.152 0.656 28357
-0.151 0.635 28369
-0.150 0.650 28381
-0.151 0.661 28393
-0.152 0.635 28405
-0.153 0.626 28417
-0.154 0.635 28429
-0.150 0.603 28441
-0.153 0.588 28453
-0.154 0.629 28465
-0.149 0.609 28477
-0.152 0.600 28489
-0.151 0.586 28501
-0.153 0.574 28513
-0.154 0.574 28525
-0.151 0.586 28537
-0.152 0.583 28549
-0.153 0.577 28561
-0.150 0.556 28573
-0.153 0.565 28585
-0.151 0.551 28597
-0.154 0.562 28609
-0.154 0.551 28621
-0.153 0.539 28633
-0.155 0.530 28645
-0.153 0.542 28657
-0.153 0.530 28669
-0.151 0.521 28681
-0.155 0.516 28693
-0.153 0.507 28705
-0.154 0.504 28717
-0.153 0.489 28729
-0.154 0.492 28741
-0.153 0.483 28753
-0.153 0.481 28765
-0.151 0.492 28777
-0.154 0.495 28789
-0.153 0.466 28801
-0.153 0.463 28813
-0.154 0.457 28825
-0.152 0.457 28837
-0.152 0.457 28849
-0.153 0.446 28861
-0.152 0.451 28873
-0.153 0.434 28885
-0.149 0.446 28897
-0.153 0.434 28909
-0.153 0.425 28921
-0.153 0.416 28933
-0.153 0.416 28945
-0.153 0.422 28957
-0.153 0.413 28969
-0.153 0.411 28981
-0.152 0.396 28993
-0.153 0.390 29005
-0.152 0.378 29017
-0.153 0.390 29029
-0.152 0.387 29041
-0.152 0.378 29053
-0.152 0.367 29065
-0.149 0.376 29077
-0.153 0.367 29089
-0.153 0.355 29101
-0.151 0.352 29113
-0.153 0.349 29125
-0.151 0.352 29137
-0.155 0.341 29149
-0.153 0.332 29161
-0.152 0.352 29173
-0.151 0.335 29185
-0.153 0.308 29197
-0.154 0.317 29209
-0.154 0.306 29221
-0.153 0.294 29233
-0.150 0.288 29245
-0.154 0.273 29257
-0.154 0.297 29269
-0.152 0.285 29281
-0.154 0.282 29293
-0.152 0.273 29305
-0.151 0.282 29317
-0.153 0.247 29329
-0.153 0.259 29341
-0.149 0.271 29353
-0.151 0.238 29365
-0.149 0.236 29377
-0.153 0.238 29389
-0.154 0.224 29401
-0.156 0.224 29413
-0.155 0.215 29425
-0.151 0.212 29437
-0.150 0.212 29449
-0.152 0.230 29461
-0.152 0.212 29473
-0.152 0.203 29485
-0.148 0.212 29497
-0.152 0.183 29509
-0.154 0.201 29521
-0.155 0.180 29533
-0.155 0.189 29545
-0.154 0.195 29557
-0.151 0.166 29569
-0.152 0.189 29581
-0.152 0.157 29593
-0.151 0.166 29605
-0.148 0.154 29617
-0.153 0.133 29629
-0.155 0.154 29641
-0.152 0.142 29653
-0.152 0.119 29665
-0.154 0.131 29677
-0.154 0.116 29689
-0.155 0.107 29701
-0.154 0.119 29713
-0.155 0.110 29725
-0.152 0.113 29737
-0.154 0.084 29749
-0.154 0.087 29761
-0.154 0.075 29773
-0.153 0.075 29785
-0.151 0.061 29797
-0.153 0.072 29809
-0.153 0.052 29821
-0.150 0.061 29833
-0.152 0.049 29845
-0.149 0.061 29857
-0.152 0.014 29869
-0.153 0.026 29881
-0.151 0.037 29893
-0.152 0.026 29905
-0.149 0.002 29917
-0.152 -0.009 29930
0.153 0.119 29942
0.152 0.107 29954
0.152 0.122 29966
0.152 0.142 29978
0.152 0.154 29990
0.150 0.177 30002
0.150 0.168 30014
0.149 0.189 30026
0.153 0.206 30038
0.152 0.206 30050
0.150 0.212 30062
0.151 0.236 30074
0.148 0.238 30086
0.153 0.241 30098
0.152 0.247 30110
0.149 0.259 30122
0.149 0.253 30134
0.150 0.262 30146
0.150 0.262 30158
0.152 0.276 30170
0.149 0.285 30182
0.149 0.291 30194
0.149 0.294 30206
0.152 0.294 30218
0.149 0.311 30230
0.150 0.329 30242
0.150 0.326 30254
0.152 0.329 30266
0.152 0.332 30278
0.151 0.341 30290
0.152 0.332 30302
0.153 0.341 30314
0.152 0.381 30326
0.149 0.364 30338
0.152 0.364 30350
0.152 0.378 30362
0.152 0.376 30374
0.151 0.387 30386
0.154 0.387 30398
0.152 0.402 30410
0.154 0.422 30422
0.152 0.413 30434
0.152 0.402 30446
0.152 0.390 30458
0.155 0.434 30470
0.156 0.416 30482
0.152 0.411 30494
0.153 0.411 30506
0.152 0.416 30518
0.152 0.422 30530
0.151 0.437 30542
0.153 0.437 30554
0.153 0.446 30566
0.152 0.448 30578
0.148 0.457 30590
0.149 0.469 30602
0.150 0.472 30614
0.148 0.481 30626
0.151 0.495 30638
0.149 0.486 30650
0.148 0.504 30662
0.151 0.516 30674
0.149 0.516 30686
0.152 0.527 30698
0.150 0.518 30710
0.149 0.530 30722
0.151 0.539 30734
0.152 0.556 30746
0.148 0.542 30758
0.150 0.551 30770
0.150 0.565 30782
0.152 0.580 30794
0.150 0.574 30806
0.153 0.586 30818
0.153 0.586 30830
0.151 0.597 30842
0.151 0.597 30854
0.151 0.603 30866
0.151 0.609 30878
0.151 0.623 30890
0.152 0.621 30902
0.150 0.621 30914
0.153 0.632 30926
0.151 0.632 30938
0.152 0.644 30950
0.152 0.656 30962
0.153 0.667 30974
0.152 0.670 30986
0.157 0.679 30998
0.152 0.679 31010
0.155 0.693 31022
0.153 0.693 31034
0.157 0.708 31046
0.151 0.682 31058
0.154 0.717 31070
0.153 0.720 31082
0.154 0.714 31094
0.157 0.737 31106
0.154 0.728 31118
0.153 0.714 31130
0.152 0.728 31142
0.152 0.734 31154
0.152 0.714 31166
0.152 0.726 31178
0.149 0.705 31190
0.148 0.728 31202
0.149 0.740 31214
0.149 0.737 31226
0.148 0.749 31238
0.149 0.755 31250
0.152 0.772 31262
0.149 0.766 31274
0.151 0.775 31286
0.150 0.772 31298
0.150 0.775 31310
0.153 0.801 31322
0.151 0.807 31334
0.152 0.810 31346
0.151 0.798 31358
0.151 0.810 31370
0.153 0.831 31382
0.153 0.842 31394
0.153 0.842 31406
0.152 0.842 31418
0.152 0.842 31430
0.155 0.860 31442
0.153 0.868 31454
0.156 0.866 31466
0.155 0.866 31478
0.152 0.868 31490
0.153 0.889 31502
0.153 0.889 31514
0.152 0.889 31526
0.152 0.889 31538
0.154 0.895 31550
0.152 0.892 31562
0.152 0.915 31574
0.155 0.906 31586
0.152 0.912 31598
0.153 0.924 31610
0.153 0.927 31622
0.156 0.947 31634
0.153 0.947 31646
0.153 0.938 31658
0.152 0.938 31670
0.151 0.938 31682
0.007 0.927 31694
0.006 0.903 31706
0.009 0.895 31718
0.006 0.892 31730
0.007 0.901 31742
0.007 0.892 31754
0.009 0.906 31766
0.006 0.889 31778
0.006 0.880 31790
0.007 0.889 31802
0.006 0.880 31814
0.008 0.877 31826
0.006 0.868 31838
0.007 0.895 31850
0.007 0.877 31862
0.007 0.868 31874
0.006 0.889 31886
0.006 0.877 31898
0.006 0.868 31910
0.007 0.880 31922
0.006 0.877 31934
0.006 0.880 31946
0.007 0.868 31958
0.009 0.889 31970
0.006 0.868 31982
0.007 0.868 31994
0.007 0.868 32006
0.005 0.880 32018
0.007 0.877 32030
0.007 0.868 32042
0.008 0.883 32054
0.005 0.868 32066
0.009 0.889 32078
0.007 0.877 32090
0.007 0.868 32102
0.005 0.868 32114
0.008 0.883 32126
0.006 0.880 32138
0.007 0.877 32150
0.007 0.868 32162
0.005 0.868 32174
0.008 0.866 32186
0.005 0.880 32198
0.151 0.915 32210
0.152 0.938 32222
0.154 0.953 32234
0.152 0.953 32246
0.152 0.959 32258
0.150 0.971 32270
0.153 0.988 32282
0.154 0.994 32294
0.154 1.000 32306
0.152 0.994 32318
0.153 1.006 32330
0.153 1.011 32342
0.151 1.006 32354
0.152 1.008 32366
0.007 0.976 32378
0.007 0.976 32390
0.005 0.962 32402
0.009 0.959 32414
0.006 0.950 32426
0.007 0.950 32438
0.006 0.962 32450
0.009 0.953 32462
0.007 0.947 32474
0.008 0.959 32486
0.006 0.953 32498
0.006 0.950 32510
0.006 0.950 32522
0.008 0.953 32534
0.009 0.959 32546
0.009 0.959 32558
0.008 0.959 32570
0.006 0.959 32582
0.008 0.953 32594
0.009 0.953 32606
0.006 0.950 32618
0.007 0.950 32630
0.006 0.959 32642
0.006 0.950 32654
0.007 0.950 32666
0.007 0.947 32678
0.005 0.956 32690
0.007 0.938 32702
0.006 0.950 32714
0.006 0.959 32726
0.007 0.956 32738
0.008 0.953 32750
0.006 0.959 32762
0.005 0.947 32774
0.006 0.959 32786
0.007 0.947 32798
0.007 0.971 32810
0.005 0.959 32822
0.006 0.950 32834
0.006 0.947 32846
0.009 0.959 32858
0.009 0.959 32870
0.006 0.950 32882
0.007 0.959 32894
0.007 0.950 32906
0.008 0.959 32918
0.007 0.950 32930
0.009 0.959 32942
0.008 0.959 32954
0.005 0.959 32966
0.008 0.959 32978
0.005 0.947 32990
0.007 0.959 33002
0.005 0.959 33014
0.006 0.959 33026
0.006 0.959 33038
0.004 0.962 33050
0.006 0.959 33062
0.005 0.962 33074
0.008 0.959 33086
0.006 0.959 33098
0.006 0.950 33110
0.008 0.959 33122
0.006 0.959 33134
0.007 0.959 33146
0.007 0.950 33158
0.007 0.959 33170
0.005 0.962 33182
0.005 0.959 33194
0.006 0.953 33206
0.008 0.959 33218
0.006 0.959 33230
0.006 0.959 33242
0.008 0.962 33254
0.006 0.971 33266
0.006 0.950 33278
0.007 0.962 33290
0.006 0.959 33302
0.007 0.962 33314
0.007 0.962 33326
0.008 0.959 33338
0.006 0.959 33350
0.006 0.962 33362
0.006 0.962 33374
0.008 0.959 33386
0.007 0.959 33398
0.005 0.959 33410
0.007 0.962 33422
0.006 0.962 33434
0.009 0.959 33446
0.008 0.959 33458
0.005 0.962 33470
0.006 0.959 33482
0.007 0.959 33494
0.006 0.962 33506
0.006 0.962 33518
0.009 0.976 33530
0.007 0.962 33542
0.007 0.968 33554
0.006 0.959 33566
0.008 0.962 33578
0.009 0.959 33590
0.006 0.962 33602
0.007 0.962 33614
0.009 0.959 33626
0.009 0.959 33638
0.008 0.976 33650
0.006 0.959 33662
0.006 0.962 33674
0.006 0.962 33686
0.009 0.959 33698
0.006 0.959 33710
0.009 0.959 33722
0.006 0.959 33734
0.005 0.962 33746
0.007 0.959 33758
0.006 0.962 33770
0.008 0.959 33782
0.004 0.959 33794
0.007 0.959 33806
0.006 0.971 33818
0.006 0.962 33830
0.006 0.962 33842
0.008 0.959 33854
0.005 0.959 33866
0.008 0.982 33878
0.005 0.976 33890
0.008 0.988 33902
0.006 0.971 33914
0.008 0.976 33926
0.006 0.976 33938
0.006 0.973 33950
0.006 0.971 33962
0.007 0.959 33974
0.006 0.973 33986
0.009 0.988 33998
0.008 0.988 34010
0.007 0.971 34022
0.007 0.973 34034
0.006 0.973 34046
0.009 0.976 34058
0.007 0.971 34070
0.007 0.959 34082
0.005 0.962 34094
0.005 0.971 34106
0.005 0.971 34118
0.007 0.959 34130
0.007 0.971 34142
0.006 0.973 34154
0.007 0.971 34166
0.007 0.976 34178
0.004 0.971 34190
0.005 0.971 34202
0.005 0.968 34214
0.004 0.973 34226
0.005 0.971 34238
0.008 0.976 34250
0.005 0.973 34262
0.005 0.971 34274
0.008 0.982 34286
0.006 0.973 34298
0.006 0.971 34310
0.006 0.985 34322
0.008 0.994 34334
0.006 0.985 34346
0.005 0.985 34358
0.006 0.985 34370
0.007 0.985 34382
0.006 0.976 34394
0.009 0.994 34406
0.006 0.985 34418
0.007 0.985 34430
0.007 0.985 34442
0.007 0.994 34454
0.007 0.985 34466
0.007 0.985 34478
0.008 1.006 34490
0.005 0.973 34502
0.007 0.982 34514
0.007 0.994 34526
0.007 0.994 34538
0.007 0.982 34550
0.009 1.000 34562
0.153 1.032 34574
0.153 1.041 34586
0.155 1.041 34598
0.152 1.046 34610
0.156 1.081 34622
0.152 1.052 34634
0.154 1.078 34646
0.152 1.078 34658
0.151 1.076 34670
0.154 1.087 34682
0.153 1.099 34694
0.154 1.116 34706
0.152 1.099 34718
0.152 1.122 34730
0.152 1.119 34742
0.150 1.113 34754
0.151 1.125 34766
0.150 1.125 34778
0.151 1.125 34790
0.152 1.140 34802
0.151 1.146 34814
0.152 1.148 34826
0.154 1.163 34838
0.152 1.163 34850
0.152 1.169 34862
0.152 1.160 34874
0.153 1.181 34886
0.156 1.186 34898
0.152 1.183 34910
0.153 1.192 34922
0.154 1.195 34934
0.154 1.195 34946
0.152 1.207 34958
0.157 1.221 34970
0.157 1.233 34982
0.153 1.227 34994
0.156 1.239 35006
0.006 1.204 35018
0.007 1.181 35030
0.008 1.181 35042
0.006 1.160 35054
0.007 1.163 35066
0.009 1.175 35078
0.005 1.157 35090
0.006 1.146 35102
0.004 1.148 35114
0.008 1.146 35126
0.006 1.146 35138
0.005 1.137 35150
0.005 1.143 35162
0.006 1.146 35174
0.006 1.137 35186
0.005 1.148 35198
0.008 1.146 35210
0.005 1.140 35222
0.005 1.146 35234
0.005 1.146 35246
0.005 1.137 35258
0.005 1.148 35270
0.004 1.146 35282
0.008 1.146 35294
0.007 1.146 35306
0.005 1.146 35318
0.008 1.157 35330
0.007 1.146 35342
0.004 1.148 35354
0.006 1.146 35366
0.007 1.146 35378
0.005 1.148 35390
0.150 1.181 35402
0.150 1.195 35414
0.151 1.204 35426
0.151 1.213 35438
0.151 1.218 35450
0.153 1.239 35462
0.152 1.242 35474
0.150 1.242 35486
0.151 1.253 35498
0.150 1.253 35510
0.151 1.253 35522
0.150 1.256 35534
0.150 1.262 35546
0.151 1.274 35558
0.155 1.280 35570
0.151 1.288 35582
0.152 1.297 35594
0.151 1.288 35606
0.152 1.300 35618
0.152 1.300 35630
0.150 1.303 35642
0.151 1.309 35654
0.151 1.312 35666
0.152 1.321 35678
0.151 1.323 35690
0.150 1.323 35702
0.150 1.335 35714
0.151 1.335 35726
0.151 1.347 35738
0.151 1.353 35750
0.151 1.344 35762
0.151 1.356 35774
0.153 1.367 35786
0.151 1.367 35798
0.151 1.364 35810
0.151 1.370 35822
0.150 1.373 35834
0.151 1.379 35846
0.154 1.391 35858
0.151 1.396 35870
0.153 1.402 35882
0.151 1.402 35894
0.150 1.402 35906
0.151 1.414 35918
0.151 1.405 35930
0.151 1.414 35942
0.154 1.426 35954
0.151 1.426 35966
0.151 1.428 35978
0.150 1.428 35990
0.151 1.440 36002
0.152 1.440 36014
0.151 1.449 36026
0.152 1.440 36038
0.151 1.449 36050
0.151 1.461 36062
0.152 1.461 36074
0.154 1.472 36086
0.152 1.463 36098
0.152 1.472 36110
0.154 1.496 36122
0.151 1.484 36134
0.155 1.496 36146
0.150 1.496 36158
0.155 1.501 36170
0.152 1.507 36182
0.152 1.507 36194
0.151 1.510 36206
0.152 1.507 36218
0.150 1.519 36230
0.005 1.487 36242
0.005 1.484 36254
0.152 1.498 36266
0.154 1.519 36278
0.153 1.531 36290
0.152 1.531 36302
0.152 1.533 36314
0.152 1.542 36326
0.152 1.542 36338
0.152 1.545 36350
0.152 1.554 36362
0.153 1.566 36374
0.152 1.568 36386
0.151 1.568 36398
0.152 1.566 36410
0.152 1.577 36422
0.152 1.577 36434
0.153 1.589 36446
0.154 1.601 36458
0.154 1.601 36470
0.151 1.589 36482
0.152 1.609 36494
0.153 1.603 36506
0.152 1.603 36518
0.152 1.601 36530
0.152 1.615 36542
0.152 1.612 36554
0.152 1.627 36566
0.152 1.627 36578
0.152 1.641 36590
0.155 1.647 36602
0.150 1.636 36614
0.151 1.638 36626
0.152 1.638 36638
0.151 1.647 36650
0.154 1.659 36662
0.153 1.656 36674
0.151 1.659 36686
0.151 1.662 36698
0.004 1.615 36710
0.004 1.603 36722
0.004 1.612 36734
0.006 1.606 36746
0.007 1.601 36758
0.005 1.589 36770
0.150 1.638 36782
0.152 1.650 36794
0.150 1.650 36806
0.154 1.671 36818
0.152 1.662 36830
0.152 1.682 36842
0.151 1.682 36854
0.154 1.688 36866
0.151 1.694 36878
0.152 1.694 36890
0.152 1.706 36902
0.152 1.697 36914
0.152 1.708 36926
0.152 1.708 36938
0.151 1.717 36950
0.151 1.717 36962
0.152 1.717 36974
0.150 1.726 36986
0.152 1.729 36998
0.151 1.729 37010
0.151 1.732 37022
0.152 1.741 37034
0.151 1.743 37046
0.151 1.752 37058
0.154 1.764 37070
0.152 1.755 37082
0.151 1.755 37094
0.151 1.755 37106
0.152 1.767 37118
0.151 1.778 37130
0.152 1.776 37142
0.152 1.778 37154
0.152 1.799 37166
0.154 1.793 37178
0.152 1.787 37190
0.150 1.790 37202
0.151 1.799 37214
0.150 1.802 37226
0.151 1.813 37238
0.151 1.811 37250
0.154 1.834 37262
0.152 1.819 37274
0.151 1.822 37286
0.151 1.825 37298
0.152 1.825 37310
0.152 1.825 37322
0.152 1.837 37334
0.153 1.857 37346
0.151 1.846 37358
0.154 1.857 37370
0.154 1.863 37382
0.152 1.860 37394
0.152 1.869 37406
0.150 1.860 37418
0.152 1.866 37430
0.152 1.881 37442
0.152 1.872 37454
0.152 1.872 37466
0.152 1.883 37478
0.151 1.892 37490
0.152 1.892 37502
0.151 1.895 37514
0.151 1.904 37526
0.152 1.904 37538
0.152 1.907 37550
0.153 1.916 37562
0.152 1.916 37574
0.151 1.918 37586
0.152 1.918 37598
0.151 1.927 37610
0.151 1.930 37622
0.154 1.951 37634
0.152 1.930 37646
0.151 1.942 37658
0.152 1.942 37670
0.152 1.951 37682
0.152 1.942 37694
0.151 1.962 37706
0.152 1.953 37718
0.154 1.968 37730
0.154 1.986 37742
0.152 1.962 37754
0.152 1.974 37766
0.152 1.977 37778
0.152 1.983 37790
0.152 1.986 37802
0.151 1.988 37814
0.151 1.988 37826
0.152 1.988 37838
0.152 2.009 37850
0.152 2.009 37862
0.151 2.000 37874
0.154 2.026 37886
0.152 2.012 37898
0.152 2.021 37910
0.154 2.032 37922
0.152 2.032 37934
0.152 2.032 37946
0.151 2.035 37958
0.150 2.032 37970
0.152 2.044 37982
0.151 2.047 37994
0.151 2.056 38006
0.152 2.047 38018
0.151 2.058 38030
0.152 2.058 38042
0.152 2.067 38054
0.154 2.073 38066
0.152 2.067 38078
0.151 2.070 38090
0.150 2.082 38102
0.152 2.082 38114
0.151 2.082 38126
0.152 2.091 38138
0.151 2.091 38150
0.150 2.102 38162
0.154 2.108 38174
0.151 2.102 38186
0.152 2.099 38198
0.151 2.105 38210
0.150 2.117 38222
0.154 2.131 38234
0.150 2.117 38246
0.154 2.126 38258
0.154 2.137 38270
0.155 2.137 38282
0.152 2.137 38294
0.152 2.140 38306
0.152 2.140 38318
0.151 2.155 38330
0.152 2.152 38342
0.152 2.140 38354
0.151 2.149 38366
0.152 2.161 38378
0.152 2.161 38390
0.153 2.172 38402
0.152 2.175 38414
0.152 2.175 38426
0.151 2.175 38438
0.151 2.175 38450
0.152 2.187 38462
0.154 2.201 38474
0.152 2.196 38486
0.154 2.207 38498
0.151 2.196 38510
0.152 2.198 38522
0.151 2.198 38534
0.151 2.210 38546
0.152 2.210 38558
0.153 2.213 38570
0.155 2.231 38582
0.152 2.219 38594
0.152 2.222 38606
0.151 2.231 38618
0.152 2.231 38630
0.154 2.248 38642
0.151 2.242 38654
0.153 2.254 38666
0.154 2.254 38678
0.152 2.254 38690
0.152 2.257 38702
0.151 2.245 38714
0.152 2.266 38726
0.152 2.268 38738
0.151 2.268 38750
0.152 2.277 38762
0.152 2.268 38774
0.155 2.289 38786
0.154 2.295 38798
0.154 2.295 38810
0.153 2.306 38822
0.152 2.289 38834
0.152 2.303 38846
0.152 2.292 38858
0.153 2.303 38870
0.003 2.266 38882
0.002 2.257 38894
0.002 2.257 38906
0.004 2.254 38918
0.003 2.245 38930
0.005 2.248 38942
0.002 2.242 38954
0.003 2.233 38966
0.003 2.233 38978
0.005 2.242 38990
0.003 2.231 39002
0.003 2.222 39014
0.005 2.231 39026
0.001 2.222 39038
0.002 2.222 39050
0.003 2.219 39062
0.003 2.231 39074
0.005 2.231 39086
0.001 2.222 39098
0.003 2.219 39110
0.005 2.231 39122
0.002 2.222 39134
0.005 2.231 39146
0.002 2.222 39158
0.002 2.219 39170
0.002 2.219 39182
0.004 2.219 39194
0.002 2.222 39206
0.003 2.210 39218
0.001 2.219 39230
0.152 2.254 39242
0.151 2.268 39254
0.154 2.283 39266
0.151 2.280 39278
0.153 2.301 39290
0.151 2.303 39302
0.154 2.312 39314
0.154 2.318 39326
0.151 2.315 39338
0.152 2.324 39350
0.151 2.336 39362
0.154 2.359 39374
0.152 2.336 39386
0.154 2.347 39398
0.153 2.353 39410
0.154 2.359 39422
0.152 2.359 39434
0.154 2.359 39446
0.151 2.362 39458
0.151 2.359 39470
0.150 2.371 39482
0.152 2.373 39494
0.155 2.359 39506
0.151 2.373 39518
0.152 2.388 39530
0.154 2.406 39542
0.152 2.385 39554
0.154 2.406 39566
0.152 2.397 39578
0.152 2.406 39590
0.154 2.417 39602
0.152 2.408 39614
0.152 2.408 39626
0.151 2.408 39638
0.152 2.417 39650
0.153 2.420 39662
0.152 2.429 39674
0.154 2.435 39686
0.154 2.441 39698
0.151 2.432 39710
0.154 2.452 39722
0.153 2.452 39734
0.153 2.452 39746
0.152 2.446 39758
0.153 2.452 39770
0.152 2.455 39782
0.152 2.455 39794
0.154 2.476 39806
0.151 2.464 39818
0.151 2.467 39830
0.152 2.467 39842
0.152 2.478 39854
0.153 2.478 39866
0.151 2.478 39878
0.151 2.478 39890
0.151 2.490 39902
0.152 2.490 39914
0.152 2.502 39926
0.152 2.499 39938
0.152 2.499 39950
0.155 2.522 39962
0.154 2.513 39974
0.155 2.516 39986
0.153 2.528 39998
0.153 2.528 40010
0.152 2.522 40022
0.152 2.525 40034
0.151 2.534 40046
0.151 2.534 40058
0.150 2.534 40070
0.152 2.537 40082
0.155 2.546 40094
0.154 2.546 40106
0.153 2.546 40118
0.153 2.546 40130
0.153 2.569 40142
0.152 2.546 40154
0.152 2.557 40166
0.151 2.569 40178
0.153 2.575 40190
0.152 2.572 40202
0.154 2.592 40214
0.152 2.583 40226
0.152 2.583 40238
0.154 2.592 40250
0.155 2.592 40262
0.152 2.592 40274
0.151 2.592 40286
0.151 2.604 40298
0.152 2.604 40310
0.154 2.621 40322
0.152 2.616 40334
0.152 2.616 40346
0.153 2.621 40358
0.151 2.618 40370
0.153 2.633 40382
0.152 2.642 40394
0.153 2.633 40406
0.152 2.618 40418
0.154 2.639 40430
0.153 2.642 40442
0.152 2.642 40454
0.152 2.642 40466
0.151 2.642 40478
0.151 2.651 40490
0.152 2.662 40502
0.152 2.653 40514
0.152 2.651 40526
0.151 2.662 40538
0.154 2.674 40550
0.151 2.674 40562
0.151 2.674 40574
0.152 2.683 40586
0.152 2.665 40598
0.151 2.680 40610
0.152 2.688 40622
0.151 2.686 40634
0.152 2.697 40646
0.152 2.697 40658
0.153 2.715 40670
-0.152 2.604 40683
-0.152 2.592 40695
-0.151 2.572 40707
-0.152 2.557 40719
-0.152 2.546 40731
-0.150 2.540 40743
-0.152 2.522 40755
-0.151 2.528 40767
-0.152 2.502 40779
-0.152 2.502 40791
-0.150 2.499 40803
-0.150 2.499 40815
-0.150 2.487 40827
-0.152 2.487 40839
-0.152 2.476 40851
-0.149 2.476 40863
-0.152 2.464 40875
-0.149 2.452 40887
-0.153 2.455 40899
-0.150 2.452 40911
-0.152 2.443 40923
-0.153 2.429 40935
-0.151 2.441 40947
-0.152 2.438 40959
-0.150 2.435 40971
-0.152 2.420 40983
-0.152 2.408 40995
-0.152 2.408 41007
-0.151 2.417 41019
-0.152 2.406 41031
-0.153 2.397 41043
-0.148 2.417 41055
-0.151 2.397 41067
-0.152 2.385 41079
-0.151 2.385 41091
-0.150 2.388 41103
-0.152 2.382 41115
-0.152 2.379 41127
-0.152 2.373 41139
-0.152 2.362 41151
-0.153 2.362 41163
-0.152 2.362 41175
-0.149 2.359 41187
-0.152 2.359 41199
-0.152 2.350 41211
-0.153 2.338 41223
-0.150 2.347 41235
-0.152 2.327 41247
-0.152 2.327 41259
-0.153 2.336 41271
-0.153 2.327 41283
-0.152 2.336 41295
-0.150 2.330 41307
-0.152 2.303 41319
-0.152 2.312 41331
-0.153 2.309 41343
-0.154 2.303 41355
-0.152 2.301 41367
-0.153 2.312 41379
-0.149 2.301 41391
-0.152 2.289 41403
-0.151 2.289 41415
-0.152 2.280 41427
-0.152 2.280 41439
-0.152 2.268 41451
-0.151 2.266 41463
-0.153 2.266 41475
-0.150 2.277 41487
-0.152 2.257 41499
-0.152 2.254 41511
-0.148 2.266 41523
-0.151 2.254 41535
-0.149 2.266 41547
-0.152 2.242 41559
-0.149 2.248 41571
-0.149 2.242 41583
-0.149 2.248 41595
-0.150 2.254 41607
-0.154 2.222 41619
-0.151 2.219 41631
-0.150 2.231 41643
-0.151 2.231 41655
-0.152 2.210 41667
-0.149 2.219 41679
-0.149 2.219 41691
-0.153 2.198 41703
-0.151 2.210 41715
-0.152 2.198 41727
-0.152 2.198 41739
-0.152 2.184 41751
-0.153 2.175 41763
-0.153 2.184 41775
-0.152 2.172 41787
-0.154 2.175 41799
-0.153 2.172 41811
-0.153 2.163 41823
-0.152 2.152 41835
-0.150 2.161 41847
-0.152 2.161 41859
-0.153 2.149 41871
-0.149 2.149 41883
-0.153 2.146 41895
-0.153 2.149 41907
-0.152 2.140 41919
-0.151 2.128 41931
-0.149 2.137 41943
-0.152 2.117 41955
-0.150 2.126 41967
-0.152 2.128 41979
-0.149 2.126 41991
-0.152 2.105 42003
-0.153 2.114 42015
-0.149 2.114 42027
-0.152 2.093 42039
-0.149 2.108 42051
-0.152 2.093 42063
-0.151 2.093 42075
-0.152 2.082 42087
-0.153 2.082 42099
-0.153 2.091 42111
-0.153 2.079 42123
-0.149 2.079 42135
-0.152 2.070 42147
-0.153 2.067 42159
-0.152 2.056 42171
-0.150 2.073 42183
-0.152 2.058 42195
-0.152 2.058 42207
-0.153 2.047 42219
-0.153 2.044 42231
-0.153 2.047 42243
-0.152 2.035 42255
-0.148 2.032 42267
-0.149 2.021 42279
-0.152 2.023 42291
-0.150 2.021 42303
-0.152 2.009 42315
-0.153 2.009 42327
-0.152 2.009 42339
-0.152 1.988 42351
-0.150 2.009 42363
-0.153 1.988 42375
-0.152 1.988 42387
-0.152 1.988 42399
-0.151 1.977 42411
-0.152 1.977 42423
-0.152 1.986 42435
-0.153 1.988 42447
-0.153 1.974 42459
-0.151 1.965 42471
-0.148 1.968 42483
-0.151 1.959 42495
-0.151 1.959 42507
-0.151 1.965 42519
-0.151 1.942 42531
-0.152 1.942 42543
-0.152 1.939 42555
-0.152 1.942 42567
-0.153 1.942 42579
-0.152 1.939 42591
-0.149 1.939 42603
-0.153 1.918 42615
-0.150 1.921 42627
-0.153 1.918 42639
-0.152 1.918 42651
-0.150 1.916 42663
-0.153 1.916 42675
-0.153 1.907 42687
-0.153 1.895 42699
-0.150 1.916 42711
-0.150 1.904 42723
-0.150 1.881 42735
-0.153 1.895 42747
-0.153 1.886 42759
-0.152 1.883 42771
-0.151 1.892 42783
-0.148 1.875 42795
-0.151 1.857 42807
-0.151 1.866 42819
-0.151 1.857 42831
-0.152 1.857 42843
-0.149 1.857 42855
-0.152 1.848 42867
-0.152 1.840 42879
-0.152 1.837 42891
-0.152 1.825 42903
-0.152 1.837 42915
-0.152 1.825 42927
-0.152 1.825 42939
-0.151 1.813 42951
-0.152 1.811 42963
-0.149 1.799 42975
-0.152 1.802 42987
-0.151 1.802 42999
-0.152 1.802 43011
-0.153 1.790 43023
-0.153 1.799 43035
-0.150 1.799 43047
-0.153 1.787 43059
-0.154 1.802 43071
-0.152 1.778 43083
-0.153 1.778 43095
-0.153 1.776 43107
-0.151 1.781 43119
-0.153 1.767 43131
-0.153 1.755 43143
-0.154 1.755 43155
-0.152 1.776 43167
-0.153 1.752 43179
-0.153 1.741 43191
-0.151 1.764 43203
-0.150 1.752 43215
-0.152 1.755 43227
-0.148 1.752 43239
-0.152 1.741 43251
-0.151 1.729 43263
-0.153 1.706 43275
-0.153 1.706 43287
-0.152 1.708 43299
-0.151 1.706 43311
-0.151 1.706 43323
-0.153 1.685 43335
-0.149 1.706 43347
-0.152 1.685 43359
-0.151 1.685 43371
-0.152 1.682 43383
-0.152 1.682 43395
-0.153 1.685 43407
-0.152 1.662 43419
-0.152 1.671 43431
-0.152 1.671 43443
-0.153 1.671 43455
-0.151 1.676 43467
-0.149 1.671 43479
-0.154 1.647 43491
-0.152 1.647 43503
-0.152 1.659 43515
-0.152 1.653 43527
-0.153 1.638 43539
-0.152 1.636 43551
-0.154 1.636 43563
-0.152 1.638 43575
-0.152 1.641 43587
-0.153 1.615 43599
-0.151 1.612 43611
-0.150 1.612 43623
-0.154 1.615 43635
-0.155 1.612 43647
-0.152 1.612 43659
-0.154 1.612 43671
-0.150 1.606 43683
-0.153 1.589 43695
-0.149 1.606 43707
-0.152 1.601 43719
-0.153 1.592 43731
-0.151 1.592 43743
-0.152 1.580 43755
-0.151 1.580 43767
-0.148 1.595 43779
-0.151 1.577 43791
-0.151 1.568 43803
-0.150 1.542 43815
-0.151 1.557 43827
-0.151 1.533 43839
-0.151 1.531 43851
-0.152 1.539 43863
-0.148 1.519 43875
-0.154 1.522 43887
-0.151 1.510 43899
-0.151 1.507 43911
-0.149 1.498 43923
-0.151 1.498 43935
-0.149 1.507 43947
-0.148 1.507 43959
-0.153 1.496 43971
-0.149 1.519 43983
-0.153 1.475 43995
-0.154 1.475 44007
-0.153 1.484 44019
-0.155 1.475 44031
-0.151 1.484 44043
-0.153 1.487 44055
-0.150 1.490 44067
-0.153 1.484 44079
-0.152 1.461 44091
-0.152 1.463 44103
-0.152 1.461 44115
-0.154 1.449 44127
-0.154 1.452 44139
-0.154 1.449 44151
-0.155 1.449 44163
-0.154 1.440 44175
-0.153 1.437 44187
-0.153 1.452 44199
-0.152 1.440 44211
-0.152 1.437 44223
-0.153 1.417 44235
-0.153 1.426 44247
-0.153 1.428 44259
-0.152 1.417 44271
-0.151 1.420 44283
-0.150 1.426 44295
-0.148 1.391 44307
-0.151 1.382 44319
-0.151 1.379 44331
-0.154 1.379 44343
-0.153 1.370 44355
-0.152 1.382 44367
-0.151 1.393 44379
-0.150 1.379 44391
-0.149 1.382 44403
-0.149 1.382 44415
-0.151 1.367 44427
-0.149 1.382 44439
-0.148 1.370 44451
-0.148 1.332 44463
-0.153 1.347 44475
-0.147 1.332 44487
-0.149 1.335 44499
-0.152 1.332 44511
-0.152 1.309 44523
-0.153 1.300 44535
-0.152 1.303 44547
-0.153 1.300 44559
-0.152 1.297 44571
-0.153 1.297 44583
-0.152 1.309 44595
-0.152 1.297 44607
-0.154 1.286 44619
-0.153 1.277 44631
-0.151 1.286 44643
-0.153 1.274 44655
-0.152 1.286 44667
-0.154 1.265 44679
-0.153 1.265 44691
-0.150 1.274 44703
-0.154 1.265 44715
-0.152 1.262 44727
-0.149 1.256 44739
-0.153 1.253 44751
-0.148 1.256 44763
-0.152 1.239 44775
-0.152 1.242 44787
-0.152 1.239 44799
-0.151 1.242 44811
-0.153 1.230 44823
-0.151 1.239 44835
-0.149 1.239 44847
-0.152 1.230 44859
-0.152 1.227 44871
-0.148 1.218 44883
-0.151 1.216 44895
-0.148 1.227 44907
-0.151 1.201 44919
-0.146 1.210 44931
-0.152 1.204 44943
-0.153 1.183 44955
-0.151 1.195 44967
-0.150 1.204 44979
-0.155 1.169 44991
-0.153 1.175 45003
-0.149 1.181 45015
-0.153 1.172 45027
-0.155 1.148 45039
-0.152 1.146 45051
-0.153 1.146 45063
-0.151 1.134 45075
-0.153 1.137 45087
-0.152 1.140 45099
-0.151 1.125 45111
-0.150 1.128 45123
-0.152 1.122 45135
-0.152 1.125 45147
-0.150 1.116 45159
-0.152 1.102 45171
-0.152 1.102 45183
-0.150 1.111 45195
-0.150 1.111 45207
-0.153 1.102 45219
-0.151 1.099 45231
-0.152 1.078 45243
-0.153 1.087 45255
-0.153 1.078 45267
-0.151 1.078 45279
-0.153 1.067 45291
-0.153 1.067 45303
-0.152 1.055 45315
-0.153 1.055 45327
-0.152 1.052 45339
-0.150 1.052 45351
-0.151 1.052 45363
-0.153 1.043 45375
-0.153 1.046 45387
-0.151 1.041 45399
-0.152 1.029 45411
-0.152 1.029 45423
-0.152 1.008 45435
-0.149 1.023 45447
-0.153 1.008 45459
-0.149 1.006 45471
-0.152 0.994 45483
-0.154 0.973 45495
-0.155 0.982 45507
-0.155 0.973 45519
-0.152 0.982 45531
-0.154 0.968 45543
-0.150 0.982 45555
-0.150 0.988 45567
-0.152 0.959 45579
-0.151 0.959 45591
-0.148 0.959 45603
-0.152 0.947 45615
-0.152 0.959 45627
-0.154 0.938 45639
-0.149 0.959 45651
-0.148 0.941 45663
-0.151 0.947 45675
-0.153 0.930 45687
-0.153 0.930 45699
-0.152 0.915 45711
-0.152 0.906 45723
-0.153 0.906 45735
-0.153 0.915 45747
-0.153 0.892 45759
-0.153 0.903 45771
-0.152 0.906 45783
-0.152 0.889 45795
-0.153 0.892 45807
-0.153 0.889 45819
-0.153 0.877 45831
-0.153 0.880 45843
-0.154 0.866 45855
-0.154 0.868 45867
-0.153 0.857 45879
-0.152 0.854 45891
-0.152 0.845 45903
-0.150 0.845 45915
-0.150 0.854 45927
-0.153 0.842 45939
-0.149 0.836 45951
-0.149 0.831 45963
-0.152 0.819 45975
-0.150 0.819 45987
-0.149 0.819 45999
-0.152 0.807 46011
-0.151 0.807 46023
-0.153 0.798 46035
-0.149 0.807 46047
-0.153 0.787 46059
-0.152 0.787 46071
-0.152 0.784 46083
-0.153 0.775 46095
-0.152 0.775 46107
-0.153 0.772 46119
-0.151 0.772 46131
-0.152 0.752 46143
-0.151 0.772 46155
-0.150 0.761 46167
-0.152 0.740 46179
-0.151 0.755 46191
-0.153 0.743 46203
-0.154 0.740 46215
-0.152 0.728 46227
-0.153 0.728 46239
-0.152 0.720 46251
-0.150 0.737 46263
-0.153 0.696 46275
-0.153 0.702 46287
-0.153 0.705 46299
-0.152 0.705 46311
-0.152 0.691 46323
-0.152 0.696 46335
-0.153 0.691 46347
-0.152 0.682 46359
-0.149 0.679 46371
-0.150 0.679 46383
-0.153 0.667 46395
-0.153 0.656 46407
-0.154 0.647 46419
-0.151 0.644 46431
-0.148 0.661 46443
-0.149 0.650 46455
-0.149 0.632 46467
-0.151 0.635 46479
-0.151 0.623 46491
-0.152 0.623 46503
-0.151 0.621 46515
-0.153 0.612 46527
-0.152 0.612 46539
-0.153 0.606 46551
-0.153 0.600 46563
-0.153 0.600 46575
-0.152 0.586 46587
-0.150 0.586 46599
-0.152 0.577 46611
-0.153 0.577 46623
-0.153 0.574 46635
-0.152 0.565 46647
-0.152 0.574 46659
-0.153 0.562 46671
-0.152 0.553 46683
-0.149 0.568 46695
-0.152 0.551 46707
-0.153 0.539 46719
-0.148 0.539 46731
-0.153 0.530 46743
-0.154 0.527 46755
-0.151 0.527 46767
-0.152 0.518 46779
-0.152 0.518 46791
-0.150 0.516 46803
-0.148 0.510 46815
-0.153 0.495 46827
-0.150 0.481 46839
-0.152 0.492 46851
-0.148 0.486 46863
-0.150 0.469 46875
