  
  
  
  
  
  
  
  
  
  
  
0.000 0.000 1
0.736 -0.033 52
0.796 -0.010 104
0.805 -0.010 156
0.847 0.008 208
0.834 0.014 260
0.866 0.031 312
0.885 0.031 364
0.870 0.034 416
0.899 0.037 468
0.885 0.055 520
0.900 0.055 572
0.887 0.060 624
0.900 0.066 676
0.885 0.066 728
0.901 0.081 780
0.877 0.075 832
0.901 0.087 884
0.887 0.084 936
0.902 0.084 988
0.872 0.084 1040
0.902 0.095 1092
0.898 0.113 1144
0.900 0.113 1196
0.896 0.107 1248
0.901 0.122 1300
0.868 0.125 1352
0.860 0.125 1404
0.832 0.125 1456
0.826 0.125 1508
0.775 0.122 1560
0.807 0.136 1612
0.654 0.113 1664
0.640 0.125 1716
0.432 0.107 1768
0.481 0.125 1820
0.484 0.119 1872
0.416 0.136 1924
0.424 0.136 1976
0.314 0.136 2028
0.385 0.136 2080
0.313 0.142 2132
0.450 0.142 2184
0.285 0.154 2236
0.405 0.160 2288
0.282 0.165 2340
0.419 0.171 2392
0.308 0.177 2444
0.408 0.177 2496
0.380 0.195 2548
0.500 0.195 2600
0.352 0.200 2652
0.416 0.189 2704
0.341 0.192 2756
0.528 0.200 2808
0.481 0.218 2860
0.515 0.218 2912
0.441 0.212 2964
0.417 0.230 3016
0.547 0.227 3068
0.555 0.241 3120
0.492 0.230 3172
0.489 0.247 3224
0.458 0.238 3276
0.487 0.265 3328
0.586 0.247 3380
0.491 0.265 3432
0.673 0.276 3484
0.542 0.268 3536
0.682 0.288 3588
0.525 0.288 3640
0.691 0.282 3692
0.606 0.294 3744
0.732 0.294 3796
0.489 0.300 3848
0.598 0.311 3900
0.483 0.300 3952
0.595 0.311 4004
0.515 0.323 4056
0.595 0.335 4108
0.510 0.323 4160
0.589 0.335 4212
0.613 0.332 4264
0.631 0.340 4316
0.640 0.340 4368
0.623 0.346 4420
0.652 0.358 4472
0.529 0.358 4524
0.606 0.335 4576
0.526 0.358 4628
0.616 0.358 4680
0.518 0.352 4732
0.630 0.378 4784
0.504 0.381 4836
0.651 0.381 4888
0.508 0.387 4940
0.653 0.375 4992
0.551 0.405 5044
0.652 0.405 5096
0.584 0.405 5148
0.656 0.416 5200
0.559 0.416 5252
0.593 0.416 5304
0.554 0.416 5356
0.596 0.416 5408
0.544 0.428 5460
0.581 0.428 5512
0.620 0.437 5564
0.594 0.422 5616
0.698 0.434 5668
0.720 0.451 5720
0.864 0.457 5772
0.846 0.460 5824
0.906 0.480 5876
0.875 0.469 5928
0.906 0.483 5980
0.885 0.498 6032
0.894 0.498 6084
0.884 0.495 6136
0.900 0.492 6188
0.889 0.510 6240
0.893 0.507 6292
0.818 0.510 6344
0.853 0.510 6396
0.771 0.498 6448
0.818 0.521 6500
0.837 0.507 6552
0.804 0.521 6604
0.781 0.518 6656
0.646 0.521 6708
0.656 0.521 6760
0.576 0.515 6812
0.555 0.533 6864
0.517 0.527 6916
0.581 0.545 6968
0.500 0.530 7020
0.576 0.545 7072
0.458 0.550 7124
0.593 0.539 7176
0.452 0.542 7228
0.527 0.542 7280
0.498 0.550 7332
0.580 0.565 7384
0.615 0.568 7436
0.741 0.574 7488
0.664 0.577 7540
0.722 0.580 7592
0.732 0.577 7644
0.704 0.591 7696
0.667 0.591 7748
0.606 0.591 7800
0.414 0.588 7852
0.419 0.615 7904
0.544 0.615 7956
0.547 0.600 8008
0.459 0.603 8060
0.474 0.615 8112
0.506 0.603 8164
0.364 0.620 8216
0.449 0.620 8268
0.434 0.620 8320
0.509 0.620 8372
0.459 0.632 8424
0.604 0.638 8476
0.523 0.626 8528
0.671 0.638 8580
0.493 0.650 8632
0.715 0.647 8684
0.656 0.661 8736
0.777 0.661 8788
0.609 0.661 8840
0.623 0.661 8892
0.485 0.655 8944
0.483 0.673 8996
0.438 0.685 9048
0.426 0.673 9100
0.401 0.679 9152
0.380 0.682 9204
0.446 0.679 9256
0.421 0.682 9308
0.436 0.696 9360
0.399 0.696 9412
0.478 0.696 9464
0.354 0.702 9516
0.460 0.714 9568
0.358 0.705 9620
0.468 0.705 9672
0.335 0.720 9724
0.506 0.705 9776
0.377 0.725 9828
0.481 0.720 9880
0.332 0.725 9932
0.400 0.728 9984
0.341 0.728 10036
0.438 0.737 10088
0.350 0.737 10140
0.458 0.737 10192
0.418 0.740 10244
0.455 0.740 10296
0.454 0.740 10348
0.426 0.752 10400
0.493 0.752 10452
0.422 0.778 10504
0.436 0.778 10556
0.407 0.778 10608
0.505 0.766 10660
0.401 0.772 10712
0.536 0.772 10764
0.377 0.801 10816
0.517 0.790 10868
0.431 0.798 10920
0.562 0.790 10972
0.487 0.790 11024
0.736 0.801 11076
0.593 0.801 11128
0.787 0.804 11180
0.496 0.795 11232
0.440 0.825 11284
0.304 0.819 11336
0.405 0.813 11388
0.317 0.822 11440
0.377 0.819 11492
0.402 0.822 11544
0.445 0.836 11596
0.430 0.848 11648
0.466 0.830 11700
0.414 0.842 11752
0.335 0.842 11804
0.404 0.842 11856
0.286 0.854 11908
0.364 0.871 11960
0.332 0.860 12012
0.452 0.860 12064
0.346 0.865 12116
0.441 0.865 12168
0.277 0.868 12220
0.451 0.865 12272
0.375 0.868 12324
0.482 0.868 12376
0.400 0.883 12428
0.478 0.877 12480
0.377 0.889 12532
0.380 0.889 12584
0.380 0.889 12636
0.427 0.889 12688
0.331 0.900 12740
0.342 0.906 12792
0.442 0.900 12844
0.412 0.906 12896
0.601 0.918 12948
0.580 0.918 13000
0.178 0.924 13052
-0.011 0.924 13104
0.165 0.930 13156
0.365 0.924 13208
0.622 0.912 13260
0.453 0.941 13312
0.690 0.924 13364
0.796 0.924 13416
0.854 0.927 13468
0.902 0.938 13520
0.898 0.941 13572
0.902 0.947 13624
0.901 0.947 13676
0.902 0.953 13728
0.902 0.953 13780
0.902 0.965 13832
0.902 0.950 13884
0.902 0.965 13936
0.904 0.959 13988
0.902 0.968 14040
0.905 0.959 14092
0.902 0.976 14144
0.902 0.976 14196
0.906 0.988 14248
0.833 0.973 14300
0.910 0.988 14352
0.889 0.988 14404
0.907 0.988 14456
0.890 0.976 14508
0.906 0.994 14560
0.890 0.997 14612
0.898 1.000 14664
0.901 0.997 14716
0.905 1.000 14768
0.902 1.011 14820
0.902 1.011 14872
0.902 1.011 14924
0.877 1.011 14976
0.882 1.005 15028
0.847 1.017 15080
0.824 1.035 15132
0.805 1.035 15184
0.855 1.035 15236
0.809 1.035 15288
0.868 1.035 15340
0.824 1.032 15392
0.896 1.040 15444
0.803 1.043 15496
0.889 1.046 15548
0.805 1.046 15600
0.885 1.058 15652
0.838 1.043 15704
0.894 1.058 15756
0.805 1.058 15808
0.890 1.061 15860
0.796 1.070 15912
0.841 1.070 15964
0.798 1.055 16016
0.856 1.081 16068
0.864 1.070 16120
0.843 1.081 16172
0.864 1.081 16224
0.787 1.075 16276
0.818 1.075 16328
0.804 1.087 16380
0.825 1.075 16432
0.754 1.090 16484
0.760 1.102 16536
0.716 1.105 16588
0.758 1.090 16640
0.695 1.105 16692
0.547 1.116 16744
0.246 1.140 16796
0.232 1.122 16848
0.103 1.128 16900
0.198 1.134 16952
0.172 1.140 17004
0.225 1.151 17056
0.465 1.134 17108
0.762 1.110 17160
0.407 1.151 17212
0.741 1.140 17264
0.678 1.140 17316
0.883 1.134 17368
0.898 1.140 17420
0.906 1.134 17472
0.903 1.137 17524
0.903 1.148 17576
0.906 1.140 17628
0.673 1.154 17680
0.691 1.145 17732
0.902 1.151 17784
0.902 1.163 17836
0.905 1.145 17888
0.902 1.160 17940
0.902 1.175 17992
0.902 1.175 18044
0.903 1.178 18096
0.902 1.175 18148
0.902 1.172 18200
0.902 1.186 18252
0.903 1.183 18304
0.902 1.186 18356
0.902 1.198 18408
0.905 1.195 18460
0.904 1.204 18512
0.902 1.204 18564
0.902 1.204 18616
0.902 1.204 18668
0.902 1.207 18720
0.902 1.198 18772
0.902 1.204 18824
0.906 1.195 18876
0.904 1.204 18928
0.907 1.215 18980
0.907 1.218 19032
0.902 1.221 19084
0.902 1.221 19136
0.902 1.221 19188
0.902 1.221 19240
0.902 1.227 19292
0.902 1.233 19344
0.902 1.233 19396
0.902 1.245 19448
0.902 1.245 19500
0.902 1.245 19552
0.902 1.245 19604
0.902 1.245 19656
0.902 1.256 19708
0.905 1.239 19760
0.902 1.256 19812
0.902 1.268 19864
0.902 1.253 19916
0.902 1.268 19968
0.902 1.268 20020
0.902 1.268 20072
0.902 1.268 20124
0.902 1.265 20176
0.902 1.274 20228
0.902 1.280 20280
0.902 1.291 20332
0.902 1.291 20384
0.905 1.280 20436
0.902 1.291 20488
0.905 1.280 20540
0.905 1.280 20592
0.902 1.291 20644
0.902 1.297 20696
0.902 1.297 20748
0.902 1.297 20800
0.902 1.297 20852
0.902 1.300 20904
0.905 1.297 20956
0.902 1.315 21008
0.902 1.315 21060
  
  
  
  
  
  
  
  
  
  
  
