  
  
0.000 0.000 1
0.008 1.910 52
0.006 1.907 104
0.006 1.907 156
0.004 1.925 208
0.005 1.898 260
0.006 1.907 312
0.006 1.898 364
0.004 1.925 416
0.009 1.936 468
0.007 1.910 520
0.007 1.910 572
0.005 1.895 624
0.007 1.910 676
0.006 1.907 728
0.004 1.925 780
0.007 1.910 832
0.005 1.895 884
0.006 1.895 936
0.006 1.898 988
0.004 1.913 1040
0.006 1.907 1092
0.007 1.907 1144
0.007 1.907 1196
0.007 1.910 1248
0.006 1.925 1300
0.007 1.907 1352
0.007 1.910 1404
0.007 1.910 1456
0.005 1.925 1508
0.006 1.907 1560
0.004 1.925 1612
0.005 1.898 1664
0.005 1.898 1716
0.006 1.895 1768
0.002 1.913 1820
0.006 1.895 1872
0.006 1.895 1924
0.005 1.895 1976
0.007 1.907 2028
0.004 1.925 2080
0.006 1.898 2132
0.005 1.898 2184
0.006 1.898 2236
0.007 1.907 2288
0.005 1.925 2340
0.007 1.898 2392
0.007 1.910 2444
0.007 1.910 2496
0.004 1.925 2548
0.007 1.910 2600
0.007 1.907 2652
0.006 1.898 2704
0.005 1.898 2756
0.007 1.907 2808
0.004 1.925 2860
0.005 1.898 2912
0.005 1.895 2964
0.005 1.895 3016
0.005 1.895 3068
0.004 1.907 3120
0.005 1.895 3172
0.005 1.895 3224
0.005 1.895 3276
0.005 1.895 3328
0.005 1.895 3380
0.005 1.895 3432
0.005 1.895 3484
0.005 1.895 3536
0.006 1.895 3588
0.005 1.895 3640
0.004 1.907 3692
0.005 1.895 3744
0.005 1.895 3796
0.005 1.895 3848
0.005 1.895 3900
0.005 1.895 3952
0.005 1.895 4004
0.005 1.898 4056
0.005 1.895 4108
0.005 1.895 4160
0.005 1.895 4212
0.005 1.895 4264
0.005 1.895 4316
0.005 1.895 4368
0.004 1.895 4420
0.004 1.895 4472
0.005 1.895 4524
0.005 1.895 4576
0.005 1.895 4628
0.005 1.895 4680
0.003 1.907 4732
0.005 1.898 4784
0.005 1.895 4836
0.006 1.895 4888
0.005 1.895 4940
0.005 1.895 4992
0.005 1.895 5044
0.005 1.895 5096
0.005 1.895 5148
0.004 1.895 5200
0.002 1.901 5252
0.005 1.895 5304
0.005 1.895 5356
0.005 1.895 5408
0.005 1.890 5460
0.005 1.895 5512
0.005 1.895 5564
0.005 1.895 5616
0.005 1.895 5668
0.006 1.895 5720
0.005 1.895 5772
0.005 1.895 5824
0.005 1.895 5876
0.005 1.895 5928
0.002 1.901 5980
0.005 1.895 6032
0.004 1.895 6084
0.005 1.895 6136
0.005 1.895 6188
0.005 1.895 6240
0.004 1.895 6292
0.005 1.895 6344
0.005 1.895 6396
0.005 1.895 6448
0.004 1.913 6500
0.006 1.898 6552
0.005 1.898 6604
0.006 1.907 6656
0.006 1.895 6708
0.006 1.895 6760
0.006 1.898 6812
0.005 1.895 6864
0.005 1.895 6916
0.005 1.895 6968
0.002 1.907 7020
0.005 1.895 7072
0.005 1.895 7124
0.004 1.895 7176
0.004 1.895 7228
0.002 1.901 7280
0.004 1.895 7332
0.004 1.890 7384
0.005 1.895 7436
0.002 1.901 7488
0.005 1.895 7540
0.004 1.913 7592
0.006 1.898 7644
0.006 1.895 7696
0.005 1.895 7748
0.005 1.895 7800
0.005 1.895 7852
0.005 1.895 7904
0.005 1.895 7956
0.005 1.895 8008
0.002 1.907 8060
0.005 1.898 8112
0.005 1.895 8164
0.006 1.895 8216
0.005 1.895 8268
0.005 1.895 8320
0.004 1.907 8372
0.005 1.895 8424
0.005 1.895 8476
0.005 1.895 8528
0.003 1.901 8580
0.005 1.895 8632
0.005 1.895 8684
0.005 1.895 8736
0.005 1.895 8788
0.005 1.895 8840
0.005 1.895 8892
0.005 1.895 8944
0.005 1.895 8996
0.005 1.895 9048
0.004 1.907 9100
0.005 1.895 9152
0.006 1.895 9204
0.005 1.895 9256
0.005 1.895 9308
0.002 1.907 9360
0.005 1.898 9412
0.005 1.895 9464
0.006 1.895 9516
0.005 1.895 9568
0.005 1.895 9620
0.004 1.901 9672
0.005 1.895 9724
0.005 1.895 9776
0.005 1.895 9828
0.003 1.907 9880
0.005 1.895 9932
0.005 1.895 9984
0.005 1.895 10036
0.005 1.895 10088
0.004 1.913 10140
0.005 1.895 10192
0.005 1.895 10244
0.002 1.907 10296
0.005 1.895 10348
0.006 1.895 10400
0.005 1.895 10452
0.006 1.895 10504
0.005 1.895 10556
0.005 1.898 10608
0.005 1.895 10660
0.005 1.895 10712
0.005 1.895 10764
0.005 1.895 10816
0.006 1.895 10868
0.005 1.898 10920
0.005 1.895 10972
0.005 1.895 11024
0.004 1.907 11076
0.005 1.895 11128
0.007 1.898 11180
0.006 1.907 11232
0.005 1.895 11284
0.005 1.895 11336
0.005 1.895 11388
0.005 1.895 11440
0.005 1.898 11492
0.005 1.895 11544
0.003 1.901 11596
0.004 1.907 11648
0.005 1.895 11700
0.005 1.895 11752
0.005 1.895 11804
0.002 1.901 11856
0.005 1.895 11908
0.005 1.895 11960
0.005 1.895 12012
0.005 1.895 12064
0.005 1.895 12116
0.005 1.895 12168
0.004 1.913 12220
0.005 1.895 12272
0.004 1.895 12324
0.003 1.907 12376
0.002 1.907 12428
0.006 1.895 12480
0.005 1.895 12532
0.005 1.895 12584
0.007 1.907 12636
0.006 1.895 12688
0.005 1.895 12740
0.006 1.895 12792
0.005 1.895 12844
0.003 1.907 12896
0.003 1.907 12948
0.004 1.913 13000
0.005 1.898 13052
0.006 1.898 13104
0.006 1.898 13156
0.004 1.895 13208
0.002 1.907 13260
0.004 1.890 13312
0.006 1.890 13364
0.005 1.895 13416
-0.223 1.895 13468
-0.269 1.925 13520
-0.438 1.910 13572
-0.504 1.936 13624
-0.532 1.930 13676
-0.524 1.925 13728
-0.550 1.925 13780
-0.583 1.925 13832
-0.619 1.930 13884
-0.586 1.910 13936
-0.602 1.910 13988
-0.572 1.928 14040
-0.617 1.930 14092
-0.569 1.925 14144
-0.561 1.925 14196
0.004 1.895 14248
0.004 1.901 14300
-0.001 1.898 14352
0.004 1.895 14404
0.004 1.895 14456
0.005 1.895 14508
0.002 1.895 14560
-0.023 1.907 14612
-0.062 1.895 14664
-0.067 1.895 14716
-0.070 1.895 14768
-0.081 1.898 14820
-0.128 1.895 14872
-0.158 1.898 14924
-0.196 1.907 14976
-0.194 1.898 15028
-0.203 1.895 15080
-0.197 1.895 15132
-0.226 1.907 15184
-0.192 1.907 15236
-0.244 1.925 15288
-0.098 1.898 15340
-0.094 1.895 15392
-0.390 1.925 15444
-0.021 1.913 15496
-0.004 1.907 15548
-0.064 1.895 15600
-0.207 1.898 15652
-0.108 1.913 15704
-0.366 1.922 15756
-0.604 1.933 15808
-0.567 1.910 15860
-0.624 1.936 15912
-0.574 1.910 15964
-0.617 1.910 16016
-0.564 1.925 16068
-0.606 1.922 16120
-0.525 1.925 16172
-0.216 1.925 16224
-0.366 1.925 16276
-0.508 1.930 16328
-0.619 1.933 16380
-0.532 1.922 16432
-0.603 1.922 16484
-0.508 1.925 16536
-0.207 1.925 16588
-0.202 1.925 16640
-0.569 1.910 16692
-0.421 1.922 16744
-0.444 1.930 16796
-0.431 1.925 16848
-0.517 1.936 16900
-0.437 1.925 16952
-0.423 1.901 17004
-0.335 1.913 17056
-0.222 1.925 17108
-0.087 1.898 17160
-0.096 1.907 17212
-0.093 1.907 17264
-0.247 1.910 17316
-0.124 1.930 17368
-0.171 1.910 17420
-0.340 1.930 17472
-0.391 1.948 17524
-0.403 1.933 17576
-0.372 1.936 17628
-0.385 1.925 17680
-0.342 1.910 17732
-0.414 1.922 17784
-0.341 1.910 17836
-0.426 1.922 17888
-0.367 1.936 17940
-0.431 1.936 17992
-0.290 1.925 18044
-0.362 1.910 18096
-0.266 1.922 18148
-0.340 1.922 18200
-0.284 1.925 18252
-0.335 1.933 18304
-0.273 1.925 18356
-0.329 1.907 18408
-0.307 1.922 18460
-0.329 1.922 18512
-0.332 1.925 18564
-0.337 1.922 18616
-0.384 1.910 18668
-0.377 1.925 18720
-0.355 1.925 18772
-0.357 1.922 18824
-0.372 1.948 18876
-0.305 1.948 18928
-0.332 1.933 18980
-0.295 1.922 19032
-0.395 1.925 19084
-0.377 1.910 19136
-0.438 1.948 19188
-0.360 1.925 19240
-0.405 1.922 19292
-0.387 1.930 19344
-0.440 1.922 19396
-0.369 1.925 19448
-0.419 1.925 19500
-0.348 1.925 19552
-0.420 1.922 19604
-0.427 1.925 19656
-0.476 1.933 19708
-0.465 1.933 19760
-0.405 1.930 19812
-0.499 1.930 19864
-0.450 1.948 19916
-0.419 1.936 19968
-0.448 1.936 20020
-0.481 1.933 20072
-0.396 1.930 20124
-0.429 1.925 20176
-0.428 1.925 20228
-0.485 1.936 20280
-0.436 1.948 20332
-0.499 1.948 20384
-0.495 1.936 20436
-0.510 1.910 20488
-0.481 1.933 20540
-0.512 1.930 20592
-0.500 1.936 20644
-0.537 1.933 20696
-0.487 1.933 20748
-0.536 1.930 20800
-0.476 1.925 20852
-0.483 1.925 20904
-0.506 1.936 20956
-0.478 1.910 21008
-0.474 1.933 21060
-0.448 1.930 21112
-0.527 1.930 21164
-0.518 1.910 21216
-0.524 1.933 21268
-0.517 1.922 21320
-0.551 1.933 21372
-0.517 1.910 21424
-0.520 1.922 21476
-0.490 1.910 21528
-0.572 1.930 21580
-0.511 1.922 21632
-0.553 1.910 21684
-0.484 1.925 21736
-0.558 1.910 21788
-0.493 1.925 21840
-0.548 1.922 21892
-0.497 1.925 21944
-0.533 1.925 21996
-0.499 1.925 22048
-0.550 1.930 22100
-0.484 1.910 22152
-0.493 1.910 22204
-0.532 1.930 22256
-0.504 1.930 22308
-0.501 1.928 22360
-0.478 1.910 22412
-0.535 1.936 22464
-0.500 1.930 22516
-0.547 1.936 22568
-0.517 1.933 22620
-0.575 1.922 22672
-0.389 1.936 22724
-0.502 1.930 22776
-0.358 1.910 22828
-0.614 1.948 22880
-0.323 1.910 22932
-0.339 1.925 22984
-0.311 1.922 23036
-0.353 1.925 23088
-0.324 1.925 23140
-0.430 1.925 23192
-0.645 1.948 23244
-0.717 1.936 23296
-0.686 1.919 23348
-0.718 1.930 23400
-0.695 1.922 23452
-0.672 1.948 23504
-0.689 1.922 23556
-0.727 1.948 23608
-0.764 1.933 23660
-0.732 1.945 23712
-0.779 1.948 23764
-0.718 1.933 23816
-0.795 1.948 23868
-0.732 1.936 23920
-0.792 1.936 23972
-0.736 1.930 24024
-0.786 1.948 24076
-0.713 1.936 24128
-0.794 1.936 24180
-0.715 1.925 24232
-0.759 1.936 24284
-0.713 1.930 24336
-0.762 1.948 24388
-0.718 1.942 24440
-0.748 1.945 24492
-0.732 1.936 24544
-0.729 1.933 24596
-0.727 1.948 24648
-0.717 1.933 24700
-0.744 1.933 24752
-0.720 1.933 24804
-0.732 1.948 24856
-0.702 1.936 24908
-0.731 1.933 24960
-0.727 1.933 25012
-0.779 1.936 25064
-0.703 1.922 25116
-0.763 1.948 25168
-0.715 1.933 25220
-0.770 1.933 25272
-0.726 1.948 25324
-0.811 1.942 25376
-0.764 1.936 25428
-0.838 1.936 25480
-0.748 1.933 25532
-0.714 1.925 25584
-0.675 1.930 25636
-0.645 1.933 25688
-0.609 1.933 25740
-0.645 1.948 25792
-0.604 1.948 25844
-0.542 1.930 25896
-0.526 1.922 25948
-0.534 1.919 26000
-0.541 1.933 26052
-0.492 1.910 26104
-0.533 1.910 26156
-0.500 1.910 26208
-0.539 1.933 26260
-0.505 1.930 26312
-0.562 1.933 26364
-0.490 1.925 26416
-0.558 1.922 26468
-0.515 1.922 26520
-0.576 1.922 26572
-0.514 1.930 26624
-0.567 1.910 26676
-0.497 1.925 26728
-0.618 1.919 26780
-0.568 1.933 26832
-0.538 1.925 26884
-0.492 1.922 26936
-0.503 1.907 26988
-0.491 1.925 27040
-0.515 1.922 27092
-0.519 1.922 27144
-0.504 1.910 27196
-0.516 1.925 27248
-0.514 1.922 27300
-0.497 1.925 27352
-0.469 1.925 27404
-0.495 1.922 27456
-0.468 1.910 27508
-0.508 1.925 27560
-0.453 1.925 27612
-0.503 1.910 27664
-0.436 1.922 27716
-0.503 1.910 27768
-0.453 1.925 27820
-0.542 1.919 27872
-0.515 1.925 27924
-0.558 1.922 27976
-0.507 1.930 28028
-0.559 1.933 28080
-0.521 1.922 28132
-0.535 1.910 28184
-0.520 1.925 28236
-0.517 1.910 28288
-0.500 1.925 28340
-0.521 1.925 28392
-0.538 1.925 28444
-0.503 1.910 28496
-0.528 1.930 28548
-0.509 1.910 28600
-0.545 1.933 28652
-0.480 1.925 28704
-0.527 1.933 28756
-0.462 1.936 28808
-0.523 1.925 28860
-0.459 1.910 28912
-0.528 1.922 28964
-0.470 1.925 29016
-0.542 1.930 29068
-0.481 1.930 29120
-0.533 1.930 29172
-0.483 1.925 29224
-0.520 1.936 29276
-0.474 1.930 29328
-0.497 1.919 29380
-0.456 1.910 29432
-0.451 1.925 29484
-0.463 1.925 29536
-0.464 1.925 29588
-0.457 1.925 29640
-0.465 1.930 29692
-0.502 1.925 29744
-0.481 1.910 29796
-0.506 1.910 29848
-0.478 1.922 29900
-0.522 1.930 29952
-0.445 1.925 30004
-0.513 1.930 30056
-0.434 1.925 30108
-0.502 1.930 30160
-0.423 1.925 30212
-0.475 1.925 30264
-0.417 1.933 30316
-0.481 1.925 30368
-0.453 1.925 30420
-0.494 1.922 30472
-0.469 1.930 30524
-0.492 1.930 30576
-0.468 1.925 30628
-0.503 1.922 30680
-0.485 1.925 30732
-0.453 1.922 30784
-0.455 1.936 30836
-0.449 1.925 30888
-0.465 1.930 30940
-0.467 1.925 30992
-0.511 1.933 31044
-0.466 1.910 31096
-0.515 1.936 31148
-0.464 1.925 31200
-0.514 1.925 31252
-0.451 1.925 31304
-0.535 1.933 31356
-0.463 1.922 31408
-0.515 1.925 31460
-0.463 1.910 31512
-0.514 1.910 31564
-0.464 1.910 31616
-0.520 1.910 31668
-0.468 1.922 31720
-0.502 1.930 31772
-0.481 1.925 31824
-0.490 1.922 31876
-0.455 1.925 31928
-0.446 1.925 31980
-0.433 1.925 32032
-0.435 1.925 32084
-0.464 1.925 32136
-0.455 1.925 32188
-0.481 1.925 32240
-0.467 1.930 32292
-0.523 1.930 32344
-0.473 1.910 32396
-0.542 1.933 32448
-0.477 1.922 32500
-0.502 1.925 32552
-0.395 1.925 32604
-0.464 1.925 32656
-0.408 1.910 32708
-0.478 1.930 32760
-0.440 1.910 32812
-0.481 1.922 32864
-0.446 1.925 32916
-0.489 1.922 32968
-0.447 1.925 33020
-0.468 1.925 33072
-0.483 1.922 33124
-0.439 1.925 33176
-0.439 1.910 33228
-0.456 1.922 33280
-0.458 1.910 33332
-0.428 1.925 33384
-0.466 1.930 33436
-0.437 1.925 33488
-0.481 1.925 33540
-0.447 1.925 33592
-0.514 1.925 33644
-0.466 1.925 33696
-0.529 1.910 33748
-0.455 1.922 33800
-0.500 1.925 33852
-0.453 1.925 33904
-0.515 1.925 33956
-0.465 1.910 34008
-0.520 1.922 34060
-0.440 1.910 34112
-0.488 1.910 34164
-0.467 1.925 34216
-0.486 1.925 34268
-0.466 1.922 34320
-0.497 1.925 34372
-0.503 1.922 34424
-0.480 1.925 34476
-0.486 1.925 34528
-0.471 1.910 34580
-0.497 1.925 34632
-0.442 1.925 34684
-0.495 1.925 34736
-0.442 1.922 34788
-0.485 1.922 34840
-0.426 1.925 34892
-0.505 1.933 34944
-0.440 1.922 34996
-0.501 1.925 35048
-0.424 1.922 35100
-0.489 1.925 35152
-0.447 1.925 35204
-0.499 1.922 35256
-0.441 1.925 35308
-0.522 1.933 35360
-0.467 1.925 35412
-0.491 1.925 35464
-0.472 1.922 35516
-0.476 1.910 35568
-0.469 1.928 35620
-0.475 1.922 35672
-0.502 1.930 35724
-0.478 1.925 35776
-0.500 1.922 35828
-0.475 1.922 35880
-0.501 1.925 35932
-0.440 1.922 35984
-0.505 1.922 36036
-0.455 1.925 36088
-0.515 1.930 36140
-0.449 1.925 36192
-0.515 1.922 36244
-0.452 1.907 36296
-0.520 1.922 36348
-0.453 1.925 36400
-0.497 1.922 36452
-0.472 1.925 36504
-0.511 1.919 36556
-0.489 1.925 36608
-0.521 1.919 36660
-0.500 1.925 36712
-0.499 1.925 36764
-0.485 1.922 36816
-0.475 1.910 36868
-0.487 1.925 36920
-0.476 1.910 36972
-0.506 1.936 37024
-0.458 1.925 37076
-0.494 1.925 37128
-0.448 1.925 37180
-0.506 1.922 37232
-0.450 1.925 37284
-0.518 1.925 37336
-0.451 1.925 37388
-0.528 1.930 37440
-0.463 1.925 37492
-0.492 1.910 37544
-0.459 1.925 37596
-0.510 1.922 37648
-0.467 1.925 37700
-0.485 1.922 37752
-0.462 1.925 37804
-0.471 1.925 37856
-0.476 1.925 37908
-0.491 1.925 37960
-0.478 1.910 38012
-0.459 1.925 38064
-0.481 1.925 38116
-0.468 1.922 38168
-0.487 1.925 38220
-0.460 1.922 38272
-0.518 1.925 38324
-0.452 1.925 38376
-0.518 1.925 38428
-0.439 1.925 38480
-0.484 1.907 38532
-0.411 1.925 38584
-0.486 1.925 38636
-0.426 1.910 38688
-0.479 1.925 38740
-0.429 1.925 38792
-0.484 1.922 38844
-0.457 1.925 38896
-0.483 1.922 38948
-0.460 1.925 39000
-0.489 1.910 39052
-0.505 1.925 39104
-0.499 1.910 39156
-0.493 1.925 39208
-0.489 1.910 39260
-0.494 1.925 39312
-0.445 1.919 39364
-0.491 1.916 39416
-0.456 1.925 39468
-0.494 1.922 39520
-0.455 1.925 39572
-0.520 1.922 39624
-0.463 1.925 39676
-0.523 1.922 39728
-0.457 1.925 39780
-0.530 1.922 39832
-0.489 1.922 39884
-0.536 1.922 39936
-0.482 1.925 39988
-0.527 1.910 40040
-0.481 1.925 40092
-0.487 1.910 40144
-0.467 1.910 40196
-0.482 1.922 40248
-0.465 1.910 40300
-0.499 1.925 40352
-0.521 1.925 40404
-0.497 1.925 40456
-0.514 1.925 40508
-0.481 1.919 40560
-0.511 1.925 40612
-0.460 1.922 40664
-0.511 1.925 40716
-0.463 1.922 40768
-0.518 1.925 40820
-0.458 1.925 40872
-0.520 1.910 40924
-0.463 1.925 40976
-0.499 1.922 41028
-0.433 1.925 41080
-0.494 1.910 41132
-0.459 1.925 41184
-0.508 1.910 41236
-0.466 1.925 41288
-0.497 1.922 41340
-0.472 1.925 41392
-0.473 1.925 41444
-0.477 1.922 41496
-0.473 1.922 41548
-0.482 1.925 41600
-0.470 1.907 41652
-0.505 1.925 41704
-0.469 1.925 41756
-0.507 1.907 41808
-0.463 1.922 41860
-0.494 1.925 41912
-0.438 1.925 41964
-0.512 1.925 42016
-0.444 1.925 42068
-0.512 1.925 42120
-0.440 1.925 42172
-0.476 1.922 42224
-0.412 1.925 42276
-0.464 1.925 42328
-0.420 1.922 42380
-0.467 1.925 42432
-0.451 1.922 42484
-0.463 1.925 42536
-0.453 1.922 42588
-0.465 1.925 42640
-0.459 1.925 42692
-0.414 1.922 42744
-0.447 1.922 42796
-0.423 1.925 42848
-0.446 1.925 42900
-0.438 1.925 42952
-0.499 1.925 43004
-0.430 1.922 43056
-0.478 1.925 43108
-0.413 1.922 43160
-0.477 1.922 43212
-0.421 1.925 43264
-0.487 1.925 43316
-0.425 1.925 43368
-0.485 1.925 43420
-0.421 1.925 43472
-0.446 1.925 43524
-0.427 1.925 43576
-0.445 1.925 43628
-0.429 1.925 43680
-0.433 1.925 43732
-0.450 1.925 43784
-0.440 1.925 43836
-0.448 1.922 43888
-0.434 1.925 43940
-0.455 1.925 43992
-0.402 1.922 44044
-0.442 1.925 44096
-0.387 1.907 44148
-0.444 1.925 44200
-0.396 1.925 44252
-0.466 1.922 44304
-0.408 1.925 44356
-0.469 1.907 44408
-0.399 1.922 44460
-0.462 1.925 44512
-0.414 1.925 44564
-0.455 1.925 44616
-0.415 1.925 44668
-0.459 1.925 44720
-0.432 1.925 44772
-0.438 1.925 44824
-0.426 1.925 44876
-0.421 1.907 44928
-0.424 1.925 44980
-0.431 1.925 45032
-0.474 1.925 45084
-0.440 1.922 45136
-0.475 1.922 45188
-0.442 1.925 45240
-0.481 1.925 45292
-0.426 1.925 45344
-0.487 1.922 45396
-0.432 1.925 45448
-0.487 1.922 45500
-0.424 1.925 45552
-0.486 1.925 45604
-0.428 1.925 45656
-0.484 1.925 45708
-0.426 1.922 45760
-0.476 1.925 45812
-0.455 1.922 45864
-0.470 1.925 45916
-0.454 1.925 45968
-0.464 1.925 46020
-0.442 1.925 46072
-0.439 1.925 46124
-0.450 1.922 46176
-0.428 1.907 46228
-0.447 1.922 46280
-0.426 1.925 46332
-0.475 1.922 46384
-0.421 1.925 46436
-0.482 1.925 46488
-0.417 1.922 46540
-0.469 1.925 46592
-0.403 1.922 46644
-0.473 1.925 46696
-0.402 1.925 46748
-0.468 1.922 46800
-0.411 1.925 46852
-0.446 1.925 46904
-0.423 1.925 46956
-0.445 1.907 47008
-0.408 1.925 47060
-0.440 1.922 47112
-0.434 1.925 47164
-0.437 1.925 47216
-0.444 1.925 47268
-0.438 1.925 47320
-0.455 1.925 47372
-0.409 1.925 47424
-0.463 1.922 47476
-0.391 1.925 47528
-0.432 1.922 47580
-0.384 1.925 47632
-0.455 1.925 47684
-0.393 1.922 47736
-0.446 1.925 47788
-0.389 1.925 47840
-0.459 1.925 47892
-0.410 1.916 47944
-0.459 1.925 47996
-0.404 1.925 48048
-0.444 1.925 48100
-0.411 1.925 48152
-0.417 1.925 48204
-0.381 1.922 48256
-0.390 1.922 48308
-0.385 1.922 48360
-0.404 1.925 48412
-0.433 1.925 48464
-0.395 1.922 48516
-0.444 1.922 48568
-0.428 1.922 48620
-0.432 1.925 48672
-0.398 1.925 48724
-0.474 1.922 48776
-0.406 1.925 48828
-0.469 1.922 48880
-0.417 1.925 48932
-0.487 1.925 48984
-0.413 1.925 49036
-0.473 1.925 49088
-0.415 1.922 49140
-0.486 1.925 49192
-0.467 1.922 49244
-0.497 1.925 49296
-0.455 1.907 49348
-0.477 1.922 49400
-0.457 1.925 49452
-0.444 1.930 49504
-0.455 1.925 49556
-0.444 1.922 49608
-0.462 1.922 49660
-0.446 1.907 49712
-0.493 1.925 49764
-0.447 1.907 49816
-0.503 1.925 49868
-0.442 1.925 49920
-0.496 1.910 49972
-0.423 1.925 50024
-0.492 1.925 50076
-0.426 1.907 50128
-0.493 1.925 50180
-0.421 1.898 50232
-0.464 1.925 50284
-0.428 1.910 50336
-0.473 1.907 50388
-0.438 1.907 50440
-0.464 1.948 50492
-0.460 1.933 50544
-0.453 1.922 50596
-0.472 1.925 50648
-0.478 1.910 50700
-0.473 1.910 50752
-0.430 1.925 50804
-0.478 1.925 50856
-0.436 1.922 50908
-0.481 1.922 50960
-0.450 1.925 51012
-0.512 1.922 51064
-0.458 1.925 51116
-0.512 1.925 51168
-0.453 1.925 51220
-0.520 1.922 51272
-0.466 1.925 51324
-0.517 1.922 51376
-0.451 1.925 51428
-0.512 1.925 51480
-0.472 1.925 51532
-0.489 1.922 51584
-0.480 1.925 51636
-0.491 1.910 51688
-0.482 1.925 51740
-0.494 1.910 51792
-0.506 1.922 51844
-0.476 1.925 51896
-0.511 1.925 51948
-0.489 1.922 52000
-0.518 1.925 52052
-0.452 1.922 52104
-0.496 1.922 52156
-0.452 1.922 52208
-0.509 1.922 52260
-0.450 1.925 52312
-0.519 1.910 52364
-0.473 1.922 52416
-0.522 1.925 52468
-0.452 1.925 52520
-0.527 1.925 52572
-0.495 1.925 52624
-0.528 1.922 52676
-0.484 1.925 52728
-0.487 1.910 52780
-0.459 1.907 52832
-0.442 1.925 52884
-0.463 1.925 52936
-0.432 1.922 52988
-0.443 1.925 53040
-0.449 1.925 53092
-0.511 1.925 53144
-0.467 1.933 53196
-0.515 1.930 53248
-0.466 1.925 53300
-0.528 1.925 53352
-0.460 1.910 53404
-0.523 1.925 53456
-0.461 1.925 53508
-0.525 1.925 53560
-0.457 1.925 53612
-0.499 1.910 53664
-0.457 1.925 53716
-0.513 1.933 53768
-0.467 1.925 53820
-0.476 1.910 53872
-0.472 1.901 53924
-0.456 1.913 53976
-0.468 1.925 54028
-0.460 1.922 54080
-0.467 1.910 54132
-0.436 1.925 54184
-0.477 1.925 54236
-0.434 1.925 54288
-0.472 1.925 54340
-0.419 1.925 54392
-0.495 1.925 54444
-0.425 1.922 54496
-0.487 1.910 54548
-0.417 1.907 54600
-0.487 1.925 54652
-0.439 1.925 54704
-0.492 1.922 54756
-0.431 1.925 54808
-0.488 1.925 54860
-0.440 1.925 54912
-0.452 1.922 54964
-0.431 1.922 55016
-0.438 1.910 55068
-0.429 1.922 55120
-0.464 1.925 55172
-0.491 1.922 55224
-0.462 1.925 55276
-0.482 1.925 55328
-0.451 1.922 55380
-0.472 1.922 55432
-0.419 1.925 55484
-0.482 1.925 55536
-0.417 1.925 55588
-0.476 1.922 55640
-0.419 1.925 55692
-0.480 1.925 55744
-0.419 1.925 55796
-0.491 1.925 55848
-0.422 1.922 55900
-0.490 1.925 55952
-0.468 1.925 56004
-0.492 1.925 56056
-0.446 1.910 56108
-0.484 1.925 56160
-0.467 1.925 56212
-0.445 1.922 56264
-0.459 1.922 56316
-0.436 1.910 56368
-0.452 1.925 56420
-0.429 1.925 56472
-0.473 1.925 56524
-0.427 1.922 56576
-0.488 1.925 56628
-0.441 1.922 56680
-0.494 1.925 56732
-0.432 1.925 56784
-0.486 1.930 56836
-0.431 1.925 56888
-0.501 1.925 56940
-0.432 1.925 56992
-0.464 1.925 57044
-0.426 1.922 57096
-0.453 1.910 57148
-0.427 1.930 57200
-0.467 1.948 57252
-0.463 1.925 57304
-0.462 1.925 57356
-0.464 1.925 57408
-0.464 1.922 57460
-0.453 1.925 57512
-0.408 1.916 57564
-0.442 1.925 57616
-0.411 1.907 57668
-0.456 1.922 57720
-0.402 1.907 57772
-0.476 1.925 57824
-0.418 1.922 57876
-0.482 1.925 57928
-0.426 1.925 57980
-0.492 1.922 58032
-0.451 1.925 58084
-0.501 1.925 58136
-0.445 1.910 58188
-0.510 1.936 58240
-0.450 1.930 58292
-0.453 1.930 58344
-0.444 1.930 58396
-0.458 1.930 58448
-0.448 1.930 58500
-0.458 1.930 58552
-0.482 1.925 58604
-0.457 1.925 58656
-0.491 1.925 58708
-0.469 1.910 58760
-0.494 1.925 58812
-0.425 1.933 58864
-0.485 1.925 58916
-0.422 1.933 58968
-0.484 1.936 59020
-0.427 1.928 59072
-0.493 1.933 59124
-0.426 1.925 59176
-0.473 1.910 59228
-0.399 1.925 59280
-0.447 1.910 59332
-0.426 1.928 59384
-0.451 1.925 59436
-0.441 1.930 59488
-0.457 1.922 59540
-0.448 1.925 59592
-0.434 1.930 59644
-0.447 1.933 59696
-0.429 1.925 59748
-0.436 1.948 59800
-0.406 1.948 59852
-0.483 1.925 59904
-0.432 1.936 59956
-0.474 1.936 60008
-0.422 1.922 60060
-0.483 1.948 60112
-0.404 1.933 60164
-0.460 1.948 60216
-0.405 1.948 60268
-0.472 1.945 60320
-0.404 1.948 60372
-0.442 1.948 60424
-0.397 1.933 60476
-0.436 1.948 60528
-0.393 1.933 60580
-0.419 1.948 60632
-0.456 1.925 60684
-0.463 1.925 60736
-0.454 1.930 60788
-0.455 1.933 60840
-0.444 1.922 60892
-0.400 1.922 60944
-0.437 1.930 60996
-0.404 1.925 61048
-0.431 1.925 61100
-0.405 1.907 61152
-0.480 1.925 61204
-0.417 1.925 61256
-0.469 1.910 61308
-0.402 1.925 61360
-0.472 1.925 61412
-0.400 1.948 61464
-0.448 1.948 61516
-0.406 1.928 61568
-0.456 1.922 61620
-0.400 1.910 61672
-0.435 1.925 61724
-0.418 1.925 61776
-0.436 1.925 61828
-0.402 1.925 61880
-0.422 1.910 61932
-0.438 1.925 61984
-0.412 1.925 62036
-0.438 1.925 62088
-0.427 1.925 62140
-0.451 1.922 62192
-0.392 1.925 62244
-0.450 1.930 62296
-0.388 1.922 62348
-0.455 1.930 62400
-0.394 1.930 62452
-0.479 1.922 62504
-0.404 1.925 62556
-0.472 1.925 62608
-0.408 1.925 62660
-0.477 1.933 62712
-0.438 1.925 62764
-0.454 1.936 62816
-0.433 1.930 62868
-0.478 1.936 62920
-0.442 1.930 62972
-0.436 1.930 63024
-0.435 1.925 63076
-0.423 1.925 63128
-0.437 1.925 63180
-0.421 1.925 63232
-0.464 1.925 63284
-0.414 1.922 63336
-0.467 1.925 63388
-0.435 1.925 63440
-0.470 1.925 63492
-0.403 1.925 63544
-0.469 1.910 63596
  
  
  
  
