  
  
  
  
0.000 0.000 1
0.005 5.660 12
-0.054 5.672 24
-0.054 5.672 36
-0.049 5.658 48
-0.056 5.666 60
-0.055 5.666 72
-0.054 5.672 84
-0.056 5.649 96
-0.051 5.652 108
-0.054 5.666 120
-0.053 5.672 132
-0.053 5.672 144
-0.050 5.649 156
-0.054 5.649 168
-0.053 5.672 180
-0.053 5.672 192
-0.054 5.672 204
-0.054 5.666 216
-0.051 5.672 228
-0.050 5.672 240
-0.052 5.666 252
-0.053 5.666 264
-0.053 5.666 276
-0.054 5.666 288
-0.051 5.672 300
-0.054 5.666 312
-0.055 5.666 324
-0.054 5.666 336
-0.054 5.655 348
-0.055 5.666 360
-0.056 5.666 372
-0.054 5.666 384
-0.055 5.666 396
-0.054 5.649 408
-0.055 5.655 420
-0.052 5.672 432
-0.056 5.649 444
-0.054 5.666 456
-0.054 5.660 468
-0.054 5.666 480
-0.053 5.660 492
-0.056 5.666 504
-0.055 5.649 516
-0.054 5.660 528
-0.054 5.666 540
-0.054 5.660 552
-0.054 5.666 564
-0.054 5.666 576
-0.055 5.655 588
-0.056 5.666 600
-0.054 5.666 612
-0.054 5.666 624
-0.054 5.660 636
-0.056 5.666 648
-0.056 5.666 660
-0.054 5.660 672
-0.055 5.649 684
-0.054 5.643 696
-0.173 5.684 708
-0.176 5.666 720
-0.175 5.684 732
-0.174 5.684 744
-0.172 5.684 756
-0.174 5.684 768
-0.177 5.666 780
-0.176 5.666 792
-0.172 5.672 804
-0.174 5.672 816
-0.176 5.649 828
-0.175 5.643 840
-0.176 5.649 852
-0.176 5.643 864
-0.172 5.649 876
-0.175 5.649 888
-0.176 5.643 900
-0.172 5.649 912
-0.176 5.608 924
-0.173 5.637 936
-0.176 5.620 948
-0.177 5.620 960
-0.177 5.620 972
-0.172 5.614 984
-0.176 5.596 996
-0.176 5.596 1008
-0.176 5.596 1020
-0.173 5.602 1032
-0.173 5.590 1044
-0.173 5.590 1056
-0.176 5.585 1068
-0.177 5.573 1080
-0.174 5.579 1092
-0.176 5.561 1104
-0.177 5.555 1116
-0.177 5.573 1128
-0.177 5.555 1140
-0.177 5.573 1152
-0.176 5.550 1164
-0.173 5.555 1176
-0.177 5.550 1188
-0.174 5.555 1200
-0.175 5.555 1212
-0.177 5.532 1224
-0.174 5.532 1236
-0.176 5.532 1248
-0.176 5.526 1260
-0.177 5.509 1272
-0.176 5.509 1284
-0.173 5.509 1296
-0.176 5.520 1308
-0.174 5.491 1320
-0.174 5.509 1332
-0.176 5.503 1344
-0.176 5.497 1356
-0.173 5.497 1368
-0.177 5.480 1380
-0.176 5.491 1392
-0.172 5.497 1404
-0.177 5.480 1416
-0.173 5.485 1428
-0.176 5.480 1440
-0.176 5.462 1452
-0.172 5.462 1464
-0.177 5.456 1476
-0.176 5.456 1488
-0.176 5.439 1500
-0.173 5.462 1512
-0.175 5.421 1524
-0.177 5.439 1536
-0.177 5.433 1548
-0.177 5.433 1560
-0.177 5.433 1572
-0.176 5.433 1584
-0.177 5.410 1596
-0.173 5.415 1608
-0.176 5.398 1620
-0.173 5.415 1632
-0.176 5.410 1644
-0.177 5.410 1656
-0.176 5.386 1668
-0.176 5.404 1680
-0.172 5.392 1692
-0.175 5.375 1704
-0.174 5.392 1716
-0.177 5.386 1728
-0.177 5.369 1740
-0.176 5.386 1752
-0.176 5.363 1764
-0.177 5.363 1776
-0.177 5.363 1788
-0.176 5.345 1800
-0.177 5.345 1812
-0.177 5.345 1824
-0.177 5.345 1836
-0.176 5.340 1848
-0.177 5.340 1860
-0.177 5.340 1872
-0.176 5.328 1884
-0.176 5.322 1896
-0.173 5.322 1908
-0.177 5.316 1920
-0.176 5.316 1932
-0.174 5.322 1944
-0.176 5.305 1956
-0.174 5.310 1968
-0.174 5.310 1980
-0.174 5.310 1992
-0.174 5.299 2004
-0.174 5.287 2016
-0.176 5.293 2028
-0.174 5.293 2040
-0.176 5.275 2052
-0.172 5.275 2064
-0.177 5.270 2076
-0.172 5.275 2088
-0.177 5.270 2100
-0.172 5.264 2112
-0.176 5.235 2124
-0.174 5.264 2136
-0.176 5.246 2148
-0.176 5.246 2160
-0.177 5.229 2172
-0.176 5.229 2184
-0.176 5.229 2196
-0.176 5.223 2208
-0.176 5.229 2220
-0.176 5.223 2232
-0.171 5.229 2244
-0.176 5.223 2256
-0.177 5.211 2268
-0.176 5.217 2280
-0.176 5.200 2292
-0.175 5.205 2304
-0.173 5.194 2316
-0.177 5.200 2328
-0.177 5.200 2340
-0.177 5.176 2352
-0.176 5.165 2364
-0.174 5.182 2376
-0.177 5.176 2388
-0.177 5.176 2400
-0.176 5.159 2412
-0.175 5.153 2424
-0.177 5.153 2436
-0.177 5.153 2448
-0.176 5.141 2460
-0.174 5.147 2472
-0.176 5.130 2484
-0.174 5.135 2496
-0.176 5.130 2508
-0.176 5.135 2520
-0.176 5.130 2532
-0.176 5.130 2544
-0.174 5.124 2556
-0.176 5.130 2568
-0.176 5.118 2580
-0.174 5.112 2592
-0.176 5.106 2604
-0.177 5.106 2616
-0.177 5.106 2628
-0.174 5.100 2640
-0.177 5.089 2652
-0.177 5.089 2664
-0.176 5.083 2676
-0.173 5.077 2688
-0.177 5.065 2700
-0.174 5.065 2712
-0.173 5.077 2724
-0.176 5.060 2736
-0.176 5.060 2748
-0.175 5.065 2760
-0.176 5.036 2772
-0.176 5.054 2784
-0.174 5.042 2796
-0.173 5.054 2808
-0.177 5.036 2820
-0.176 5.036 2832
-0.174 5.042 2844
-0.177 5.013 2856
-0.176 5.013 2868
-0.176 5.001 2880
-0.177 5.013 2892
-0.176 5.019 2904
-0.176 5.013 2916
-0.177 5.013 2928
-0.177 5.013 2940
-0.173 5.007 2952
-0.172 4.995 2964
-0.174 5.007 2976
-0.173 4.987 2988
-0.174 4.984 3000
-0.174 4.972 3012
-0.176 4.972 3024
-0.177 4.966 3036
-0.172 4.963 3048
-0.174 4.972 3060
-0.176 4.966 3072
-0.174 4.972 3084
-0.176 4.943 3096
-0.172 4.960 3108
-0.176 4.943 3120
-0.173 4.949 3132
-0.177 4.943 3144
-0.176 4.943 3156
-0.176 4.943 3168
-0.177 4.920 3180
-0.175 4.920 3192
-0.174 4.937 3204
-0.174 4.925 3216
-0.177 4.920 3228
-0.174 4.914 3240
-0.175 4.914 3252
-0.176 4.896 3264
-0.173 4.902 3276
-0.177 4.896 3288
-0.174 4.902 3300
-0.176 4.896 3312
-0.174 4.879 3324
-0.173 4.890 3336
-0.174 4.879 3348
-0.177 4.873 3360
-0.173 4.879 3372
-0.177 4.873 3384
-0.177 4.855 3396
-0.177 4.855 3408
-0.176 4.850 3420
-0.177 4.850 3432
-0.174 4.855 3444
-0.174 4.844 3456
-0.175 4.844 3468
-0.176 4.844 3480
-0.177 4.850 3492
-0.174 4.832 3504
-0.173 4.832 3516
-0.176 4.826 3528
-0.174 4.832 3540
-0.176 4.826 3552
-0.173 4.809 3564
-0.176 4.785 3576
-0.177 4.803 3588
-0.174 4.809 3600
-0.177 4.803 3612
-0.176 4.785 3624
-0.172 4.785 3636
-0.176 4.780 3648
-0.176 4.780 3660
-0.177 4.780 3672
-0.173 4.774 3684
-0.173 4.785 3696
-0.176 4.756 3708
-0.176 4.756 3720
-0.176 4.756 3732
-0.175 4.762 3744
-0.176 4.750 3756
-0.176 4.733 3768
-0.176 4.733 3780
-0.174 4.750 3792
-0.177 4.733 3804
-0.176 4.745 3816
-0.173 4.727 3828
-0.177 4.710 3840
-0.176 4.710 3852
-0.173 4.715 3864
-0.174 4.715 3876
-0.177 4.710 3888
-0.176 4.710 3900
-0.174 4.715 3912
-0.174 4.692 3924
-0.176 4.710 3936
-0.177 4.686 3948
-0.177 4.686 3960
-0.176 4.686 3972
-0.175 4.675 3984
-0.173 4.669 3996
-0.177 4.663 4008
-0.176 4.669 4020
-0.177 4.663 4032
-0.177 4.663 4044
-0.176 4.645 4056
-0.177 4.663 4068
-0.176 4.663 4080
-0.176 4.640 4092
-0.172 4.645 4104
-0.174 4.634 4116
-0.177 4.640 4128
-0.177 4.634 4140
-0.177 4.622 4152
-0.172 4.622 4164
-0.174 4.622 4176
-0.176 4.616 4188
-0.176 4.616 4200
-0.176 4.593 4212
-0.177 4.599 4224
-0.176 4.593 4236
-0.175 4.599 4248
-0.176 4.593 4260
-0.176 4.593 4272
-0.172 4.599 4284
-0.176 4.575 4296
-0.177 4.570 4308
-0.177 4.570 4320
-0.177 4.570 4332
-0.174 4.575 4344
-0.176 4.575 4356
-0.177 4.558 4368
-0.176 4.570 4380
-0.174 4.552 4392
-0.176 4.546 4404
-0.172 4.552 4416
-0.173 4.552 4428
-0.178 4.523 4440
-0.176 4.523 4452
-0.177 4.523 4464
-0.177 4.523 4476
-0.176 4.523 4488
-0.176 4.500 4500
-0.177 4.523 4512
-0.174 4.517 4524
-0.174 4.511 4536
-0.176 4.511 4548
-0.177 4.500 4560
-0.176 4.482 4572
-0.176 4.500 4584
-0.177 4.500 4596
-0.177 4.500 4608
-0.174 4.494 4620
-0.172 4.482 4632
-0.176 4.465 4644
-0.176 4.476 4656
-0.177 4.476 4668
-0.176 4.476 4680
-0.177 4.453 4692
-0.173 4.459 4704
-0.176 4.453 4716
-0.175 4.441 4728
-0.177 4.453 4740
-0.176 4.430 4752
-0.172 4.435 4764
-0.177 4.412 4776
-0.173 4.435 4788
-0.177 4.430 4800
-0.174 4.435 4812
-0.174 4.412 4824
-0.175 4.412 4836
-0.175 4.412 4848
-0.177 4.406 4860
-0.177 4.406 4872
-0.174 4.400 4884
