  
  
  
  
0.000 0.000 57
0.000 0.000 185
0.000 0.000 313
0.918 0.180 441
0.918 0.180 569
0.919 0.099 697
0.919 0.099 825
0.919 0.099 953
0.918 0.017 1081
0.918 0.017 1209
0.918 0.017 1337
0.916 -0.041 1465
0.916 -0.041 1593
0.916 -0.041 1721
0.992 0.157 1849
0.992 0.157 1977
-0.578 0.134 2105
-0.578 0.134 2233
-0.578 0.134 2361
-0.211 0.110 2489
-0.211 0.110 2617
-0.211 0.110 2745
0.053 0.110 2873
0.053 0.110 3001
0.136 0.099 3129
0.136 0.099 3257
0.136 0.099 3385
0.237 0.122 3513
0.237 0.122 3641
0.237 0.122 3769
0.305 0.116 3897
0.305 0.116 4025
0.366 0.134 4153
0.366 0.134 4281
0.366 0.134 4409
0.262 0.134 4537
0.262 0.134 4665
0.262 0.134 4793
0.292 0.134 4921
0.292 0.134 5049
0.326 0.139 5177
0.326 0.139 5305
0.326 0.139 5433
0.300 0.145 5561
0.300 0.145 5689
0.300 0.145 5817
0.335 0.157 5945
0.335 0.157 6073
0.335 0.157 6201
0.368 0.157 6329
0.368 0.157 6457
0.409 0.157 6585
0.409 0.157 6713
0.409 0.157 6841
0.292 0.169 6969
0.292 0.169 7097
0.292 0.169 7225
0.318 0.169 7353
0.318 0.169 7481
0.348 0.180 7609
0.348 0.180 7737
0.348 0.180 7865
0.297 0.186 7993
0.297 0.186 8121
0.297 0.186 8249
0.314 0.186 8377
0.314 0.186 8505
0.349 0.192 8633
0.349 0.192 8761
0.349 0.192 8889
0.383 0.204 9017
0.383 0.204 9145
0.383 0.204 9273
0.341 0.204 9401
0.341 0.204 9529
0.370 0.209 9657
0.370 0.209 9785
0.370 0.209 9913
0.400 0.215 10041
0.400 0.215 10169
0.400 0.215 10297
0.383 0.215 10425
0.383 0.215 10553
0.383 0.215 10681
0.315 0.227 10809
0.315 0.227 10937
0.343 0.227 11065
0.343 0.227 11193
0.343 0.227 11321
0.371 0.227 11449
0.371 0.227 11577
0.371 0.227 11705
0.321 0.239 11833
0.321 0.239 11961
0.349 0.250 12089
0.349 0.250 12217
0.349 0.250 12345
0.394 0.250 12473
0.394 0.250 12601
0.394 0.250 12729
0.406 0.250 12857
0.406 0.250 12985
0.315 0.256 13113
0.315 0.256 13241
0.315 0.256 13369
0.343 0.274 13497
0.343 0.274 13625
0.343 0.274 13753
0.371 0.274 13881
0.371 0.274 14009
0.324 0.279 14137
0.324 0.279 14265
0.324 0.279 14393
0.350 0.279 14521
0.350 0.279 14649
0.350 0.279 14777
0.377 0.285 14905
0.377 0.285 15033
0.377 0.285 15161
0.405 0.285 15289
0.405 0.285 15417
0.362 0.297 15545
0.362 0.297 15673
0.362 0.297 15801
0.391 0.309 15929
0.391 0.309 16057
0.391 0.309 16185
0.427 0.303 16313
0.427 0.303 16441
0.311 0.309 16569
0.311 0.309 16697
0.311 0.309 16825
0.336 0.320 16953
0.336 0.320 17081
0.336 0.320 17209
0.358 0.320 17337
0.358 0.320 17465
0.386 0.326 17593
0.386 0.326 17721
0.386 0.326 17849
0.341 0.344 17977
0.341 0.344 18105
0.341 0.344 18233
0.366 0.344 18361
0.366 0.344 18489
0.400 0.344 18617
0.400 0.344 18745
0.400 0.344 18873
0.351 0.355 19001
0.351 0.355 19129
0.351 0.355 19257
0.322 0.367 19385
0.322 0.367 19513
0.322 0.367 19641
0.353 0.367 19769
0.353 0.367 19897
0.387 0.367 20025
0.387 0.367 20153
0.387 0.367 20281
0.338 0.373 20409
0.338 0.373 20537
0.338 0.373 20665
0.366 0.379 20793
0.366 0.379 20921
0.395 0.382 21049
0.395 0.382 21177
0.395 0.382 21305
0.351 0.390 21433
0.351 0.390 21561
0.351 0.390 21689
0.379 0.390 21817
0.379 0.390 21945
0.408 0.396 22073
0.408 0.396 22201
0.408 0.396 22329
0.446 0.402 22457
0.446 0.402 22585
0.446 0.402 22713
0.323 0.405 22841
0.323 0.405 22969
0.349 0.414 23097
0.349 0.414 23225
0.349 0.414 23353
0.375 0.419 23481
0.375 0.419 23609
0.375 0.419 23737
0.328 0.425 23865
0.328 0.425 23993
0.328 0.425 24121
0.355 0.437 24249
0.355 0.437 24377
0.382 0.428 24505
0.382 0.428 24633
0.382 0.428 24761
0.412 0.443 24889
0.412 0.443 25017
0.412 0.443 25145
0.366 0.460 25273
0.366 0.460 25401
0.394 0.460 25529
0.394 0.460 25657
0.394 0.460 25785
0.425 0.449 25913
0.425 0.449 26041
0.425 0.449 26169
0.313 0.460 26297
0.313 0.460 26425
0.343 0.472 26553
0.343 0.472 26681
0.343 0.472 26809
0.375 0.472 26937
0.375 0.472 27065
0.375 0.472 27193
0.410 0.484 27321
0.410 0.484 27449
0.362 0.484 27577
0.362 0.484 27705
0.362 0.484 27833
0.393 0.484 27961
0.393 0.484 28089
0.393 0.484 28217
0.425 0.492 28345
0.425 0.492 28473
0.425 0.492 28601
0.311 0.507 28729
0.311 0.507 28857
0.333 0.507 28985
0.333 0.507 29113
0.333 0.507 29241
0.360 0.513 29369
0.360 0.513 29497
0.360 0.513 29625
0.387 0.513 29753
0.387 0.513 29881
0.343 0.530 30009
0.343 0.530 30137
0.343 0.530 30265
0.367 0.522 30393
0.367 0.522 30521
0.367 0.522 30649
0.396 0.530 30777
0.396 0.530 30905
0.351 0.542 31033
0.351 0.542 31161
0.351 0.542 31289
0.379 0.554 31417
0.379 0.554 31545
0.379 0.554 31673
0.407 0.539 31801
0.407 0.539 31929
0.446 0.554 32057
0.446 0.554 32185
0.446 0.554 32313
0.307 0.565 32441
0.307 0.565 32569
0.307 0.565 32697
0.336 0.577 32825
0.336 0.577 32953
0.336 0.577 33081
0.369 0.565 33209
0.369 0.565 33337
0.341 0.577 33465
0.341 0.577 33593
0.341 0.577 33721
0.371 0.577 33849
0.371 0.577 33977
0.371 0.577 34105
0.404 0.589 34233
0.404 0.589 34361
0.441 0.583 34489
0.441 0.583 34617
0.441 0.583 34745
0.324 0.600 34873
0.324 0.600 35001
0.324 0.600 35129
0.347 0.600 35257
0.347 0.600 35385
0.371 0.612 35513
0.371 0.612 35641
0.371 0.612 35769
0.328 0.624 35897
0.328 0.624 36025
0.328 0.624 36153
0.353 0.615 36281
0.353 0.615 36409
0.379 0.624 36537
0.379 0.624 36665
0.379 0.624 36793
0.412 0.624 36921
0.412 0.624 37049
0.412 0.624 37177
0.365 0.647 37305
0.365 0.647 37433
0.365 0.647 37561
0.392 0.635 37689
0.392 0.635 37817
0.421 0.629 37945
0.421 0.629 38073
0.421 0.629 38201
0.311 0.670 38329
0.311 0.670 38457
0.311 0.670 38585
0.328 0.670 38713
0.328 0.670 38841
0.356 0.670 38969
0.356 0.670 39097
0.356 0.670 39225
0.388 0.670 39353
0.388 0.670 39481
0.388 0.670 39609
0.338 0.670 39737
0.338 0.670 39865
0.379 0.682 39993
0.379 0.682 40121
0.379 0.682 40249
0.417 0.694 40377
0.417 0.694 40505
0.417 0.694 40633
0.374 0.694 40761
0.374 0.694 40889
0.330 0.694 41017
0.330 0.694 41145
0.330 0.694 41273
0.355 0.699 41401
0.355 0.699 41529
0.355 0.699 41657
0.383 0.705 41785
0.383 0.705 41913
0.383 0.705 42041
0.338 0.717 42169
0.338 0.717 42297
0.365 0.717 42425
0.365 0.717 42553
0.365 0.717 42681
0.391 0.723 42809
0.391 0.723 42937
0.391 0.723 43065
0.402 0.723 43193
0.402 0.723 43321
0.374 0.740 43449
0.374 0.740 43577
0.374 0.740 43705
0.405 0.740 43833
0.405 0.740 43961
0.405 0.740 44089
0.440 0.740 44217
0.440 0.740 44345
0.321 0.746 44473
0.321 0.746 44601
0.321 0.746 44729
0.343 0.752 44857
0.343 0.752 44985
0.343 0.752 45113
0.368 0.764 45241
0.368 0.764 45369
0.388 0.764 45497
0.388 0.764 45625
0.388 0.764 45753
0.350 0.775 45881
0.350 0.775 46009
0.350 0.775 46137
0.377 0.772 46265
0.377 0.772 46393
0.377 0.772 46521
0.407 0.787 46649
0.407 0.787 46777
0.307 0.793 46905
0.307 0.793 47033
0.307 0.793 47161
0.339 0.793 47289
0.339 0.793 47417
0.339 0.793 47545
0.368 0.799 47673
0.368 0.799 47801
0.390 0.810 47929
0.390 0.810 48057
0.390 0.810 48185
0.347 0.810 48313
0.347 0.810 48441
0.347 0.810 48569
0.372 0.810 48697
0.372 0.810 48825
0.402 0.822 48953
0.402 0.822 49081
0.402 0.822 49209
0.360 0.819 49337
0.360 0.819 49465
0.360 0.819 49593
0.387 0.834 49721
0.387 0.834 49849
0.419 0.834 49977
0.419 0.834 50105
0.419 0.834 50233
0.451 0.834 50361
0.451 0.834 50489
0.451 0.834 50617
0.330 0.834 50745
0.330 0.834 50873
0.330 0.834 51001
0.352 0.851 51129
0.352 0.851 51257
0.381 0.857 51385
0.381 0.857 51513
0.381 0.857 51641
0.336 0.869 51769
0.336 0.869 51897
0.336 0.869 52025
0.362 0.880 52153
0.362 0.880 52281
0.386 0.880 52409
0.386 0.880 52537
0.386 0.880 52665
0.419 0.880 52793
0.419 0.880 52921
0.419 0.880 53049
0.372 0.904 53177
0.372 0.904 53305
0.400 0.892 53433
0.400 0.892 53561
0.400 0.892 53689
0.364 0.904 53817
0.364 0.904 53945
0.364 0.904 54073
0.327 0.904 54201
0.327 0.904 54329
0.358 0.907 54457
0.358 0.907 54585
0.358 0.907 54713
0.386 0.904 54841
0.386 0.904 54969
0.386 0.904 55097
0.421 0.927 55225
0.421 0.927 55353
0.421 0.927 55481
0.372 0.927 55609
0.372 0.927 55737
0.400 0.927 55865
0.400 0.927 55993
0.400 0.927 56121
0.433 0.933 56249
0.433 0.933 56377
0.433 0.933 56505
0.317 0.950 56633
0.317 0.950 56761
0.308 0.942 56889
0.308 0.942 57017
0.308 0.942 57145
0.348 0.950 57273
0.348 0.950 57401
0.348 0.950 57529
0.388 0.962 57657
0.388 0.962 57785
0.343 0.962 57913
0.343 0.962 58041
0.343 0.962 58169
0.370 0.953 58297
0.370 0.953 58425
0.370 0.953 58553
0.400 0.974 58681
0.400 0.974 58809
0.357 0.985 58937
0.357 0.985 59065
0.357 0.985 59193
0.384 0.985 59321
0.384 0.985 59449
0.384 0.985 59577
0.414 0.985 59705
0.414 0.985 59833
0.414 0.985 59961
0.448 0.997 60089
0.448 0.997 60217
0.326 1.003 60345
0.326 1.003 60473
0.326 1.003 60601
0.351 1.003 60729
0.351 1.003 60857
0.351 1.003 60985
0.389 1.003 61113
0.389 1.003 61241
0.353 1.020 61369
0.353 1.020 61497
0.353 1.020 61625
0.381 1.020 61753
0.381 1.020 61881
0.381 1.020 62009
0.413 1.026 62137
0.413 1.026 62265
0.453 1.026 62393
0.453 1.026 62521
0.453 1.026 62649
0.328 1.044 62777
0.328 1.044 62905
0.328 1.044 63033
0.348 1.044 63161
0.348 1.044 63289
0.377 1.044 63417
0.377 1.044 63545
0.377 1.044 63673
0.334 1.055 63801
0.334 1.055 63929
0.334 1.055 64057
0.355 1.067 64185
0.355 1.067 64313
0.355 1.067 64441
0.385 1.067 64569
0.385 1.067 64697
0.417 1.079 64825
0.417 1.079 64953
0.417 1.079 65081
0.373 1.067 65209
0.373 1.067 65337
0.373 1.067 65465
0.396 1.079 65593
0.396 1.079 65721
0.434 1.090 65849
0.434 1.090 65977
0.434 1.090 66105
0.315 1.090 66233
0.315 1.090 66361
0.315 1.090 66489
0.339 1.096 66617
0.339 1.096 66745
0.365 1.114 66873
0.365 1.114 67001
0.365 1.114 67129
0.396 1.114 67257
0.396 1.114 67385
0.396 1.114 67513
0.346 1.099 67641
0.346 1.099 67769
0.385 1.114 67897
0.385 1.114 68025
0.385 1.114 68153
0.425 1.125 68281
0.425 1.125 68409
0.425 1.125 68537
0.313 1.137 68665
0.313 1.137 68793
0.313 1.137 68921
0.339 1.137 69049
0.339 1.137 69177
0.360 1.143 69305
0.360 1.143 69433
0.360 1.143 69561
0.391 1.149 69689
0.391 1.149 69817
0.391 1.149 69945
0.345 1.160 70073
0.345 1.160 70201
0.369 1.160 70329
0.369 1.160 70457
0.369 1.160 70585
0.400 1.160 70713
0.400 1.160 70841
0.400 1.160 70969
0.370 1.160 71097
0.370 1.160 71225
0.380 1.172 71353
0.380 1.172 71481
0.380 1.172 71609
0.411 1.184 71737
0.411 1.184 71865
0.411 1.184 71993
0.444 1.172 72121
0.444 1.172 72249
0.326 1.195 72377
0.326 1.195 72505
0.326 1.195 72633
0.348 1.189 72761
0.348 1.189 72889
0.348 1.189 73017
0.374 1.207 73145
0.374 1.207 73273
0.374 1.207 73401
0.377 1.207 73529
0.377 1.207 73657
0.358 1.207 73785
0.358 1.207 73913
0.358 1.207 74041
0.383 1.219 74169
0.383 1.219 74297
0.383 1.219 74425
0.416 1.230 74553
0.416 1.230 74681
0.316 1.222 74809
0.316 1.222 74937
0.316 1.222 75065
0.345 1.242 75193
0.345 1.242 75321
0.345 1.242 75449
0.369 1.242 75577
0.369 1.242 75705
0.387 1.242 75833
0.387 1.242 75961
0.387 1.242 76089
0.353 1.254 76217
0.353 1.254 76345
0.353 1.254 76473
0.381 1.254 76601
0.381 1.254 76729
0.411 1.254 76857
0.411 1.254 76985
0.411 1.254 77113
0.366 1.259 77241
0.366 1.259 77369
0.366 1.259 77497
0.395 1.277 77625
0.395 1.277 77753
0.395 1.277 77881
0.427 1.277 78009
0.427 1.277 78137
0.448 1.277 78265
0.448 1.277 78393
0.448 1.277 78521
0.338 1.283 78649
0.338 1.283 78777
0.338 1.283 78905
0.364 1.300 79033
0.364 1.300 79161
0.393 1.300 79289
0.393 1.300 79417
0.393 1.300 79545
0.345 1.300 79673
0.345 1.300 79801
0.345 1.300 79929
0.368 1.306 80057
0.368 1.306 80185
0.397 1.312 80313
0.397 1.312 80441
0.397 1.312 80569
0.423 1.312 80697
0.423 1.312 80825
0.423 1.312 80953
0.381 1.329 81081
0.381 1.329 81209
0.368 1.329 81337
0.368 1.329 81465
0.368 1.329 81593
0.352 1.335 81721
0.352 1.335 81849
0.352 1.335 81977
0.326 1.347 82105
0.326 1.347 82233
0.326 1.347 82361
0.362 1.353 82489
0.362 1.353 82617
0.393 1.347 82745
0.393 1.347 82873
0.393 1.347 83001
0.427 1.353 83129
0.427 1.353 83257
0.427 1.353 83385
0.378 1.370 83513
0.378 1.370 83641
0.407 1.370 83769
0.407 1.370 83897
0.407 1.370 84025
0.442 1.370 84153
0.442 1.370 84281
0.442 1.370 84409
0.326 1.379 84537
0.326 1.379 84665
0.350 1.373 84793
0.350 1.373 84921
0.350 1.373 85049
0.375 1.394 85177
0.375 1.394 85305
0.375 1.394 85433
0.404 1.394 85561
0.404 1.394 85689
0.360 1.394 85817
0.360 1.394 85945
0.360 1.394 86073
0.382 1.405 86201
0.382 1.405 86329
0.382 1.405 86457
0.415 1.417 86585
0.415 1.417 86713
0.415 1.417 86841
0.366 1.417 86969
0.366 1.417 87097
0.396 1.417 87225
0.396 1.417 87353
0.396 1.417 87481
0.419 1.423 87609
0.419 1.423 87737
0.419 1.423 87865
0.459 1.426 87993
0.459 1.426 88121
0.336 1.440 88249
0.336 1.440 88377
0.336 1.440 88505
0.361 1.440 88633
0.361 1.440 88761
0.361 1.440 88889
0.400 1.446 89017
0.400 1.446 89145
0.361 1.452 89273
0.361 1.452 89401
0.361 1.452 89529
0.392 1.464 89657
0.392 1.464 89785
0.392 1.464 89913
0.425 1.452 90041
0.425 1.452 90169
0.468 1.472 90297
0.468 1.472 90425
0.468 1.472 90553
0.336 1.469 90681
0.336 1.469 90809
0.336 1.469 90937
0.362 1.487 91065
0.362 1.487 91193
0.362 1.487 91321
0.389 1.487 91449
0.389 1.487 91577
0.341 1.487 91705
0.341 1.487 91833
0.341 1.487 91961
0.370 1.493 92089
0.370 1.493 92217
0.370 1.493 92345
0.393 1.487 92473
0.393 1.487 92601
0.427 1.510 92729
0.427 1.510 92857
0.427 1.510 92985
0.382 1.510 93113
0.382 1.510 93241
0.382 1.510 93369
0.412 1.522 93497
0.412 1.522 93625
0.438 1.522 93753
0.438 1.522 93881
0.438 1.522 94009
0.326 1.534 94137
0.326 1.534 94265
0.326 1.534 94393
0.351 1.534 94521
0.351 1.534 94649
0.375 1.539 94777
0.375 1.539 94905
0.375 1.539 95033
0.405 1.557 95161
0.405 1.557 95289
0.405 1.557 95417
0.354 1.557 95545
0.354 1.557 95673
0.354 1.557 95801
0.398 1.557 95929
0.398 1.557 96057
0.433 1.557 96185
0.433 1.557 96313
0.433 1.557 96441
0.326 1.580 96569
0.326 1.580 96697
0.326 1.580 96825
0.348 1.580 96953
0.348 1.580 97081
0.374 1.580 97209
0.374 1.580 97337
0.374 1.580 97465
0.404 1.580 97593
0.404 1.580 97721
0.404 1.580 97849
0.358 1.592 97977
0.358 1.592 98105
0.383 1.604 98233
0.383 1.604 98361
0.383 1.604 98489
0.410 1.592 98617
0.410 1.592 98745
0.410 1.592 98873
0.368 1.604 99001
0.368 1.604 99129
0.393 1.604 99257
0.393 1.604 99385
0.393 1.604 99513
0.419 1.615 99641
0.419 1.615 99769
0.419 1.615 99897
0.455 1.612 100025
0.455 1.612 100153
0.455 1.612 100281
0.336 1.627 100409
0.336 1.627 100537
0.361 1.627 100665
0.361 1.627 100793
0.361 1.627 100921
0.390 1.633 101049
0.390 1.633 101177
0.390 1.633 101305
0.347 1.650 101433
0.347 1.650 101561
0.368 1.650 101689
0.368 1.650 101817
0.368 1.650 101945
0.399 1.650 102073
0.399 1.650 102201
0.399 1.650 102329
0.430 1.674 102457
0.430 1.674 102585
0.328 1.659 102713
0.328 1.659 102841
0.328 1.659 102969
0.356 1.679 103097
0.356 1.679 103225
0.356 1.679 103353
0.389 1.697 103481
0.389 1.697 103609
0.373 1.679 103737
0.373 1.679 103865
0.373 1.679 103993
0.368 1.685 104121
0.368 1.685 104249
0.368 1.685 104377
0.393 1.697 104505
0.393 1.697 104633
0.393 1.697 104761
0.425 1.697 104889
0.425 1.697 105017
0.381 1.697 105145
0.381 1.697 105273
0.381 1.697 105401
0.410 1.709 105529
0.410 1.709 105657
0.410 1.709 105785
0.400 1.720 105913
0.400 1.720 106041
0.411 1.720 106169
0.411 1.720 106297
0.411 1.720 106425
0.343 1.726 106553
0.343 1.726 106681
0.343 1.726 106809
0.373 1.726 106937
0.373 1.726 107065
0.405 1.726 107193
0.405 1.726 107321
0.405 1.726 107449
0.353 1.744 107577
0.353 1.744 107705
0.353 1.744 107833
0.380 1.735 107961
0.380 1.735 108089
0.408 1.744 108217
0.408 1.744 108345
0.408 1.744 108473
0.432 1.749 108601
0.432 1.749 108729
0.432 1.749 108857
0.393 1.767 108985
0.393 1.767 109113
0.393 1.767 109241
0.423 1.767 109369
0.423 1.767 109497
0.385 1.767 109625
0.385 1.767 109753
0.385 1.767 109881
0.352 1.790 110009
0.352 1.790 110137
0.352 1.790 110265
0.382 1.779 110393
0.382 1.779 110521
0.408 1.790 110649
0.408 1.790 110777
0.408 1.790 110905
0.440 1.790 111033
0.440 1.790 111161
0.440 1.790 111289
0.393 1.802 111417
0.393 1.802 111545
0.425 1.802 111673
0.425 1.802 111801
0.425 1.802 111929
0.451 1.814 112057
0.451 1.814 112185
0.451 1.814 112313
0.336 1.814 112441
0.336 1.814 112569
0.336 1.814 112697
0.362 1.814 112825
0.362 1.814 112953
0.391 1.819 113081
0.391 1.819 113209
0.391 1.819 113337
0.419 1.837 113465
0.419 1.837 113593
0.419 1.837 113721
0.374 1.837 113849
0.374 1.837 113977
0.400 1.837 114105
0.400 1.837 114233
0.400 1.837 114361
0.432 1.837 114489
0.432 1.837 114617
0.432 1.837 114745
0.383 1.860 114873
0.383 1.860 115001
0.408 1.860 115129
0.408 1.860 115257
0.408 1.860 115385
0.438 1.860 115513
0.438 1.860 115641
0.438 1.860 115769
0.474 1.860 115897
0.474 1.860 116025
0.349 1.884 116153
0.349 1.884 116281
0.349 1.884 116409
0.372 1.884 116537
0.372 1.884 116665
0.372 1.884 116793
0.412 1.884 116921
0.412 1.884 117049
0.412 1.884 117177
0.381 1.895 117305
0.381 1.895 117433
0.410 1.907 117561
0.410 1.907 117689
0.410 1.907 117817
0.444 1.907 117945
0.444 1.907 118073
0.444 1.907 118201
0.476 1.907 118329
0.476 1.907 118457
0.350 1.907 118585
0.350 1.907 118713
0.350 1.907 118841
0.377 1.913 118969
0.377 1.913 119097
0.377 1.913 119225
0.407 1.919 119353
0.407 1.919 119481
0.358 1.930 119609
0.358 1.930 119737
0.358 1.930 119865
0.382 1.936 119993
0.382 1.936 120121
0.382 1.936 120249
0.408 1.930 120377
0.408 1.930 120505
0.442 1.954 120633
0.442 1.954 120761
0.442 1.954 120889
0.400 1.954 121017
0.400 1.954 121145
0.400 1.954 121273
0.423 1.954 121401
0.423 1.954 121529
0.423 1.954 121657
0.459 1.954 121785
0.459 1.954 121913
0.343 1.965 122041
0.343 1.965 122169
0.343 1.965 122297
0.365 1.977 122425
0.365 1.977 122553
0.365 1.977 122681
0.392 1.977 122809
0.392 1.977 122937
0.423 1.977 123065
0.423 1.977 123193
0.423 1.977 123321
0.372 1.989 123449
0.372 1.989 123577
0.372 1.989 123705
0.413 2.000 123833
0.413 2.000 123961
0.448 2.000 124089
0.448 2.000 124217
0.448 2.000 124345
0.336 2.000 124473
0.336 2.000 124601
0.336 2.000 124729
0.364 2.000 124857
0.364 2.000 124985
0.388 2.012 125113
0.388 2.012 125241
0.388 2.012 125369
0.421 2.024 125497
0.421 2.024 125625
0.421 2.024 125753
0.373 2.024 125881
0.373 2.024 126009
0.373 2.024 126137
0.402 2.029 126265
0.402 2.029 126393
0.429 2.024 126521
0.429 2.024 126649
0.429 2.024 126777
0.385 2.047 126905
0.385 2.047 127033
0.385 2.047 127161
0.411 2.032 127289
0.411 2.032 127417
0.438 2.047 127545
0.438 2.047 127673
0.438 2.047 127801
0.474 2.032 127929
0.474 2.032 128057
0.474 2.032 128185
0.355 2.070 128313
0.355 2.070 128441
0.383 2.070 128569
0.383 2.070 128697
0.383 2.070 128825
0.406 2.082 128953
0.406 2.082 129081
0.406 2.082 129209
0.364 2.070 129337
0.364 2.070 129465
0.391 2.094 129593
0.391 2.094 129721
0.391 2.094 129849
0.417 2.094 129977
0.417 2.094 130105
0.417 2.094 130233
0.402 2.094 130361
0.402 2.094 130489
0.402 2.094 130617
0.321 2.094 130745
0.321 2.094 130873
0.364 2.117 131001
0.364 2.117 131129
0.364 2.117 131257
0.398 2.117 131385
0.398 2.117 131513
0.398 2.117 131641
0.356 2.105 131769
0.356 2.105 131897
0.381 2.117 132025
0.381 2.117 132153
0.381 2.117 132281
0.411 2.117 132409
0.411 2.117 132537
0.411 2.117 132665
0.442 2.123 132793
0.442 2.123 132921
0.399 2.140 133049
0.399 2.140 133177
0.399 2.140 133305
0.423 2.140 133433
0.423 2.140 133561
0.423 2.140 133689
0.455 2.140 133817
0.455 2.140 133945
0.364 2.146 134073
0.364 2.146 134201
0.364 2.146 134329
0.366 2.164 134457
0.366 2.164 134585
0.366 2.164 134713
0.398 2.164 134841
0.398 2.164 134969
0.398 2.164 135097
0.425 2.172 135225
0.425 2.172 135353
0.374 2.175 135481
0.374 2.175 135609
0.374 2.175 135737
0.398 2.187 135865
0.398 2.187 135993
0.398 2.187 136121
0.430 2.187 136249
0.430 2.187 136377
0.418 2.187 136505
0.418 2.187 136633
0.418 2.187 136761
0.407 2.187 136889
0.407 2.187 137017
0.407 2.187 137145
0.374 2.210 137273
0.374 2.210 137401
0.410 2.210 137529
0.410 2.210 137657
0.410 2.210 137785
0.374 2.210 137913
0.374 2.210 138041
0.374 2.210 138169
0.399 2.210 138297
0.399 2.210 138425
0.432 2.216 138553
0.432 2.216 138681
0.432 2.216 138809
0.448 2.234 138937
0.448 2.234 139065
0.448 2.234 139193
0.412 2.234 139321
0.412 2.234 139449
0.412 2.234 139577
0.432 2.234 139705
0.432 2.234 139833
0.472 2.239 139961
0.472 2.239 140089
0.472 2.239 140217
0.354 2.257 140345
0.354 2.257 140473
0.354 2.257 140601
0.379 2.257 140729
0.379 2.257 140857
0.407 2.248 140985
0.407 2.248 141113
0.407 2.248 141241
0.429 2.280 141369
0.429 2.280 141497
0.429 2.280 141625
0.394 2.304 141753
0.394 2.304 141881
0.419 2.280 142009
0.419 2.280 142137
0.419 2.280 142265
0.457 2.280 142393
0.457 2.280 142521
0.457 2.280 142649
0.397 2.280 142777
0.397 2.280 142905
0.424 2.304 143033
0.424 2.304 143161
0.424 2.304 143289
0.453 2.292 143417
0.453 2.292 143545
0.453 2.292 143673
0.489 2.304 143801
0.489 2.304 143929
0.489 2.304 144057
0.370 2.304 144185
0.370 2.304 144313
0.402 2.309 144441
0.402 2.309 144569
0.402 2.309 144697
0.438 2.312 144825
0.438 2.312 144953
0.438 2.312 145081
0.400 2.327 145209
0.400 2.327 145337
0.433 2.327 145465
0.433 2.327 145593
0.433 2.327 145721
0.457 2.333 145849
0.457 2.333 145977
0.457 2.333 146105
0.495 2.327 146233
0.495 2.327 146361
0.371 2.350 146489
0.371 2.350 146617
0.371 2.350 146745
0.398 2.350 146873
0.398 2.350 147001
0.398 2.350 147129
0.425 2.356 147257
0.425 2.356 147385
0.377 2.374 147513
0.377 2.374 147641
0.377 2.374 147769
0.404 2.374 147897
0.404 2.374 148025
0.404 2.374 148153
0.429 2.374 148281
0.429 2.374 148409
0.429 2.374 148537
0.455 2.365 148665
0.455 2.365 148793
0.412 2.379 148921
0.412 2.379 149049
0.412 2.379 149177
0.444 2.379 149305
0.444 2.379 149433
0.444 2.379 149561
0.478 2.397 149689
0.478 2.397 149817
0.358 2.397 149945
0.358 2.397 150073
0.358 2.397 150201
0.385 2.397 150329
0.385 2.397 150457
0.385 2.397 150585
0.408 2.403 150713
0.408 2.403 150841
0.441 2.403 150969
0.441 2.403 151097
0.441 2.403 151225
0.407 2.406 151353
0.407 2.406 151481
0.407 2.406 151609
0.438 2.420 151737
0.438 2.420 151865
0.471 2.426 151993
0.471 2.426 152121
0.471 2.426 152249
0.355 2.444 152377
0.355 2.444 152505
0.355 2.444 152633
0.382 2.444 152761
0.382 2.444 152889
0.382 2.444 153017
0.413 2.444 153145
0.413 2.444 153273
0.441 2.455 153401
0.441 2.455 153529
0.441 2.455 153657
0.391 2.467 153785
0.391 2.467 153913
0.391 2.467 154041
0.423 2.490 154169
0.423 2.490 154297
0.454 2.458 154425
0.454 2.458 154553
0.454 2.458 154681
0.370 2.467 154809
0.370 2.467 154937
0.370 2.467 155065
0.410 2.473 155193
0.410 2.473 155321
0.450 2.490 155449
0.450 2.490 155577
0.450 2.490 155705
0.493 2.490 155833
0.493 2.490 155961
0.493 2.490 156089
0.369 2.490 156217
0.369 2.490 156345
0.396 2.496 156473
0.396 2.496 156601
0.396 2.496 156729
0.425 2.496 156857
0.425 2.496 156985
0.425 2.496 157113
0.381 2.514 157241
0.381 2.514 157369
0.381 2.514 157497
0.409 2.514 157625
0.409 2.514 157753
0.434 2.514 157881
0.434 2.514 158009
0.434 2.514 158137
0.483 2.525 158265
0.483 2.525 158393
0.483 2.525 158521
0.368 2.537 158649
0.368 2.537 158777
0.396 2.537 158905
0.396 2.537 159033
0.396 2.537 159161
0.428 2.537 159289
0.428 2.537 159417
0.428 2.537 159545
0.377 2.560 159673
0.377 2.560 159801
0.404 2.560 159929
0.404 2.560 160057
0.404 2.560 160185
0.434 2.560 160313
0.434 2.560 160441
0.434 2.560 160569
0.465 2.560 160697
0.465 2.560 160825
0.412 2.566 160953
0.412 2.566 161081
0.412 2.566 161209
0.438 2.566 161337
0.438 2.566 161465
0.438 2.566 161593
0.474 2.584 161721
0.474 2.584 161849
0.474 2.584 161977
0.363 2.584 162105
0.363 2.584 162233
0.391 2.589 162361
0.391 2.589 162489
0.391 2.589 162617
0.413 2.589 162745
0.413 2.589 162873
0.413 2.589 163001
0.446 2.607 163129
0.446 2.607 163257
0.391 2.607 163385
0.391 2.607 163513
0.391 2.607 163641
0.423 2.607 163769
0.423 2.607 163897
0.423 2.607 164025
0.446 2.613 164153
0.446 2.613 164281
0.404 2.630 164409
0.404 2.630 164537
0.404 2.630 164665
0.433 2.630 164793
0.433 2.630 164921
0.433 2.630 165049
0.393 2.630 165177
0.393 2.630 165305
0.434 2.630 165433
0.434 2.630 165561
0.434 2.630 165689
0.391 2.654 165817
0.391 2.654 165945
0.391 2.654 166073
0.421 2.654 166201
0.421 2.654 166329
0.421 2.654 166457
0.453 2.654 166585
0.453 2.654 166713
0.438 2.677 166841
0.438 2.677 166969
0.438 2.677 167097
0.427 2.659 167225
0.427 2.659 167353
0.427 2.659 167481
0.457 2.677 167609
0.457 2.677 167737
0.495 2.677 167865
0.495 2.677 167993
0.495 2.677 168121
0.370 2.677 168249
0.370 2.677 168377
0.370 2.677 168505
0.400 2.689 168633
0.400 2.689 168761
0.427 2.680 168889
0.427 2.680 169017
0.427 2.680 169145
0.434 2.700 169273
0.434 2.700 169401
0.434 2.700 169529
0.412 2.700 169657
0.412 2.700 169785
0.444 2.724 169913
0.444 2.724 170041
0.444 2.724 170169
0.468 2.712 170297
0.468 2.712 170425
0.468 2.712 170553
0.414 2.712 170681
0.414 2.712 170809
0.414 2.712 170937
0.443 2.724 171065
0.443 2.724 171193
0.480 2.724 171321
0.480 2.724 171449
0.480 2.724 171577
0.489 2.735 171705
0.489 2.735 171833
0.489 2.735 171961
0.385 2.747 172089
0.385 2.747 172217
0.426 2.747 172345
0.426 2.747 172473
0.426 2.747 172601
0.460 2.747 172729
0.460 2.747 172857
0.460 2.747 172985
0.425 2.753 173113
0.425 2.753 173241
0.442 2.770 173369
0.442 2.770 173497
0.442 2.770 173625
0.477 2.770 173753
0.477 2.770 173881
0.477 2.770 174009
0.505 2.770 174137
0.505 2.770 174265
0.391 2.776 174393
0.391 2.776 174521
0.391 2.776 174649
0.415 2.776 174777
0.415 2.776 174905
0.415 2.776 175033
0.436 2.794 175161
0.436 2.794 175289
0.436 2.794 175417
0.395 2.794 175545
0.395 2.794 175673
0.423 2.799 175801
0.423 2.799 175929
0.423 2.799 176057
0.448 2.817 176185
0.448 2.817 176313
0.448 2.817 176441
0.476 2.817 176569
0.476 2.817 176697
0.436 2.817 176825
0.436 2.817 176953
0.436 2.817 177081
0.466 2.817 177209
0.466 2.817 177337
0.466 2.817 177465
0.503 2.817 177593
0.503 2.817 177721
0.379 2.840 177849
0.379 2.840 177977
0.379 2.840 178105
0.404 2.840 178233
0.404 2.840 178361
0.404 2.840 178489
0.432 2.840 178617
0.432 2.840 178745
0.464 2.840 178873
0.464 2.840 179001
0.464 2.840 179129
0.374 2.864 179257
0.374 2.864 179385
0.374 2.864 179513
0.428 2.864 179641
0.428 2.864 179769
0.428 2.864 179897
0.479 2.864 180025
0.479 2.864 180153
0.370 2.869 180281
0.370 2.869 180409
0.370 2.869 180537
0.398 2.869 180665
0.398 2.869 180793
0.398 2.869 180921
0.423 2.869 181049
0.423 2.869 181177
0.457 2.887 181305
0.457 2.887 181433
0.457 2.887 181561
0.409 2.887 181689
0.409 2.887 181817
0.409 2.887 181945
0.438 2.887 182073
0.438 2.887 182201
0.466 2.910 182329
0.466 2.910 182457
0.466 2.910 182585
0.417 2.910 182713
0.417 2.910 182841
0.417 2.910 182969
0.446 2.910 183097
0.446 2.910 183225
0.474 2.910 183353
0.474 2.910 183481
0.474 2.910 183609
0.520 2.922 183737
0.520 2.922 183865
0.520 2.922 183993
0.388 2.934 184121
0.388 2.934 184249
0.388 2.934 184377
0.419 2.934 184505
0.419 2.934 184633
0.443 2.934 184761
0.443 2.934 184889
0.443 2.934 185017
0.406 2.939 185145
0.406 2.939 185273
0.406 2.939 185401
0.421 2.957 185529
0.421 2.957 185657
0.451 2.957 185785
0.451 2.957 185913
0.451 2.957 186041
0.500 2.957 186169
0.500 2.957 186297
0.500 2.957 186425
0.387 2.963 186553
0.387 2.963 186681
0.419 2.980 186809
0.419 2.980 186937
0.419 2.980 187065
0.446 2.980 187193
0.446 2.980 187321
0.446 2.980 187449
0.397 2.966 187577
0.397 2.966 187705
0.419 2.986 187833
0.419 2.986 187961
0.419 2.986 188089
0.453 2.992 188217
0.453 2.992 188345
0.453 2.992 188473
0.480 3.004 188601
0.480 3.004 188729
0.480 3.004 188857
0.433 2.992 188985
0.433 2.992 189113
0.461 3.004 189241
0.461 3.004 189369
0.461 3.004 189497
0.497 3.004 189625
0.497 3.004 189753
0.497 3.004 189881
0.388 3.027 190009
0.388 3.027 190137
0.407 3.027 190265
0.407 3.027 190393
0.407 3.027 190521
0.438 3.027 190649
0.438 3.027 190777
0.438 3.027 190905
0.461 3.027 191033
0.461 3.027 191161
0.416 3.039 191289
0.416 3.039 191417
0.416 3.039 191545
0.432 3.050 191673
0.432 3.050 191801
0.432 3.050 191929
0.461 3.050 192057
0.461 3.050 192185
0.425 3.074 192313
0.425 3.074 192441
0.425 3.074 192569
0.451 3.074 192697
0.451 3.074 192825
0.451 3.074 192953
0.417 3.074 193081
0.417 3.074 193209
0.417 3.074 193337
0.451 3.074 193465
0.451 3.074 193593
0.412 3.079 193721
0.412 3.079 193849
0.412 3.079 193977
0.441 3.085 194105
0.441 3.085 194233
0.441 3.085 194361
0.476 3.074 194489
0.476 3.074 194617
0.421 3.097 194745
0.421 3.097 194873
0.421 3.097 195001
0.447 3.097 195129
0.447 3.097 195257
0.447 3.097 195385
0.478 3.109 195513
0.478 3.109 195641
0.518 3.120 195769
0.518 3.120 195897
0.518 3.120 196025
0.398 3.120 196153
0.398 3.120 196281
0.398 3.120 196409
0.417 3.120 196537
0.417 3.120 196665
0.446 3.120 196793
0.446 3.120 196921
0.446 3.120 197049
0.412 3.144 197177
0.412 3.144 197305
0.412 3.144 197433
0.438 3.144 197561
0.438 3.144 197689
0.438 3.144 197817
0.453 3.144 197945
0.453 3.144 198073
0.487 3.144 198201
0.487 3.144 198329
0.487 3.144 198457
0.436 3.149 198585
0.436 3.149 198713
0.436 3.149 198841
0.466 3.149 198969
0.466 3.149 199097
0.495 3.167 199225
0.495 3.167 199353
0.495 3.167 199481
0.463 3.167 199609
0.463 3.167 199737
0.463 3.167 199865
0.408 3.173 199993
0.408 3.173 200121
0.444 3.190 200249
0.444 3.190 200377
0.444 3.190 200505
0.479 3.179 200633
0.479 3.179 200761
0.479 3.179 200889
0.436 3.190 201017
0.436 3.190 201145
0.470 3.190 201273
0.470 3.190 201401
0.470 3.190 201529
0.497 3.202 201657
0.497 3.202 201785
0.497 3.202 201913
0.506 3.214 202041
0.506 3.214 202169
0.506 3.214 202297
0.413 3.214 202425
0.413 3.214 202553
0.436 3.214 202681
0.436 3.214 202809
0.436 3.214 202937
0.468 3.219 203065
0.468 3.219 203193
0.468 3.219 203321
0.417 3.225 203449
0.417 3.225 203577
0.453 3.237 203705
0.453 3.237 203833
0.453 3.237 203961
0.470 3.237 204089
0.470 3.237 204217
0.470 3.237 204345
0.491 3.237 204473
0.491 3.237 204601
0.455 3.243 204729
0.455 3.243 204857
0.455 3.243 204985
0.489 3.260 205113
0.489 3.260 205241
0.489 3.260 205369
0.520 3.246 205497
0.520 3.246 205625
0.399 3.260 205753
0.399 3.260 205881
0.399 3.260 206009
0.426 3.272 206137
0.426 3.272 206265
0.426 3.272 206393
0.453 3.284 206521
0.453 3.284 206649
0.453 3.284 206777
0.474 3.272 206905
0.474 3.272 207033
0.438 3.284 207161
0.438 3.284 207289
0.438 3.284 207417
0.476 3.307 207545
0.476 3.307 207673
0.476 3.307 207801
0.513 3.295 207929
0.513 3.295 208057
0.396 3.307 208185
0.396 3.307 208313
0.396 3.307 208441
0.423 3.307 208569
0.423 3.307 208697
0.423 3.307 208825
0.448 3.307 208953
0.448 3.307 209081
0.480 3.313 209209
0.480 3.313 209337
0.480 3.313 209465
0.429 3.330 209593
0.429 3.330 209721
0.429 3.330 209849
0.452 3.330 209977
0.452 3.330 210105
0.478 3.330 210233
0.478 3.330 210361
0.478 3.330 210489
0.434 3.354 210617
0.434 3.354 210745
0.434 3.354 210873
0.466 3.339 211001
0.466 3.339 211129
0.466 3.339 211257
0.499 3.354 211385
0.499 3.354 211513
0.531 3.354 211641
0.531 3.354 211769
0.531 3.354 211897
0.412 3.377 212025
0.412 3.377 212153
0.412 3.377 212281
0.438 3.377 212409
0.438 3.377 212537
0.476 3.377 212665
0.476 3.377 212793
0.476 3.377 212921
0.421 3.377 213049
0.421 3.377 213177
0.421 3.377 213305
0.446 3.389 213433
0.446 3.389 213561
0.474 3.400 213689
0.474 3.400 213817
0.474 3.400 213945
0.529 3.400 214073
0.529 3.400 214201
0.529 3.400 214329
0.415 3.400 214457
0.415 3.400 214585
0.439 3.400 214713
0.439 3.400 214841
0.439 3.400 214969
0.472 3.406 215097
0.472 3.406 215225
0.472 3.406 215353
0.421 3.424 215481
0.421 3.424 215609
0.421 3.424 215737
0.448 3.424 215865
0.448 3.424 215993
0.468 3.424 216121
0.468 3.424 216249
0.468 3.424 216377
0.501 3.424 216505
0.501 3.424 216633
0.501 3.424 216761
0.455 3.447 216889
0.455 3.447 217017
0.484 3.435 217145
0.484 3.435 217273
0.484 3.435 217401
0.517 3.447 217529
0.517 3.447 217657
0.517 3.447 217785
0.407 3.470 217913
0.407 3.470 218041
0.433 3.470 218169
0.433 3.470 218297
0.433 3.470 218425
0.456 3.459 218553
0.456 3.459 218681
0.456 3.459 218809
0.495 3.470 218937
0.495 3.470 219065
0.429 3.494 219193
0.429 3.494 219321
0.429 3.494 219449
0.457 3.494 219577
