  
  
  
  
  
0.904 0.577 57
0.889 0.335 71
0.905 0.343 85
0.905 0.343 99
0.910 0.358 113
0.907 0.332 127
0.905 0.285 141
0.905 0.285 155
0.905 0.279 169
0.905 0.250 183
0.905 0.250 197
0.904 0.227 211
0.904 0.203 225
0.904 0.203 239
0.906 0.195 253
0.905 0.171 267
0.904 0.148 281
0.904 0.148 295
0.900 0.110 309
0.897 0.098 323
0.897 0.098 337
0.883 0.063 351
0.911 0.101 365
0.911 0.101 379
0.909 0.084 393
0.909 0.087 407
0.910 0.078 421
0.910 0.078 435
0.908 0.075 449
0.908 0.063 463
0.908 0.063 477
0.910 0.060 491
0.908 0.058 505
0.908 0.058 519
0.913 0.055 533
0.910 0.055 547
0.908 0.040 561
0.908 0.040 575
0.908 0.040 589
0.908 0.040 603
0.908 0.040 617
0.908 0.034 631
0.907 0.028 645
0.907 0.028 659
0.908 0.028 673
0.908 0.017 687
0.908 0.017 701
0.908 0.017 715
0.908 0.017 729
0.908 0.017 743
0.908 0.017 757
0.908 0.017 771
0.908 0.017 785
0.908 0.017 799
0.909 0.005 813
0.908 0.017 827
0.907 0.017 841
0.907 0.017 855
0.908 0.017 869
0.907 0.017 883
0.907 0.017 897
0.907 0.017 911
0.908 0.014 925
0.908 0.014 939
0.911 0.020 953
0.907 0.017 967
0.908 0.017 981
0.908 0.017 995
0.907 0.017 1009
0.907 0.017 1023
0.907 0.017 1037
0.907 0.017 1051
0.908 0.017 1065
0.908 0.017 1079
0.911 0.031 1093
0.908 0.020 1107
0.907 0.017 1121
0.907 0.017 1135
0.909 0.031 1149
0.908 0.034 1163
0.908 0.034 1177
0.906 0.028 1191
0.907 0.040 1205
0.907 0.040 1219
0.910 0.043 1233
0.908 0.040 1247
0.908 0.043 1261
0.908 0.043 1275
0.907 0.052 1289
0.907 0.040 1303
0.907 0.040 1317
0.907 0.052 1331
0.910 0.055 1345
0.910 0.055 1359
0.908 0.058 1373
0.907 0.063 1387
0.908 0.063 1401
0.908 0.063 1415
0.908 0.063 1429
0.910 0.078 1443
0.910 0.078 1457
0.910 0.078 1471
0.908 0.075 1485
0.908 0.075 1499
0.910 0.078 1513
0.907 0.081 1527
0.910 0.078 1541
0.910 0.078 1555
0.907 0.087 1569
0.908 0.087 1583
0.908 0.087 1597
0.908 0.098 1611
0.908 0.098 1625
0.908 0.098 1639
0.908 0.098 1653
0.910 0.101 1667
0.908 0.110 1681
0.908 0.110 1695
0.908 0.110 1709
0.910 0.113 1723
0.910 0.113 1737
0.907 0.110 1751
0.908 0.122 1765
0.908 0.122 1779
0.908 0.122 1793
0.908 0.122 1807
0.910 0.130 1821
0.910 0.130 1835
0.910 0.136 1849
0.908 0.133 1863
0.908 0.133 1877
0.910 0.148 1891
0.908 0.145 1905
0.908 0.145 1919
0.908 0.145 1933
0.910 0.154 1947
0.908 0.157 1961
0.908 0.157 1975
0.908 0.157 1989
0.910 0.160 2003
0.910 0.160 2017
0.908 0.168 2031
0.908 0.168 2045
0.908 0.168 2059
0.910 0.171 2073
0.908 0.180 2087
0.908 0.186 2101
0.908 0.186 2115
0.910 0.180 2129
0.910 0.195 2143
0.910 0.195 2157
0.906 0.192 2171
0.907 0.192 2185
0.907 0.192 2199
0.910 0.200 2213
0.908 0.203 2227
0.910 0.218 2241
0.910 0.218 2255
0.908 0.215 2269
0.908 0.215 2283
0.908 0.215 2297
0.907 0.215 2311
0.907 0.221 2325
0.907 0.221 2339
0.910 0.230 2353
0.908 0.238 2367
0.910 0.241 2381
0.910 0.241 2395
0.907 0.238 2409
0.908 0.250 2423
0.908 0.250 2437
0.907 0.250 2451
0.908 0.250 2465
0.908 0.250 2479
0.910 0.253 2493
0.908 0.262 2507
0.910 0.265 2521
0.910 0.265 2535
0.909 0.265 2549
0.908 0.279 2563
0.908 0.279 2577
0.910 0.276 2591
0.908 0.285 2605
0.908 0.285 2619
0.910 0.288 2633
0.908 0.285 2647
0.908 0.297 2661
0.908 0.297 2675
0.908 0.297 2689
0.908 0.297 2703
0.908 0.297 2717
0.908 0.308 2731
0.908 0.311 2745
0.908 0.311 2759
0.908 0.320 2773
0.908 0.320 2787
0.908 0.320 2801
0.908 0.320 2815
0.908 0.320 2829
0.908 0.332 2843
0.908 0.332 2857
0.908 0.332 2871
0.908 0.343 2885
0.908 0.343 2899
0.910 0.340 2913
0.908 0.343 2927
0.908 0.346 2941
0.908 0.346 2955
0.908 0.355 2969
0.908 0.367 2983
0.908 0.367 2997
0.907 0.361 3011
0.910 0.370 3025
0.910 0.370 3039
0.908 0.378 3053
0.908 0.378 3067
0.908 0.378 3081
0.908 0.378 3095
0.907 0.378 3109
0.908 0.390 3123
0.908 0.390 3137
0.908 0.390 3151
0.908 0.390 3165
0.908 0.390 3179
0.910 0.405 3193
0.910 0.405 3207
0.907 0.402 3221
0.907 0.402 3235
0.908 0.413 3249
0.910 0.416 3263
0.910 0.416 3277
0.908 0.425 3291
0.910 0.428 3305
0.910 0.428 3319
0.910 0.428 3333
0.908 0.431 3347
0.907 0.437 3361
0.907 0.437 3375
0.908 0.437 3389
0.908 0.437 3403
0.908 0.437 3417
0.906 0.437 3431
0.908 0.454 3445
0.908 0.454 3459
0.910 0.457 3473
0.909 0.472 3487
0.909 0.472 3501
0.909 0.472 3515
0.907 0.472 3529
0.910 0.480 3543
0.910 0.480 3557
0.907 0.478 3571
0.908 0.483 3585
0.908 0.483 3599
0.907 0.483 3613
0.905 0.483 3627
0.907 0.483 3641
0.907 0.483 3655
0.910 0.498 3669
0.910 0.498 3683
0.910 0.498 3697
0.908 0.507 3711
0.908 0.513 3725
0.908 0.513 3739
0.911 0.507 3753
0.908 0.524 3767
0.908 0.530 3781
0.908 0.530 3795
0.908 0.530 3809
0.908 0.542 3823
0.908 0.542 3837
0.906 0.542 3851
0.908 0.542 3865
0.908 0.542 3879
0.910 0.545 3893
0.910 0.550 3907
0.910 0.550 3921
0.910 0.550 3935
0.907 0.553 3949
0.908 0.565 3963
0.908 0.565 3977
0.908 0.565 3991
0.909 0.568 4005
0.909 0.568 4019
0.911 0.571 4033
0.910 0.591 4047
0.908 0.577 4061
0.908 0.577 4075
0.908 0.588 4089
0.909 0.591 4103
0.909 0.591 4117
0.908 0.600 4131
0.907 0.600 4145
0.907 0.600 4159
0.910 0.615 4173
0.908 0.612 4187
0.910 0.615 4201
0.910 0.615 4215
0.908 0.623 4229
0.908 0.623 4243
0.908 0.623 4257
0.906 0.623 4271
0.907 0.635 4285
0.907 0.635 4299
0.910 0.638 4313
0.907 0.641 4327
0.907 0.647 4341
0.907 0.647 4355
0.909 0.644 4369
0.908 0.658 4383
0.908 0.658 4397
0.907 0.658 4411
0.908 0.658 4425
0.908 0.658 4439
0.908 0.670 4453
0.908 0.670 4467
0.908 0.670 4481
0.908 0.670 4495
0.910 0.685 4509
0.907 0.682 4523
0.907 0.682 4537
0.908 0.682 4551
0.910 0.690 4565
0.910 0.690 4579
0.910 0.696 4593
0.910 0.708 4607
0.908 0.705 4621
0.908 0.705 4635
0.908 0.705 4649
0.908 0.717 4663
0.908 0.717 4677
0.908 0.717 4691
0.907 0.717 4705
0.907 0.717 4719
0.911 0.720 4733
0.910 0.731 4747
0.910 0.731 4761
0.910 0.731 4775
0.907 0.740 4789
0.910 0.743 4803
0.910 0.743 4817
0.908 0.746 4831
0.907 0.752 4845
0.907 0.752 4859
0.908 0.752 4873
0.910 0.755 4887
0.907 0.763 4901
0.907 0.763 4915
0.910 0.778 4929
0.907 0.763 4943
0.907 0.763 4957
0.908 0.775 4971
0.908 0.781 4985
0.908 0.781 4999
0.908 0.778 5013
0.908 0.787 5027
0.910 0.801 5041
0.910 0.801 5055
0.908 0.798 5069
0.910 0.801 5083
0.910 0.801 5097
0.907 0.810 5111
0.907 0.810 5125
0.907 0.810 5139
0.908 0.810 5153
0.908 0.810 5167
0.907 0.822 5181
0.907 0.822 5195
0.907 0.822 5209
0.910 0.830 5223
0.910 0.830 5237
0.908 0.839 5251
0.910 0.848 5265
0.910 0.848 5279
0.908 0.845 5293
0.907 0.845 5307
0.908 0.857 5321
0.908 0.857 5335
0.908 0.857 5349
0.908 0.857 5363
0.908 0.857 5377
0.907 0.857 5391
0.907 0.868 5405
0.907 0.868 5419
0.911 0.871 5433
0.907 0.880 5447
0.910 0.883 5461
0.910 0.883 5475
0.908 0.886 5489
0.908 0.892 5503
0.908 0.892 5517
0.908 0.892 5531
0.908 0.903 5545
0.908 0.903 5559
0.907 0.903 5573
0.910 0.900 5587
0.910 0.918 5601
0.910 0.918 5615
0.908 0.915 5629
0.908 0.915 5643
0.908 0.915 5657
0.907 0.927 5671
0.908 0.927 5685
0.908 0.927 5699
0.908 0.938 5713
0.908 0.938 5727
0.908 0.938 5741
0.908 0.938 5755
0.907 0.944 5769
0.908 0.950 5783
0.908 0.950 5797
0.907 0.950 5811
0.910 0.965 5825
0.910 0.965 5839
0.909 0.965 5853
0.910 0.965 5867
0.908 0.973 5881
0.908 0.973 5895
0.908 0.973 5909
0.908 0.979 5923
0.908 0.979 5937
0.907 0.985 5951
0.908 0.985 5965
0.908 0.985 5979
0.910 0.994 5993
0.908 0.997 6007
0.908 0.997 6021
0.908 0.997 6035
0.908 0.997 6049
0.907 1.008 6063
0.907 1.008 6077
0.907 1.020 6091
0.910 1.017 6105
0.910 1.017 6119
0.908 1.020 6133
0.910 1.035 6147
0.910 1.035 6161
0.910 1.035 6175
0.909 1.035 6189
0.910 1.035 6203
0.910 1.035 6217
0.907 1.043 6231
0.908 1.043 6245
0.908 1.043 6259
0.908 1.043 6273
0.908 1.055 6287
0.910 1.058 6301
0.910 1.058 6315
0.909 1.058 6329
0.908 1.067 6343
0.908 1.067 6357
0.908 1.067 6371
0.909 1.081 6385
0.909 1.081 6399
0.910 1.081 6413
0.908 1.090 6427
0.908 1.090 6441
0.908 1.090 6455
0.908 1.090 6469
0.908 1.102 6483
0.908 1.102 6497
0.906 1.102 6511
0.908 1.113 6525
0.908 1.113 6539
0.910 1.116 6553
0.907 1.113 6567
0.908 1.125 6581
0.908 1.125 6595
0.909 1.128 6609
0.908 1.131 6623
0.908 1.131 6637
0.908 1.137 6651
0.908 1.137 6665
0.908 1.137 6679
0.908 1.137 6693
0.910 1.151 6707
0.907 1.148 6721
0.907 1.148 6735
0.908 1.160 6749
0.907 1.160 6763
0.907 1.160 6777
0.908 1.172 6791
0.910 1.175 6805
0.910 1.175 6819
0.910 1.175 6833
0.908 1.178 6847
0.908 1.178 6861
0.908 1.178 6875
0.907 1.183 6889
0.908 1.183 6903
0.908 1.183 6917
0.908 1.183 6931
0.907 1.195 6945
0.907 1.195 6959
0.910 1.204 6973
0.908 1.207 6987
0.908 1.213 7001
0.908 1.213 7015
0.907 1.218 7029
0.908 1.218 7043
0.908 1.218 7057
0.908 1.218 7071
0.908 1.230 7085
0.908 1.230 7099
0.910 1.227 7113
0.908 1.230 7127
0.908 1.230 7141
0.908 1.230 7155
0.908 1.242 7169
0.908 1.242 7183
0.908 1.242 7197
0.908 1.253 7211
0.908 1.253 7225
0.908 1.253 7239
0.907 1.265 7253
0.910 1.268 7267
0.907 1.265 7281
0.907 1.265 7295
0.908 1.277 7309
0.910 1.280 7323
0.910 1.280 7337
0.908 1.277 7351
0.910 1.291 7365
0.910 1.291 7379
0.908 1.288 7393
0.908 1.300 7407
0.908 1.300 7421
0.908 1.300 7435
0.908 1.300 7449
0.910 1.300 7463
0.910 1.300 7477
0.907 1.312 7491
0.908 1.312 7505
0.908 1.312 7519
0.910 1.320 7533
0.910 1.326 7547
0.908 1.323 7561
0.908 1.323 7575
0.908 1.335 7589
0.908 1.335 7603
0.908 1.335 7617
0.908 1.347 7631
0.908 1.347 7645
0.908 1.347 7659
0.910 1.350 7673
0.908 1.358 7687
0.908 1.358 7701
0.908 1.358 7715
0.907 1.358 7729
0.908 1.364 7743
0.908 1.364 7757
0.907 1.370 7771
0.908 1.370 7785
0.908 1.370 7799
0.909 1.370 7813
0.908 1.388 7827
0.908 1.393 7841
0.908 1.393 7855
0.908 1.393 7869
0.908 1.399 7883
0.908 1.399 7897
0.908 1.393 7911
0.908 1.405 7925
0.908 1.405 7939
0.910 1.408 7953
0.908 1.417 7967
0.908 1.417 7981
0.908 1.417 7995
0.908 1.417 8009
0.907 1.417 8023
0.907 1.417 8037
0.908 1.440 8051
0.910 1.431 8065
0.910 1.431 8079
0.908 1.440 8093
0.907 1.440 8107
0.910 1.455 8121
0.910 1.455 8135
0.910 1.455 8149
0.908 1.463 8163
0.908 1.463 8177
0.908 1.463 8191
0.906 1.463 8205
0.906 1.463 8219
0.910 1.478 8233
0.908 1.463 8247
0.908 1.475 8261
0.908 1.475 8275
0.907 1.487 8289
0.910 1.490 8303
0.910 1.490 8317
0.908 1.493 8331
0.908 1.498 8345
0.908 1.498 8359
0.912 1.493 8373
0.908 1.510 8387
0.910 1.507 8401
0.910 1.507 8415
0.908 1.510 8429
0.908 1.510 8443
0.908 1.510 8457
0.908 1.522 8471
0.910 1.525 8485
0.910 1.525 8499
0.911 1.525 8513
0.910 1.536 8527
0.910 1.536 8541
0.910 1.536 8555
0.908 1.545 8569
0.908 1.545 8583
0.908 1.545 8597
0.908 1.557 8611
0.910 1.548 8625
0.910 1.548 8639
0.908 1.557 8653
0.910 1.571 8667
0.908 1.568 8681
0.908 1.568 8695
0.910 1.571 8709
0.908 1.580 8723
0.908 1.580 8737
0.909 1.577 8751
0.908 1.586 8765
0.908 1.586 8779
0.907 1.580 8793
0.908 1.592 8807
0.908 1.603 8821
0.908 1.603 8835
0.908 1.603 8849
0.908 1.603 8863
0.908 1.603 8877
0.907 1.603 8891
0.908 1.603 8905
0.908 1.603 8919
0.908 1.615 8933
0.908 1.627 8947
0.908 1.627 8961
0.908 1.627 8975
0.910 1.630 8989
0.908 1.638 9003
0.908 1.638 9017
0.907 1.638 9031
0.907 1.638 9045
0.907 1.638 9059
0.910 1.641 9073
0.910 1.647 9087
0.908 1.650 9101
0.908 1.650 9115
0.907 1.650 9129
0.910 1.665 9143
0.910 1.665 9157
0.908 1.673 9171
0.908 1.673 9185
0.908 1.673 9199
0.908 1.673 9213
0.908 1.685 9227
0.910 1.688 9241
0.910 1.688 9255
0.908 1.685 9269
0.908 1.697 9283
0.908 1.697 9297
0.908 1.697 9311
0.910 1.711 9325
0.910 1.711 9339
0.908 1.708 9353
0.908 1.708 9367
0.908 1.714 9381
0.908 1.714 9395
0.910 1.723 9409
0.908 1.720 9423
0.908 1.720 9437
0.908 1.720 9451
0.908 1.732 9465
0.908 1.732 9479
0.910 1.735 9493
0.908 1.743 9507
0.908 1.743 9521
0.908 1.743 9535
0.908 1.743 9549
0.908 1.743 9563
0.908 1.743 9577
0.908 1.755 9591
0.907 1.755 9605
0.907 1.755 9619
0.910 1.764 9633
0.908 1.773 9647
0.908 1.778 9661
0.908 1.778 9675
0.908 1.778 9689
0.908 1.778 9703
0.908 1.778 9717
0.908 1.790 9731
0.908 1.790 9745
0.908 1.790 9759
0.908 1.790 9773
0.908 1.790 9787
0.908 1.802 9801
0.908 1.802 9815
0.907 1.802 9829
0.908 1.813 9843
0.908 1.813 9857
0.908 1.813 9871
0.910 1.816 9885
0.910 1.816 9899
0.910 1.828 9913
0.910 1.828 9927
0.908 1.837 9941
0.908 1.837 9955
0.908 1.837 9969
0.908 1.837 9983
0.908 1.837 9997
0.910 1.851 10011
0.908 1.848 10025
0.908 1.848 10039
0.910 1.851 10053
0.908 1.860 10067
0.908 1.860 10081
0.908 1.860 10095
0.908 1.860 10109
0.908 1.872 10123
0.908 1.872 10137
0.908 1.872 10151
0.908 1.883 10165
0.908 1.883 10179
0.910 1.880 10193
0.910 1.898 10207
0.908 1.883 10221
0.908 1.883 10235
0.908 1.895 10249
0.908 1.895 10263
0.908 1.895 10277
0.908 1.895 10291
0.908 1.907 10305
0.908 1.907 10319
0.907 1.907 10333
0.910 1.921 10347
0.910 1.921 10361
0.910 1.921 10375
0.908 1.930 10389
0.908 1.930 10403
0.908 1.930 10417
0.908 1.930 10431
0.908 1.930 10445
0.908 1.930 10459
0.908 1.930 10473
0.908 1.953 10487
0.908 1.953 10501
0.908 1.953 10515
0.908 1.959 10529
0.910 1.968 10543
0.910 1.968 10557
0.909 1.968 10571
0.908 1.965 10585
0.908 1.965 10599
0.908 1.977 10613
0.908 1.977 10627
0.908 1.977 10641
0.908 1.977 10655
0.909 1.991 10669
0.908 1.988 10683
0.908 1.988 10697
0.908 1.988 10711
0.907 2.000 10725
0.907 2.000 10739
0.910 2.003 10753
0.908 2.000 10767
0.908 2.012 10781
0.908 2.012 10795
0.908 2.012 10809
0.908 2.023 10823
0.908 2.023 10837
0.907 2.023 10851
0.908 2.023 10865
0.908 2.023 10879
0.908 2.020 10893
0.908 2.023 10907
0.910 2.038 10921
0.910 2.038 10935
0.908 2.047 10949
0.908 2.047 10963
0.908 2.047 10977
0.908 2.047 10991
0.908 2.058 11005
0.908 2.058 11019
0.908 2.058 11033
0.910 2.061 11047
0.910 2.067 11061
0.910 2.067 11075
0.908 2.070 11089
0.908 2.070 11103
0.908 2.070 11117
0.910 2.085 11131
0.910 2.085 11145
0.910 2.085 11159
0.910 2.085 11173
0.908 2.093 11187
0.908 2.093 11201
0.908 2.093 11215
0.908 2.105 11229
0.908 2.105 11243
0.908 2.105 11257
0.906 2.105 11271
0.908 2.117 11285
0.908 2.117 11299
0.910 2.131 11313
0.908 2.117 11327
0.910 2.131 11341
0.910 2.131 11355
0.908 2.128 11369
0.908 2.140 11383
0.908 2.140 11397
0.908 2.140 11411
0.908 2.146 11425
0.908 2.146 11439
0.910 2.155 11453
0.908 2.152 11467
0.910 2.155 11481
0.910 2.155 11495
0.910 2.155 11509
0.908 2.163 11523
0.908 2.163 11537
0.908 2.163 11551
0.908 2.163 11565
0.908 2.163 11579
0.910 2.178 11593
0.908 2.175 11607
0.910 2.178 11621
0.910 2.178 11635
0.908 2.187 11649
0.908 2.187 11663
0.908 2.187 11677
0.908 2.198 11691
0.908 2.198 11705
0.908 2.198 11719
0.910 2.201 11733
0.908 2.210 11747
0.907 2.210 11761
0.907 2.210 11775
0.908 2.210 11789
0.910 2.225 11803
0.910 2.225 11817
0.908 2.233 11831
0.908 2.233 11845
0.908 2.233 11859
0.908 2.233 11873
0.910 2.248 11887
0.908 2.245 11901
0.908 2.245 11915
0.908 2.245 11929
0.908 2.257 11943
0.908 2.257 11957
0.908 2.257 11971
0.908 2.257 11985
0.908 2.257 11999
0.908 2.257 12013
0.908 2.257 12027
0.908 2.268 12041
0.908 2.268 12055
0.908 2.280 12069
0.908 2.280 12083
0.908 2.280 12097
0.908 2.280 12111
0.908 2.292 12125
0.908 2.292 12139
0.910 2.295 12153
0.907 2.292 12167
0.908 2.303 12181
0.908 2.303 12195
0.908 2.303 12209
0.908 2.303 12223
0.908 2.303 12237
0.910 2.318 12251
0.908 2.315 12265
0.908 2.315 12279
0.908 2.315 12293
0.908 2.327 12307
0.910 2.341 12321
0.910 2.341 12335
0.910 2.341 12349
0.908 2.338 12363
0.908 2.338 12377
0.908 2.338 12391
0.910 2.347 12405
0.910 2.347 12419
0.910 2.347 12433
0.908 2.350 12447
0.910 2.365 12461
0.910 2.365 12475
0.908 2.362 12489
0.908 2.362 12503
0.908 2.362 12517
0.910 2.370 12531
0.908 2.373 12545
0.908 2.373 12559
0.910 2.388 12573
0.908 2.385 12587
0.908 2.385 12601
0.908 2.385 12615
0.910 2.388 12629
0.908 2.397 12643
0.908 2.397 12657
0.908 2.397 12671
0.908 2.397 12685
0.908 2.397 12699
0.910 2.411 12713
0.908 2.408 12727
0.908 2.420 12741
0.908 2.420 12755
0.908 2.420 12769
0.908 2.432 12783
0.908 2.432 12797
0.908 2.426 12811
0.907 2.432 12825
0.907 2.432 12839
0.910 2.435 12853
0.908 2.443 12867
0.908 2.443 12881
0.908 2.443 12895
0.908 2.443 12909
0.908 2.443 12923
0.908 2.443 12937
0.908 2.458 12951
0.910 2.458 12965
0.910 2.458 12979
0.908 2.467 12993
0.908 2.467 13007
0.908 2.467 13021
0.908 2.467 13035
0.908 2.478 13049
0.908 2.490 13063
0.908 2.490 13077
0.909 2.481 13091
0.908 2.490 13105
0.908 2.490 13119
0.908 2.490 13133
0.908 2.490 13147
0.908 2.502 13161
0.908 2.502 13175
0.911 2.510 13189
0.913 2.528 13203
0.913 2.528 13217
0.910 2.525 13231
0.911 2.528 13245
0.911 2.528 13259
0.909 2.525 13273
0.908 2.537 13287
0.907 2.537 13301
0.907 2.537 13315
0.906 2.525 13329
0.906 2.537 13343
0.906 2.537 13357
0.906 2.537 13371
0.906 2.537 13385
0.906 2.537 13399
0.910 2.551 13413
0.908 2.548 13427
0.908 2.554 13441
0.908 2.554 13455
0.910 2.575 13469
0.908 2.560 13483
0.908 2.560 13497
0.906 2.560 13511
0.907 2.572 13525
0.907 2.572 13539
0.910 2.575 13553
0.907 2.583 13567
0.908 2.583 13581
0.908 2.583 13595
0.908 2.583 13609
0.909 2.607 13623
0.909 2.607 13637
0.909 2.607 13651
0.914 2.621 13665
0.914 2.621 13679
0.910 2.610 13693
0.910 2.630 13707
0.911 2.645 13721
0.911 2.645 13735
0.908 2.630 13749
0.910 2.645 13763
0.910 2.645 13777
0.908 2.630 13791
0.908 2.630 13805
0.908 2.630 13819
0.908 2.630 13833
0.908 2.642 13847
0.908 2.653 13861
0.908 2.653 13875
0.908 2.653 13889
0.908 2.653 13903
0.908 2.653 13917
0.908 2.653 13931
0.910 2.668 13945
0.910 2.668 13959
0.911 2.668 13973
0.908 2.677 13987
0.908 2.677 14001
0.908 2.677 14015
0.908 2.677 14029
0.908 2.677 14043
0.908 2.677 14057
0.908 2.677 14071
0.908 2.688 14085
0.908 2.688 14099
0.910 2.691 14113
0.908 2.700 14127
0.910 2.712 14141
0.910 2.712 14155
0.908 2.712 14169
0.908 2.712 14183
0.908 2.712 14197
0.908 2.723 14211
0.910 2.715 14225
0.910 2.715 14239
0.908 2.723 14253
0.908 2.723 14267
0.910 2.738 14281
0.910 2.738 14295
0.906 2.723 14309
0.907 2.723 14323
0.907 2.723 14337
0.908 2.738 14351
0.910 2.761 14365
0.910 2.761 14379
0.910 2.761 14393
0.910 2.761 14407
0.908 2.758 14421
0.908 2.758 14435
0.907 2.770 14449
0.908 2.770 14463
0.908 2.770 14477
0.910 2.785 14491
0.908 2.770 14505
0.908 2.770 14519
0.911 2.785 14533
0.908 2.793 14547
0.908 2.793 14561
0.908 2.793 14575
0.908 2.793 14589
0.910 2.817 14603
0.910 2.817 14617
0.913 2.831 14631
0.908 2.805 14645
0.908 2.805 14659
0.910 2.808 14673
0.908 2.817 14687
0.908 2.817 14701
0.908 2.817 14715
0.908 2.817 14729
0.908 2.828 14743
0.908 2.828 14757
0.908 2.840 14771
0.910 2.831 14785
0.910 2.831 14799
0.908 2.840 14813
0.908 2.840 14827
0.910 2.855 14841
0.910 2.855 14855
0.908 2.852 14869
0.908 2.863 14883
0.908 2.863 14897
0.908 2.863 14911
0.910 2.878 14925
0.910 2.878 14939
0.910 2.878 14953
0.910 2.878 14967
0.908 2.875 14981
0.908 2.875 14995
0.910 2.878 15009
0.908 2.887 15023
0.908 2.887 15037
0.908 2.887 15051
0.910 2.901 15065
0.910 2.901 15079
0.911 2.901 15093
0.908 2.898 15107
0.910 2.901 15121
0.910 2.901 15135
0.908 2.910 15149
0.908 2.910 15163
0.908 2.910 15177
0.908 2.910 15191
0.908 2.922 15205
0.908 2.922 15219
0.910 2.925 15233
0.908 2.933 15247
0.908 2.933 15261
0.908 2.933 15275
0.908 2.933 15289
0.908 2.945 15303
0.908 2.945 15317
0.908 2.945 15331
0.908 2.957 15345
0.908 2.957 15359
0.911 2.954 15373
0.908 2.957 15387
0.908 2.957 15401
0.908 2.957 15415
0.907 2.957 15429
0.908 2.968 15443
0.908 2.968 15457
0.908 2.971 15471
0.907 2.980 15485
0.907 2.980 15499
0.910 2.995 15513
0.908 2.992 15527
0.908 2.992 15541
0.908 2.992 15555
0.908 2.992 15569
0.908 3.003 15583
0.908 3.003 15597
0.908 3.003 15611
0.908 3.003 15625
0.908 3.003 15639
0.908 3.015 15653
0.910 3.018 15667
0.910 3.018 15681
0.910 3.018 15695
0.908 3.027 15709
0.908 3.027 15723
0.908 3.027 15737
0.908 3.038 15751
0.908 3.038 15765
0.908 3.038 15779
0.910 3.041 15793
0.908 3.050 15807
0.908 3.050 15821
0.908 3.050 15835
0.908 3.050 15849
0.908 3.050 15863
0.908 3.050 15877
0.908 3.062 15891
0.908 3.062 15905
0.908 3.062 15919
0.908 3.073 15933
0.908 3.073 15947
0.908 3.073 15961
0.908 3.073 15975
0.908 3.085 15989
0.910 3.088 16003
0.910 3.088 16017
0.908 3.097 16031
0.908 3.097 16045
0.908 3.097 16059
0.908 3.097 16073
0.908 3.097 16087
0.910 3.111 16101
0.910 3.111 16115
0.908 3.108 16129
0.908 3.120 16143
0.908 3.120 16157
0.910 3.123 16171
0.908 3.120 16185
0.908 3.120 16199
0.912 3.120 16213
0.908 3.132 16227
0.910 3.135 16241
0.910 3.135 16255
0.908 3.143 16269
0.910 3.140 16283
0.910 3.140 16297
0.908 3.143 16311
0.908 3.143 16325
0.908 3.143 16339
0.912 3.149 16353
0.908 3.155 16367
0.910 3.164 16381
0.910 3.164 16395
0.908 3.167 16409
0.908 3.173 16423
0.908 3.173 16437
0.908 3.161 16451
0.910 3.181 16465
0.910 3.181 16479
0.908 3.190 16493
0.908 3.190 16507
0.908 3.190 16521
