  
-0.006 0.457 57
0.906 0.157 71
0.906 0.110 85
0.906 0.110 99
0.910 0.084 113
0.906 0.063 127
0.906 0.063 141
0.906 0.063 155
0.908 0.055 169
0.904 0.040 183
0.904 0.040 197
0.904 0.040 211
0.904 0.028 225
0.904 0.028 239
0.906 0.014 253
0.915 0.031 267
0.919 0.040 281
0.919 0.040 295
0.927 0.052 309
0.936 0.063 323
0.936 0.063 337
0.947 0.087 351
0.956 0.098 365
0.956 0.098 379
0.966 0.122 393
0.974 0.145 407
0.982 0.171 421
0.982 0.171 435
0.990 0.192 449
-0.865 0.203 463
-0.865 0.203 477
-0.937 0.203 491
-0.934 0.203 505
-0.934 0.203 519
-0.934 0.203 533
-0.933 0.200 547
-0.905 0.203 561
-0.905 0.203 575
-0.847 0.180 589
-0.776 0.192 603
-0.776 0.192 617
-0.699 0.174 631
-0.659 0.195 645
-0.659 0.195 659
-0.592 0.180 673
-0.536 0.186 687
-0.490 0.180 701
-0.490 0.180 715
-0.433 0.177 729
-0.397 0.180 743
-0.397 0.180 757
-0.352 0.163 771
-0.290 0.157 785
-0.290 0.157 799
-0.266 0.177 813
-0.209 0.180 827
-0.167 0.174 841
-0.167 0.174 855
-0.138 0.174 869
-0.099 0.168 883
-0.099 0.168 897
-0.047 0.154 911
-0.033 0.171 925
-0.033 0.171 939
0.014 0.157 953
0.043 0.168 967
0.070 0.157 981
0.070 0.157 995
0.103 0.168 1009
0.119 0.157 1023
0.119 0.157 1037
0.155 0.180 1051
0.200 0.168 1065
0.200 0.168 1079
0.215 0.192 1093
0.242 0.186 1107
0.271 0.180 1121
0.271 0.180 1135
0.281 0.186 1149
0.321 0.192 1163
0.321 0.192 1177
0.338 0.192 1191
0.354 0.192 1205
0.354 0.192 1219
0.377 0.195 1233
0.384 0.192 1247
0.406 0.198 1261
0.406 0.198 1275
0.441 0.203 1289
0.431 0.203 1303
0.431 0.203 1317
0.466 0.203 1331
0.483 0.203 1345
0.483 0.203 1359
0.487 0.218 1373
0.506 0.218 1387
0.534 0.221 1401
0.534 0.221 1415
0.523 0.227 1429
0.555 0.230 1443
0.555 0.230 1457
0.545 0.227 1471
0.570 0.227 1485
0.570 0.227 1499
0.587 0.241 1513
0.584 0.238 1527
0.597 0.244 1541
0.597 0.244 1555
0.618 0.247 1569
0.601 0.250 1583
0.601 0.250 1597
0.629 0.250 1611
0.642 0.250 1625
0.642 0.250 1639
0.638 0.250 1653
0.651 0.273 1667
0.669 0.270 1681
0.669 0.270 1695
0.659 0.268 1709
0.686 0.285 1723
0.686 0.285 1737
0.666 0.279 1751
0.693 0.285 1765
0.693 0.285 1779
0.703 0.297 1793
0.699 0.288 1807
0.707 0.300 1821
0.707 0.300 1835
0.731 0.297 1849
0.710 0.297 1863
0.710 0.297 1877
0.733 0.311 1891
0.740 0.314 1905
0.740 0.314 1919
0.737 0.320 1933
0.745 0.335 1947
0.739 0.335 1961
0.739 0.335 1975
0.759 0.320 1989
0.769 0.343 2003
0.769 0.343 2017
0.759 0.343 2031
0.766 0.343 2045
0.766 0.343 2059
0.774 0.343 2073
0.766 0.343 2087
0.789 0.355 2101
0.789 0.355 2115
0.796 0.358 2129
0.788 0.367 2143
0.788 0.367 2157
0.795 0.367 2171
0.792 0.373 2185
0.792 0.373 2199
0.792 0.378 2213
0.815 0.381 2227
0.790 0.378 2241
0.790 0.378 2255
0.811 0.390 2269
0.817 0.390 2283
0.817 0.390 2297
0.807 0.390 2311
0.813 0.390 2325
0.813 0.390 2339
0.833 0.402 2353
0.809 0.402 2367
0.830 0.405 2381
0.830 0.405 2395
0.827 0.413 2409
0.826 0.413 2423
0.826 0.413 2437
0.834 0.428 2451
0.822 0.413 2465
0.822 0.413 2479
0.828 0.428 2493
0.847 0.428 2507
0.822 0.431 2521
0.822 0.431 2535
0.843 0.434 2549
0.847 0.437 2563
0.847 0.437 2577
0.838 0.451 2591
0.841 0.437 2605
0.841 0.437 2619
0.860 0.451 2633
0.836 0.460 2647
0.856 0.460 2661
0.856 0.460 2675
0.847 0.466 2689
0.853 0.475 2703
0.853 0.475 2717
0.855 0.483 2731
0.846 0.475 2745
0.846 0.475 2759
0.850 0.486 2773
0.869 0.483 2787
0.860 0.510 2801
0.860 0.510 2815
0.864 0.498 2829
0.866 0.507 2843
0.866 0.507 2857
0.855 0.501 2871
0.861 0.507 2885
0.861 0.507 2899
0.869 0.518 2913
0.869 0.518 2927
0.872 0.518 2941
0.872 0.518 2955
0.861 0.524 2969
0.866 0.530 2983
0.866 0.530 2997
0.870 0.530 3011
0.860 0.545 3025
0.860 0.545 3039
0.879 0.542 3053
0.883 0.548 3067
0.871 0.553 3081
0.871 0.553 3095
0.875 0.553 3109
0.877 0.553 3123
0.877 0.553 3137
0.869 0.565 3151
0.889 0.568 3165
0.889 0.568 3179
0.863 0.571 3193
0.880 0.571 3207
0.885 0.577 3221
0.885 0.577 3235
0.873 0.580 3249
0.877 0.577 3263
0.877 0.577 3277
0.897 0.588 3291
0.870 0.591 3305
0.870 0.591 3319
0.889 0.600 3333
0.892 0.606 3347
0.881 0.606 3361
0.881 0.606 3375
0.887 0.612 3389
0.880 0.612 3403
0.880 0.612 3417
0.872 0.618 3431
0.891 0.620 3445
0.891 0.620 3459
0.864 0.623 3473
0.883 0.623 3487
0.888 0.623 3501
0.888 0.623 3515
0.877 0.635 3529
0.881 0.638 3543
0.881 0.638 3557
0.898 0.647 3571
0.873 0.647 3585
0.873 0.647 3599
0.892 0.661 3613
0.890 0.655 3627
0.883 0.658 3641
0.883 0.658 3655
0.888 0.658 3669
0.878 0.670 3683
0.878 0.670 3697
0.881 0.670 3711
0.900 0.670 3725
0.900 0.670 3739
0.888 0.682 3753
0.892 0.682 3767
0.895 0.688 3781
0.895 0.688 3795
0.883 0.688 3809
0.889 0.693 3823
0.889 0.693 3837
0.906 0.708 3851
0.896 0.708 3865
0.896 0.708 3879
0.898 0.705 3893
0.889 0.711 3907
0.892 0.714 3921
0.892 0.714 3935
0.894 0.717 3949
0.883 0.717 3963
0.883 0.717 3977
0.900 0.728 3991
0.906 0.734 4005
0.906 0.734 4019
0.896 0.731 4033
0.898 0.740 4047
0.902 0.746 4061
0.902 0.746 4075
0.891 0.746 4089
0.909 0.752 4103
0.909 0.752 4117
0.902 0.758 4131
0.900 0.763 4145
0.900 0.763 4159
0.906 0.763 4173
0.893 0.763 4187
0.897 0.763 4201
0.897 0.763 4215
0.915 0.775 4229
0.889 0.775 4243
0.889 0.775 4257
0.908 0.787 4271
0.911 0.787 4285
0.911 0.787 4299
0.900 0.787 4313
0.905 0.801 4327
0.917 0.798 4341
0.917 0.798 4355
0.897 0.801 4369
0.914 0.810 4383
0.914 0.810 4397
0.888 0.810 4411
0.908 0.825 4425
0.908 0.825 4439
0.910 0.825 4453
0.898 0.822 4467
0.902 0.822 4481
0.902 0.822 4495
0.922 0.833 4509
0.895 0.833 4523
0.895 0.833 4537
0.913 0.839 4551
0.915 0.839 4565
0.915 0.839 4579
0.905 0.845 4593
0.908 0.848 4607
0.910 0.851 4621
0.910 0.851 4635
0.900 0.857 4649
0.920 0.857 4663
0.920 0.857 4677
0.908 0.857 4691
0.914 0.880 4705
0.914 0.880 4719
0.917 0.880 4733
0.905 0.892 4747
0.908 0.892 4761
0.908 0.892 4775
0.925 0.892 4789
0.914 0.895 4803
0.914 0.895 4817
0.916 0.898 4831
0.914 0.892 4845
0.914 0.892 4859
0.908 0.895 4873
0.913 0.895 4887
0.902 0.895 4901
0.902 0.895 4915
0.919 0.903 4929
0.923 0.903 4943
0.923 0.903 4957
0.910 0.915 4971
0.914 0.903 4985
0.914 0.903 4999
0.931 0.915 5013
0.904 0.915 5027
0.923 0.927 5041
0.923 0.927 5055
0.926 0.938 5069
0.917 0.950 5083
0.917 0.950 5097
0.921 0.950 5111
0.917 0.962 5125
0.917 0.962 5139
0.917 0.973 5153
0.932 0.950 5167
0.911 0.997 5181
0.911 0.997 5195
0.929 0.997 5209
0.932 1.008 5223
0.932 1.008 5237
0.917 1.011 5251
0.916 0.997 5265
0.916 0.997 5279
0.933 0.997 5293
0.909 0.988 5307
0.927 0.997 5321
0.927 0.997 5335
0.919 0.997 5349
0.919 0.997 5363
0.919 0.997 5377
0.923 0.997 5391
0.915 1.011 5405
0.915 1.011 5419
0.914 0.997 5433
0.934 1.020 5447
0.908 1.020 5461
0.908 1.020 5475
0.926 1.026 5489
0.928 1.032 5503
0.928 1.032 5517
0.919 1.032 5531
0.922 1.032 5545
0.922 1.032 5559
0.939 1.046 5573
0.914 1.043 5587
0.934 1.058 5601
0.934 1.058 5615
0.922 1.043 5629
0.925 1.058 5643
0.925 1.058 5657
0.928 1.067 5671
0.917 1.067 5685
0.917 1.067 5699
0.919 1.070 5713
0.938 1.067 5727
0.926 1.078 5741
0.926 1.078 5755
0.931 1.081 5769
0.932 1.084 5783
0.932 1.084 5797
0.923 1.090 5811
0.942 1.093 5825
0.942 1.093 5839
0.928 1.105 5853
0.934 1.090 5867
0.940 1.105 5881
0.940 1.105 5895
0.926 1.113 5909
0.931 1.113 5923
0.931 1.113 5937
0.947 1.113 5951
0.922 1.128 5965
0.922 1.128 5979
0.938 1.125 5993
0.943 1.131 6007
0.932 1.137 6021
0.932 1.137 6035
0.936 1.137 6049
0.947 1.137 6063
0.947 1.137 6077
0.928 1.137 6091
0.947 1.151 6105
0.947 1.151 6119
0.922 1.148 6133
0.938 1.160 6147
0.943 1.160 6161
0.943 1.160 6175
0.932 1.163 6189
0.936 1.175 6203
0.936 1.175 6217
0.953 1.183 6231
0.927 1.175 6245
0.927 1.175 6259
0.946 1.186 6273
0.947 1.183 6287
0.939 1.198 6301
0.939 1.198 6315
0.941 1.195 6329
0.934 1.207 6343
0.934 1.207 6357
0.932 1.198 6371
0.951 1.207 6385
0.951 1.207 6399
0.925 1.204 6413
0.944 1.218 6427
0.947 1.218 6441
0.947 1.218 6455
0.936 1.224 6469
0.938 1.218 6483
0.938 1.218 6497
0.956 1.230 6511
0.944 1.230 6525
0.944 1.230 6539
0.951 1.245 6553
0.947 1.242 6567
0.942 1.242 6581
0.942 1.242 6595
0.946 1.253 6609
0.934 1.253 6623
0.934 1.253 6637
0.953 1.256 6651
0.957 1.268 6665
0.957 1.268 6679
0.944 1.265 6693
0.948 1.277 6707
0.951 1.277 6721
0.951 1.277 6735
0.938 1.277 6749
0.958 1.277 6763
0.958 1.277 6777
0.958 1.288 6791
0.951 1.288 6805
0.951 1.288 6819
0.956 1.300 6833
0.943 1.300 6847
0.947 1.300 6861
0.947 1.300 6875
0.965 1.300 6889
0.938 1.312 6903
0.938 1.312 6917
0.957 1.318 6931
0.961 1.323 6945
0.961 1.323 6959
0.951 1.323 6973
0.954 1.323 6987
0.970 1.323 7001
0.970 1.323 7015
0.945 1.323 7029
0.964 1.341 7043
0.964 1.341 7057
0.948 1.344 7071
0.951 1.350 7085
0.951 1.350 7099
0.953 1.347 7113
0.942 1.358 7127
0.945 1.364 7141
0.945 1.364 7155
0.965 1.364 7169
0.938 1.370 7183
0.938 1.370 7197
0.957 1.367 7211
0.961 1.370 7225
0.961 1.370 7239
0.951 1.382 7253
0.956 1.385 7267
0.966 1.388 7281
0.966 1.388 7295
0.947 1.393 7309
0.965 1.393 7323
0.965 1.393 7337
0.953 1.393 7351
0.957 1.405 7365
0.957 1.405 7379
0.961 1.408 7393
0.953 1.414 7407
0.955 1.414 7421
0.955 1.414 7435
0.971 1.417 7449
0.962 1.431 7463
0.962 1.431 7477
0.965 1.417 7491
0.968 1.428 7505
0.968 1.428 7519
0.961 1.437 7533
0.961 1.443 7547
0.956 1.452 7561
0.956 1.452 7575
0.966 1.452 7589
0.974 1.455 7603
0.974 1.455 7617
0.961 1.463 7631
0.964 1.463 7645
0.964 1.463 7659
0.973 1.466 7673
0.957 1.463 7687
0.975 1.475 7701
0.975 1.475 7715
0.978 1.481 7729
0.968 1.487 7743
0.968 1.487 7757
0.972 1.484 7771
0.968 1.487 7785
0.968 1.487 7799
0.964 1.498 7813
0.982 1.498 7827
0.956 1.498 7841
0.956 1.498 7855
0.976 1.501 7869
0.978 1.510 7883
0.978 1.510 7897
0.966 1.510 7911
0.972 1.510 7925
0.972 1.510 7939
0.989 1.525 7953
0.964 1.528 7967
0.982 1.528 7981
0.982 1.528 7995
0.982 1.533 8009
0.974 1.533 8023
0.974 1.533 8037
0.977 1.545 8051
0.968 1.545 8065
0.968 1.545 8079
0.970 1.551 8093
0.990 1.557 8107
0.963 1.557 8121
0.963 1.557 8135
0.981 1.557 8149
0.984 1.557 8163
0.984 1.557 8177
0.975 1.574 8191
0.978 1.580 8205
0.978 1.580 8219
0.993 1.580 8233
0.970 1.595 8247
0.990 1.592 8261
0.990 1.592 8275
0.983 1.592 8289
0.981 1.595 8303
0.981 1.595 8317
0.984 1.603 8331
0.974 1.600 8345
0.974 1.600 8359
0.976 1.600 8373
0.993 1.603 8387
0.982 1.603 8401
0.982 1.603 8415
0.988 1.621 8429
0.990 1.627 8443
0.990 1.627 8457
0.980 1.627 8471
0.983 1.638 8485
0.983 1.638 8499
0.995 1.644 8513
0.991 1.650 8527
0.995 1.665 8541
0.995 1.665 8555
0.983 1.647 8569
0.989 1.665 8583
0.989 1.665 8597
0.990 1.650 8611
0.980 1.662 8625
0.980 1.662 8639
0.996 1.662 8653
1.001 1.662 8667
0.989 1.665 8681
0.989 1.665 8695
0.993 1.673 8709
0.996 1.685 8723
0.996 1.685 8737
0.987 1.670 8751
1.004 1.685 8765
1.004 1.685 8779
0.984 1.688 8793
0.996 1.697 8807
1.001 1.711 8821
1.001 1.711 8835
0.991 1.711 8849
0.993 1.708 8863
0.993 1.708 8877
1.010 1.720 8891
0.984 1.708 8905
0.984 1.708 8919
0.995 1.720 8933
0.996 1.720 8947
0.990 1.732 8961
0.990 1.732 8975
0.993 1.743 8989
1.001 1.743 9003
1.001 1.743 9017
0.987 1.743 9031
1.006 1.767 9045
1.006 1.767 9059
0.982 1.773 9073
1.001 1.778 9087
1.004 1.778 9101
1.004 1.778 9115
0.990 1.767 9129
0.993 1.781 9143
0.993 1.781 9157
1.008 1.755 9171
0.981 1.755 9185
0.981 1.755 9199
0.999 1.746 9213
1.001 1.743 9227
0.996 1.755 9241
0.996 1.755 9255
0.998 1.767 9269
0.990 1.778 9283
0.990 1.778 9297
0.995 1.790 9311
1.015 1.805 9325
1.015 1.805 9339
1.002 1.813 9353
1.006 1.813 9367
1.008 1.825 9381
1.008 1.825 9395
0.998 1.825 9409
1.001 1.825 9423
1.001 1.825 9437
1.018 1.828 9451
1.008 1.837 9465
1.008 1.837 9479
1.013 1.837 9493
1.007 1.837 9507
1.006 1.848 9521
1.006 1.848 9535
1.025 1.851 9549
0.999 1.860 9563
0.999 1.860 9577
1.016 1.860 9591
1.019 1.866 9605
1.019 1.866 9619
1.008 1.872 9633
1.014 1.875 9647
1.031 1.875 9661
1.031 1.875 9675
1.006 1.883 9689
1.024 1.883 9703
1.024 1.883 9717
1.020 1.883 9731
1.016 1.895 9745
1.016 1.895 9759
1.020 1.901 9773
1.010 1.907 9787
1.013 1.907 9801
1.013 1.907 9815
1.032 1.907 9829
1.004 1.918 9843
1.004 1.918 9857
1.024 1.918 9871
1.027 1.930 9885
1.027 1.930 9899
1.017 1.930 9913
1.019 1.930 9927
1.034 1.930 9941
1.034 1.930 9955
1.013 1.945 9969
1.031 1.942 9983
1.031 1.942 9997
1.010 1.953 10011
1.024 1.953 10025
1.024 1.953 10039
1.029 1.950 10053
1.016 1.965 10067
1.018 1.965 10081
1.018 1.965 10095
1.037 1.968 10109
1.012 1.977 10123
1.012 1.977 10137
1.029 1.977 10151
1.032 1.977 10165
1.032 1.977 10179
1.024 1.977 10193
1.027 1.991 10207
1.034 1.988 10221
1.034 1.988 10235
1.019 2.000 10249
1.038 2.000 10263
1.038 2.000 10277
1.025 2.000 10291
1.029 2.012 10305
1.029 2.012 10319
1.031 2.012 10333
1.021 2.012 10347
1.041 2.020 10361
1.041 2.020 10375
1.042 2.023 10389
1.033 2.038 10403
1.033 2.038 10417
1.035 2.023 10431
1.037 2.035 10445
1.037 2.035 10459
1.029 2.047 10473
1.044 2.044 10487
1.022 2.047 10501
1.022 2.047 10515
1.039 2.058 10529
1.042 2.058 10543
1.042 2.058 10557
1.032 2.058 10571
1.036 2.061 10585
1.036 2.061 10599
1.044 2.070 10613
1.029 2.070 10627
1.042 2.070 10641
1.042 2.070 10655
1.042 2.082 10669
1.039 2.082 10683
1.039 2.082 10697
1.043 2.088 10711
1.043 2.093 10725
1.043 2.093 10739
1.028 2.105 10753
1.043 2.105 10767
1.022 2.105 10781
1.022 2.105 10795
1.039 2.117 10809
1.042 2.117 10823
1.042 2.117 10837
1.032 2.117 10851
1.036 2.117 10865
1.036 2.117 10879
1.044 2.131 10893
1.029 2.131 10907
1.044 2.140 10921
1.044 2.140 10935
1.042 2.140 10949
1.043 2.146 10963
1.043 2.146 10977
1.042 2.134 10991
1.033 2.155 11005
1.033 2.155 11019
1.038 2.163 11033
1.044 2.163 11047
1.044 2.178 11061
1.044 2.178 11075
1.043 2.163 11089
1.043 2.175 11103
1.043 2.175 11117
1.040 2.175 11131
1.044 2.178 11145
1.044 2.178 11159
1.043 2.187 11173
1.043 2.187 11187
1.044 2.201 11201
1.044 2.201 11215
1.044 2.201 11229
1.044 2.201 11243
1.044 2.201 11257
1.043 2.210 11271
1.042 2.207 11285
1.042 2.207 11299
1.043 2.210 11313
1.044 2.222 11327
1.044 2.225 11341
1.044 2.225 11355
1.043 2.233 11369
1.044 2.233 11383
1.044 2.233 11397
1.042 2.233 11411
1.044 2.245 11425
1.044 2.245 11439
1.042 2.245 11453
1.044 2.248 11467
1.043 2.245 11481
1.043 2.245 11495
1.044 2.257 11509
1.044 2.271 11523
1.044 2.271 11537
1.043 2.257 11551
1.043 2.268 11565
1.043 2.268 11579
1.044 2.271 11593
1.043 2.280 11607
1.044 2.280 11621
1.044 2.280 11635
1.044 2.295 11649
1.044 2.292 11663
1.044 2.292 11677
1.042 2.292 11691
1.043 2.303 11705
1.043 2.303 11719
1.044 2.300 11733
1.043 2.303 11747
1.042 2.303 11761
1.042 2.303 11775
1.044 2.315 11789
1.044 2.318 11803
1.044 2.318 11817
1.042 2.321 11831
1.044 2.324 11845
1.044 2.324 11859
1.044 2.338 11873
1.043 2.338 11887
1.044 2.341 11901
1.044 2.341 11915
1.042 2.338 11929
1.043 2.350 11943
1.043 2.350 11957
1.044 2.350 11971
1.044 2.365 11985
1.044 2.365 11999
1.044 2.362 12013
1.044 2.365 12027
1.044 2.373 12041
1.044 2.373 12055
1.043 2.373 12069
1.044 2.376 12083
1.044 2.376 12097
1.042 2.385 12111
1.042 2.385 12125
1.042 2.385 12139
1.044 2.397 12153
1.042 2.397 12167
1.043 2.397 12181
1.043 2.397 12195
1.043 2.397 12209
1.044 2.411 12223
1.044 2.411 12237
1.043 2.408 12251
1.044 2.420 12265
1.044 2.420 12279
1.044 2.417 12293
1.043 2.420 12307
1.044 2.420 12321
1.044 2.420 12335
1.043 2.432 12349
1.043 2.438 12363
1.043 2.438 12377
1.043 2.443 12391
1.044 2.440 12405
1.044 2.440 12419
1.042 2.446 12433
1.042 2.443 12447
1.044 2.455 12461
1.044 2.455 12475
1.043 2.461 12489
1.044 2.458 12503
1.044 2.458 12517
1.044 2.478 12531
1.044 2.481 12545
1.044 2.481 12559
1.042 2.478 12573
1.042 2.481 12587
1.042 2.490 12601
1.042 2.490 12615
1.044 2.481 12629
1.044 2.505 12643
1.044 2.505 12657
1.043 2.490 12671
1.044 2.502 12685
1.044 2.502 12699
1.044 2.505 12713
1.043 2.502 12727
1.042 2.505 12741
1.042 2.505 12755
1.042 2.513 12769
1.042 2.525 12783
1.042 2.525 12797
1.042 2.513 12811
1.042 2.525 12825
1.042 2.525 12839
1.042 2.537 12853
1.042 2.537 12867
1.042 2.537 12881
1.042 2.537 12895
1.044 2.551 12909
1.044 2.548 12923
1.044 2.548 12937
1.044 2.560 12951
1.042 2.560 12965
1.042 2.560 12979
1.044 2.572 12993
1.042 2.572 13007
1.044 2.575 13021
1.044 2.575 13035
1.044 2.572 13049
1.043 2.583 13063
1.043 2.583 13077
1.042 2.583 13091
1.042 2.583 13105
1.042 2.583 13119
1.042 2.598 13133
1.043 2.595 13147
1.042 2.595 13161
1.042 2.595 13175
1.042 2.607 13189
1.042 2.607 13203
1.042 2.607 13217
1.042 2.613 13231
1.044 2.621 13245
1.044 2.621 13259
1.043 2.618 13273
1.042 2.618 13287
1.044 2.627 13301
1.044 2.627 13315
1.042 2.630 13329
1.044 2.645 13343
1.044 2.645 13357
1.042 2.630 13371
1.043 2.642 13385
1.043 2.642 13399
1.042 2.648 13413
1.042 2.653 13427
1.043 2.653 13441
1.043 2.653 13455
1.042 2.653 13469
1.044 2.668 13483
1.044 2.668 13497
1.044 2.665 13511
1.042 2.677 13525
1.042 2.677 13539
1.042 2.677 13553
1.043 2.677 13567
1.043 2.677 13581
1.043 2.677 13595
1.044 2.691 13609
1.042 2.691 13623
1.042 2.691 13637
1.042 2.697 13651
1.042 2.700 13665
1.042 2.700 13679
1.042 2.697 13693
1.042 2.712 13707
1.042 2.712 13721
1.042 2.712 13735
1.042 2.712 13749
1.042 2.720 13763
1.042 2.720 13777
1.043 2.723 13791
1.043 2.723 13805
1.043 2.723 13819
1.044 2.738 13833
1.043 2.735 13847
1.042 2.747 13861
1.042 2.747 13875
1.042 2.747 13889
1.042 2.747 13903
1.042 2.747 13917
1.043 2.758 13931
1.042 2.758 13945
1.042 2.758 13959
1.042 2.758 13973
1.042 2.770 13987
1.044 2.767 14001
1.044 2.767 14015
1.042 2.770 14029
1.042 2.770 14043
1.042 2.770 14057
1.042 2.782 14071
1.042 2.782 14085
1.042 2.782 14099
1.042 2.785 14113
1.044 2.793 14127
1.043 2.805 14141
1.043 2.805 14155
1.042 2.805 14169
1.042 2.805 14183
1.042 2.805 14197
1.044 2.814 14211
1.044 2.814 14225
1.044 2.814 14239
1.042 2.831 14253
1.042 2.817 14267
1.044 2.831 14281
1.044 2.831 14295
1.042 2.828 14309
1.042 2.840 14323
1.042 2.840 14337
1.042 2.840 14351
1.044 2.855 14365
1.044 2.855 14379
1.043 2.852 14393
1.042 2.852 14407
1.042 2.863 14421
1.042 2.863 14435
1.044 2.860 14449
1.044 2.878 14463
1.044 2.878 14477
1.042 2.863 14491
1.044 2.878 14505
1.044 2.878 14519
1.042 2.875 14533
1.042 2.875 14547
1.043 2.887 14561
1.043 2.887 14575
1.043 2.887 14589
1.042 2.898 14603
1.042 2.898 14617
1.044 2.901 14631
1.042 2.910 14645
1.042 2.910 14659
1.043 2.910 14673
1.043 2.910 14687
1.042 2.910 14701
1.042 2.910 14715
1.044 2.925 14729
1.043 2.922 14743
1.043 2.922 14757
1.044 2.933 14771
1.044 2.936 14785
1.044 2.936 14799
1.043 2.933 14813
1.043 2.945 14827
1.044 2.948 14841
1.044 2.948 14855
1.042 2.945 14869
1.043 2.957 14883
1.043 2.957 14897
1.042 2.957 14911
1.043 2.957 14925
1.043 2.957 14939
1.043 2.957 14953
1.042 2.968 14967
1.044 2.971 14981
1.044 2.971 14995
1.042 2.980 15009
1.044 2.983 15023
1.044 2.983 15037
1.042 2.992 15051
1.042 2.995 15065
1.042 2.995 15079
1.042 3.003 15093
1.043 3.003 15107
1.042 3.003 15121
1.042 3.003 15135
1.042 3.003 15149
1.044 3.018 15163
1.044 3.018 15177
1.042 3.009 15191
1.042 3.021 15205
1.042 3.021 15219
1.042 3.018 15233
1.042 3.027 15247
1.042 3.038 15261
1.042 3.038 15275
1.042 3.038 15289
1.044 3.041 15303
1.044 3.041 15317
1.042 3.038 15331
1.043 3.050 15345
1.043 3.050 15359
1.042 3.065 15373
1.042 3.050 15387
1.043 3.062 15401
1.043 3.062 15415
1.042 3.065 15429
1.043 3.073 15443
1.043 3.073 15457
1.042 3.073 15471
1.043 3.085 15485
1.043 3.085 15499
1.042 3.088 15513
1.042 3.085 15527
1.043 3.085 15541
1.043 3.085 15555
1.044 3.088 15569
1.044 3.094 15583
1.044 3.094 15597
1.042 3.097 15611
1.042 3.097 15625
1.042 3.097 15639
1.045 3.103 15653
1.044 3.120 15667
1.042 3.120 15681
1.042 3.120 15695
1.042 3.120 15709
1.042 3.135 15723
1.042 3.135 15737
1.040 3.120 15751
1.042 3.138 15765
1.042 3.138 15779
1.042 3.135 15793
1.044 3.140 15807
1.043 3.143 15821
1.043 3.143 15835
1.042 3.158 15849
1.044 3.155 15863
1.044 3.155 15877
1.042 3.155 15891
1.042 3.167 15905
1.042 3.167 15919
1.042 3.167 15933
1.042 3.167 15947
1.042 3.178 15961
1.042 3.178 15975
1.044 3.181 15989
1.042 3.190 16003
1.042 3.190 16017
1.044 3.190 16031
1.043 3.190 16045
1.043 3.190 16059
1.043 3.190 16073
1.042 3.202 16087
1.043 3.202 16101
1.043 3.202 16115
1.044 3.205 16129
1.044 3.205 16143
1.044 3.205 16157
1.042 3.213 16171
1.043 3.225 16185
1.043 3.225 16199
1.043 3.225 16213
1.044 3.228 16227
1.042 3.237 16241
1.042 3.237 16255
1.042 3.237 16269
1.042 3.237 16283
1.042 3.237 16297
1.042 3.251 16311
1.042 3.248 16325
1.042 3.248 16339
1.044 3.251 16353
1.042 3.248 16367
1.044 3.257 16381
1.044 3.257 16395
1.043 3.272 16409
1.044 3.275 16423
1.044 3.275 16437
1.042 3.272 16451
1.042 3.283 16465
1.042 3.283 16479
1.044 3.280 16493
1.042 3.298 16507
1.042 3.283 16521
1.042 3.283 16535
1.042 3.283 16549
1.044 3.295 16563
1.044 3.295 16577
1.042 3.307 16591
1.044 3.298 16605
1.044 3.298 16619
1.042 3.321 16633
1.042 3.307 16647
1.043 3.318 16661
1.043 3.318 16675
1.043 3.318 16689
1.043 3.330 16703
1.043 3.330 16717
1.042 3.330 16731
1.042 3.330 16745
1.042 3.330 16759
1.042 3.330 16773
1.044 3.345 16787
1.042 3.353 16801
1.042 3.353 16815
1.042 3.353 16829
1.043 3.353 16843
1.043 3.353 16857
1.042 3.353 16871
1.043 3.365 16885
1.043 3.365 16899
1.043 3.365 16913
1.043 3.377 16927
1.042 3.374 16941
1.042 3.374 16955
1.044 3.391 16969
1.043 3.377 16983
1.043 3.377 16997
1.042 3.377 17011
1.044 3.391 17025
1.044 3.391 17039
1.043 3.400 17053
1.044 3.415 17067
1.043 3.412 17081
1.043 3.412 17095
1.042 3.412 17109
1.044 3.415 17123
1.044 3.415 17137
1.044 3.423 17151
1.043 3.423 17165
1.043 3.423 17179
1.042 3.423 17193
1.043 3.423 17207
1.042 3.435 17221
1.042 3.435 17235
1.042 3.435 17249
1.042 3.447 17263
1.042 3.447 17277
1.044 3.444 17291
1.044 3.447 17305
1.044 3.447 17319
1.042 3.458 17333
1.042 3.461 17347
1.042 3.458 17361
1.042 3.458 17375
1.042 3.470 17389
1.044 3.467 17403
1.044 3.467 17417
1.042 3.470 17431
1.043 3.470 17445
1.043 3.470 17459
1.044 3.485 17473
1.043 3.493 17487
1.044 3.496 17501
1.044 3.496 17515
1.042 3.508 17529
1.042 3.505 17543
1.042 3.505 17557
1.042 3.505 17571
1.042 3.505 17585
1.042 3.505 17599
1.042 3.517 17613
1.042 3.517 17627
1.043 3.517 17641
1.043 3.517 17655
1.042 3.517 17669
1.043 3.528 17683
1.043 3.528 17697
1.043 3.540 17711
1.042 3.531 17725
1.042 3.531 17739
1.044 3.537 17753
1.042 3.540 17767
1.043 3.552 17781
1.043 3.552 17795
1.042 3.555 17809
1.043 3.563 17823
1.043 3.563 17837
1.042 3.563 17851
1.042 3.563 17865
1.042 3.563 17879
1.044 3.563 17893
1.044 3.587 17907
1.042 3.587 17921
1.042 3.587 17935
1.042 3.578 17949
1.044 3.578 17963
1.044 3.578 17977
1.043 3.598 17991
1.042 3.598 18005
1.042 3.598 18019
1.042 3.598 18033
1.043 3.610 18047
1.043 3.610 18061
1.043 3.610 18075
1.042 3.610 18089
1.043 3.610 18103
1.043 3.610 18117
1.042 3.610 18131
1.042 3.622 18145
1.042 3.622 18159
1.042 3.633 18173
1.043 3.633 18187
1.042 3.642 18201
1.042 3.642 18215
1.044 3.645 18229
1.044 3.648 18243
1.044 3.648 18257
1.040 3.645 18271
1.043 3.657 18285
1.043 3.657 18299
1.042 3.657 18313
1.043 3.657 18327
1.042 3.657 18341
1.042 3.657 18355
1.044 3.671 18369
1.044 3.671 18383
1.044 3.671 18397
1.042 3.680 18411
1.042 3.680 18425
1.042 3.680 18439
1.042 3.680 18453
1.044 3.695 18467
1.042 3.692 18481
1.042 3.692 18495
1.043 3.703 18509
1.042 3.695 18523
1.042 3.695 18537
1.042 3.703 18551
1.042 3.703 18565
1.042 3.703 18579
1.042 3.718 18593
1.042 3.715 18607
1.043 3.727 18621
1.043 3.727 18635
1.044 3.738 18649
1.044 3.741 18663
1.044 3.741 18677
1.042 3.738 18691
1.042 3.738 18705
1.042 3.738 18719
1.042 3.738 18733
1.043 3.750 18747
1.044 3.747 18761
1.044 3.747 18775
1.042 3.747 18789
1.044 3.765 18803
1.044 3.765 18817
1.043 3.762 18831
1.043 3.773 18845
1.043 3.773 18859
1.042 3.776 18873
1.042 3.776 18887
1.042 3.785 18901
1.042 3.785 18915
1.042 3.785 18929
1.042 3.788 18943
1.042 3.788 18957
1.042 3.785 18971
1.042 3.797 18985
1.042 3.797 18999
1.042 3.797 19013
1.042 3.797 19027
1.042 3.808 19041
1.042 3.808 19055
1.042 3.820 19069
1.044 3.811 19083
1.044 3.811 19097
1.042 3.820 19111
1.042 3.832 19125
1.042 3.832 19139
1.042 3.832 19153
1.042 3.832 19167
1.042 3.832 19181
1.042 3.832 19195
1.042 3.832 19209
1.042 3.843 19223
1.042 3.843 19237
1.042 3.843 19251
1.042 3.843 19265
1.042 3.843 19279
1.042 3.858 19293
1.042 3.867 19307
1.043 3.867 19321
1.043 3.867 19335
1.042 3.867 19349
1.042 3.878 19363
1.042 3.878 19377
1.043 3.878 19391
1.042 3.881 19405
1.042 3.881 19419
1.044 3.881 19433
1.042 3.890 19447
1.043 3.890 19461
1.043 3.890 19475
1.042 3.890 19489
1.043 3.902 19503
1.043 3.902 19517
1.043 3.913 19531
1.042 3.913 19545
1.042 3.913 19559
1.043 3.913 19573
1.042 3.925 19587
1.042 3.925 19601
1.042 3.925 19615
1.042 3.925 19629
1.043 3.937 19643
1.043 3.937 19657
1.043 3.937 19671
1.042 3.937 19685
1.042 3.937 19699
1.042 3.937 19713
1.042 3.937 19727
1.042 3.948 19741
1.042 3.948 19755
1.042 3.951 19769
1.042 3.960 19783
1.042 3.960 19797
1.042 3.960 19811
1.043 3.972 19825
1.043 3.972 19839
1.042 3.975 19853
1.042 3.972 19867
1.042 3.983 19881
1.042 3.983 19895
1.042 3.983 19909
1.042 3.983 19923
1.042 3.983 19937
1.042 3.983 19951
1.042 3.998 19965
1.042 3.998 19979
1.042 4.007 19993
1.042 4.007 20007
1.042 4.007 20021
1.042 4.007 20035
1.042 4.018 20049
1.042 4.021 20063
1.042 4.021 20077
1.042 4.018 20091
1.042 4.030 20105
1.042 4.030 20119
1.042 4.030 20133
1.043 4.030 20147
1.042 4.045 20161
1.042 4.045 20175
1.044 4.045 20189
1.042 4.053 20203
1.042 4.053 20217
1.042 4.053 20231
1.043 4.053 20245
1.043 4.053 20259
1.043 4.065 20273
1.042 4.065 20287
1.042 4.065 20301
